track,track,year,month,day
AQU,AQU,1998,10,28
AQU,AQU,1998,10,29
AQU,AQU,1998,10,30
AQU,AQU,1998,10,31
AQU,AQU,1998,11,1
AQU,AQU,1998,11,3
AQU,AQU,1998,11,5
AQU,AQU,1998,11,6
AQU,AQU,1998,11,7
AQU,AQU,1998,11,8
AQU,AQU,1998,11,11
AQU,AQU,1998,11,12
AQU,AQU,1998,11,13
AQU,AQU,1998,11,14
AQU,AQU,1998,11,15
AQU,AQU,1998,11,18
AQU,AQU,1998,11,19
AQU,AQU,1998,11,20
AQU,AQU,1998,11,21
AQU,AQU,1998,11,22
AQU,AQU,1998,11,25
AQU,AQU,1998,11,26
AQU,AQU,1998,11,27
AQU,AQU,1998,11,28
AQU,AQU,1998,11,29
AQU,AQU,1998,12,2
AQU,AQU,1998,12,3
AQU,AQU,1998,12,4
AQU,AQU,1998,12,5
AQU,AQU,1998,12,6
AQU,AQU,1998,12,9
AQU,AQU,1998,12,10
AQU,AQU,1998,12,11
AQU,AQU,1998,12,12
AQU,AQU,1998,12,13
AQU,AQU,1998,12,16
AQU,AQU,1998,12,17
AQU,AQU,1998,12,18
AQU,AQU,1998,12,19
AQU,AQU,1998,12,20
AQU,AQU,1998,12,26
AQU,AQU,1998,12,27
AQU,AQU,1998,12,30
AQU,AQU,1999,4,14
AQU,AQU,1999,4,16
AQU,AQU,1999,4,17
AQU,AQU,1999,4,18
AQU,AQU,1999,4,21
AQU,AQU,1999,4,22
AQU,AQU,1999,4,23
AQU,AQU,1999,4,24
AQU,AQU,1999,4,25
AQU,AQU,1999,4,28
AQU,AQU,1999,4,29
AQU,AQU,1999,4,30
AQU,AQU,1999,5,1
AQU,AQU,1999,5,2
AQU,AQU,1999,5,5
AQU,AQU,1999,5,6
AQU,AQU,1999,5,7
AQU,AQU,1999,5,8
AQU,AQU,1999,5,9
AQU,AQU,1999,10,27
AQU,AQU,1999,10,28
AQU,AQU,1999,10,29
AQU,AQU,1999,10,30
AQU,AQU,1999,10,31
AQU,AQU,1999,11,2
AQU,AQU,1999,11,4
AQU,AQU,1999,11,5
AQU,AQU,1999,11,6
AQU,AQU,1999,11,7
AQU,AQU,1999,11,10
AQU,AQU,1999,11,11
AQU,AQU,1999,11,12
AQU,AQU,1999,11,13
AQU,AQU,1999,11,14
AQU,AQU,1999,11,18
AQU,AQU,1999,11,19
AQU,AQU,1999,11,24
AQU,AQU,1999,11,25
AQU,AQU,1999,11,26
AQU,AQU,1999,11,27
AQU,AQU,1999,11,28
AQU,AQU,1999,12,1
AQU,AQU,1999,12,3
AQU,AQU,1999,12,4
AQU,AQU,1999,12,5
AQU,AQU,1999,12,8
AQU,AQU,1999,12,9
AQU,AQU,1999,12,10
AQU,AQU,1999,12,12
AQU,AQU,1999,12,15
AQU,AQU,1999,12,16
AQU,AQU,1999,12,19
AQU,AQU,1999,12,20
AQU,AQU,1999,12,26
AQU,AQU,1999,12,27
AQU,AQU,1999,12,30
AQU,AQU,2000,4,12
AQU,AQU,2000,4,13
AQU,AQU,2000,4,14
AQU,AQU,2000,4,15
AQU,AQU,2000,4,17
AQU,AQU,2000,4,19
AQU,AQU,2000,4,20
AQU,AQU,2000,4,21
AQU,AQU,2000,4,22
AQU,AQU,2000,4,26
AQU,AQU,2000,4,28
AQU,AQU,2000,4,29
AQU,AQU,2000,4,30
AQU,AQU,2000,5,3
AQU,AQU,2000,5,4
AQU,AQU,2000,5,5
AQU,AQU,2000,5,6
AQU,AQU,2000,5,7
AQU,AQU,2000,10,25
AQU,AQU,2000,10,26
AQU,AQU,2000,10,27
AQU,AQU,2000,10,28
AQU,AQU,2000,10,29
AQU,AQU,2000,11,1
AQU,AQU,2000,11,2
AQU,AQU,2000,11,3
AQU,AQU,2000,11,4
AQU,AQU,2000,11,5
AQU,AQU,2000,11,7
AQU,AQU,2000,11,9
AQU,AQU,2000,11,10
AQU,AQU,2000,11,11
AQU,AQU,2000,11,12
AQU,AQU,2000,11,17
AQU,AQU,2000,11,18
AQU,AQU,2000,11,19
AQU,AQU,2000,11,22
AQU,AQU,2000,11,23
AQU,AQU,2000,11,24
AQU,AQU,2000,11,25
AQU,AQU,2000,11,26
AQU,AQU,2000,11,29
AQU,AQU,2000,11,30
AQU,AQU,2000,12,1
AQU,AQU,2000,12,2
AQU,AQU,2000,12,3
AQU,AQU,2000,12,6
AQU,AQU,2000,12,7
AQU,AQU,2000,12,8
AQU,AQU,2000,12,9
AQU,AQU,2000,12,10
AQU,AQU,2000,12,13
AQU,AQU,2000,12,14
AQU,AQU,2000,12,15
AQU,AQU,2000,12,16
AQU,AQU,2000,12,21
AQU,AQU,2000,12,22
AQU,AQU,2000,12,23
AQU,AQU,2000,12,27
AQU,AQU,2000,12,28
AQU,AQU,2000,12,29
AQU,AQU,2001,1,1
AQU,AQU,2001,1,3
AQU,AQU,2001,1,4
AQU,AQU,2001,1,5
AQU,AQU,2001,1,6
AQU,AQU,2001,1,7
AQU,AQU,2001,1,10
AQU,AQU,2001,1,11
AQU,AQU,2001,1,12
AQU,AQU,2001,1,13
AQU,AQU,2001,1,14
AQU,AQU,2001,1,15
AQU,AQU,2001,1,17
AQU,AQU,2001,1,18
AQU,AQU,2001,1,19
AQU,AQU,2001,1,20
AQU,AQU,2001,1,24
AQU,AQU,2001,1,25
AQU,AQU,2001,1,26
AQU,AQU,2001,1,31
AQU,AQU,2001,2,1
AQU,AQU,2001,2,2
AQU,AQU,2001,2,3
AQU,AQU,2001,2,4
AQU,AQU,2001,2,8
AQU,AQU,2001,2,9
AQU,AQU,2001,2,10
AQU,AQU,2001,2,11
AQU,AQU,2001,2,21
AQU,AQU,2001,2,22
AQU,AQU,2001,2,23
AQU,AQU,2001,2,24
AQU,AQU,2001,2,25
AQU,AQU,2001,2,28
AQU,AQU,2001,3,1
AQU,AQU,2001,3,2
AQU,AQU,2001,3,3
AQU,AQU,2001,3,4
AQU,AQU,2001,3,7
AQU,AQU,2001,3,8
AQU,AQU,2001,3,9
AQU,AQU,2001,3,10
AQU,AQU,2001,3,11
AQU,AQU,2001,3,14
AQU,AQU,2001,3,15
AQU,AQU,2001,3,16
AQU,AQU,2001,3,17
AQU,AQU,2001,3,18
AQU,AQU,2001,3,21
AQU,AQU,2001,3,22
AQU,AQU,2001,3,23
AQU,AQU,2001,3,25
AQU,AQU,2001,3,29
AQU,AQU,2001,4,4
AQU,AQU,2001,4,5
AQU,AQU,2001,4,6
AQU,AQU,2001,4,7
AQU,AQU,2001,4,11
AQU,AQU,2001,4,12
AQU,AQU,2001,4,13
AQU,AQU,2001,4,14
AQU,AQU,2001,4,18
AQU,AQU,2001,4,19
AQU,AQU,2001,4,20
AQU,AQU,2001,4,21
AQU,AQU,2001,4,22
AQU,AQU,2001,4,26
AQU,AQU,2001,4,29
AQU,AQU,2001,5,2
AQU,AQU,2001,5,3
AQU,AQU,2001,5,4
AQU,AQU,2001,5,5
AQU,AQU,2001,5,6
AQU,AQU,2001,11,1
AQU,AQU,2001,11,3
AQU,AQU,2001,11,4
AQU,AQU,2001,11,6
AQU,AQU,2001,11,8
AQU,AQU,2001,11,9
AQU,AQU,2001,11,10
AQU,AQU,2001,11,11
AQU,AQU,2001,11,12
AQU,AQU,2001,11,16
AQU,AQU,2001,11,18
AQU,AQU,2001,11,21
AQU,AQU,2001,11,22
AQU,AQU,2001,11,24
AQU,AQU,2001,11,25
AQU,AQU,2001,11,28
AQU,AQU,2001,11,29
AQU,AQU,2001,11,30
AQU,AQU,2001,12,1
AQU,AQU,2001,12,2
AQU,AQU,2001,12,5
AQU,AQU,2001,12,6
AQU,AQU,2001,12,7
AQU,AQU,2001,12,9
AQU,AQU,2001,12,12
AQU,AQU,2001,12,14
AQU,AQU,2001,12,15
AQU,AQU,2001,12,16
AQU,AQU,2001,12,19
AQU,AQU,2001,12,20
AQU,AQU,2001,12,21
AQU,AQU,2001,12,22
AQU,AQU,2001,12,26
AQU,AQU,2001,12,27
AQU,AQU,2001,12,29
AQU,AQU,2001,12,30
AQU,AQU,2002,1,1
AQU,AQU,2002,1,3
AQU,AQU,2002,1,5
AQU,AQU,2002,1,6
AQU,AQU,2002,1,9
AQU,AQU,2002,1,10
AQU,AQU,2002,1,12
AQU,AQU,2002,1,13
AQU,AQU,2002,1,16
AQU,AQU,2002,1,17
AQU,AQU,2002,1,18
AQU,AQU,2002,1,19
AQU,AQU,2002,1,20
AQU,AQU,2002,1,21
AQU,AQU,2002,1,24
AQU,AQU,2002,1,26
AQU,AQU,2002,1,27
AQU,AQU,2002,1,30
AQU,AQU,2002,1,31
AQU,AQU,2002,2,1
AQU,AQU,2002,2,2
AQU,AQU,2002,2,3
AQU,AQU,2002,2,6
AQU,AQU,2002,2,7
AQU,AQU,2002,2,8
AQU,AQU,2002,2,9
AQU,AQU,2002,2,10
AQU,AQU,2002,2,14
AQU,AQU,2002,2,15
AQU,AQU,2002,2,16
AQU,AQU,2002,2,17
AQU,AQU,2002,2,18
AQU,AQU,2002,2,21
AQU,AQU,2002,2,22
AQU,AQU,2002,2,23
AQU,AQU,2002,2,24
AQU,AQU,2002,2,27
AQU,AQU,2002,2,28
AQU,AQU,2002,3,1
AQU,AQU,2002,3,2
AQU,AQU,2002,3,3
AQU,AQU,2002,3,6
AQU,AQU,2002,3,7
AQU,AQU,2002,3,8
AQU,AQU,2002,3,9
AQU,AQU,2002,3,10
AQU,AQU,2002,3,13
AQU,AQU,2002,3,14
AQU,AQU,2002,3,15
AQU,AQU,2002,3,16
AQU,AQU,2002,3,17
AQU,AQU,2002,3,20
AQU,AQU,2002,3,21
AQU,AQU,2002,3,22
AQU,AQU,2002,3,23
AQU,AQU,2002,3,27
AQU,AQU,2002,3,28
AQU,AQU,2002,3,29
AQU,AQU,2002,3,30
AQU,AQU,2002,4,4
AQU,AQU,2002,4,5
AQU,AQU,2002,4,7
AQU,AQU,2002,4,10
AQU,AQU,2002,4,11
AQU,AQU,2002,4,12
AQU,AQU,2002,4,13
AQU,AQU,2002,4,14
AQU,AQU,2002,4,17
AQU,AQU,2002,4,18
AQU,AQU,2002,4,19
AQU,AQU,2002,4,21
AQU,AQU,2002,4,24
AQU,AQU,2002,4,25
AQU,AQU,2002,4,26
AQU,AQU,2002,4,28
AQU,AQU,2002,5,2
AQU,AQU,2002,10,23
AQU,AQU,2002,10,24
AQU,AQU,2002,10,25
AQU,AQU,2002,10,26
AQU,AQU,2002,10,27
AQU,AQU,2002,10,30
AQU,AQU,2002,10,31
AQU,AQU,2002,11,1
AQU,AQU,2002,11,2
AQU,AQU,2002,11,3
AQU,AQU,2002,11,5
AQU,AQU,2002,11,7
AQU,AQU,2002,11,8
AQU,AQU,2002,11,9
AQU,AQU,2002,11,10
AQU,AQU,2002,11,11
AQU,AQU,2002,11,14
AQU,AQU,2002,11,15
AQU,AQU,2002,11,16
AQU,AQU,2002,11,17
AQU,AQU,2002,11,20
AQU,AQU,2002,11,21
AQU,AQU,2002,11,22
AQU,AQU,2002,11,23
AQU,AQU,2002,11,24
AQU,AQU,2002,11,27
AQU,AQU,2002,11,28
AQU,AQU,2002,11,29
AQU,AQU,2002,11,30
AQU,AQU,2002,12,1
AQU,AQU,2002,12,4
AQU,AQU,2002,12,6
AQU,AQU,2002,12,7
AQU,AQU,2002,12,8
AQU,AQU,2002,12,11
AQU,AQU,2002,12,12
AQU,AQU,2002,12,13
AQU,AQU,2002,12,14
AQU,AQU,2002,12,15
AQU,AQU,2002,12,18
AQU,AQU,2002,12,19
AQU,AQU,2002,12,20
AQU,AQU,2002,12,21
AQU,AQU,2002,12,26
AQU,AQU,2002,12,27
AQU,AQU,2002,12,28
AQU,AQU,2002,12,29
AQU,AQU,2003,1,1
AQU,AQU,2003,1,2
AQU,AQU,2003,1,3
AQU,AQU,2003,1,4
AQU,AQU,2003,1,5
AQU,AQU,2003,1,8
AQU,AQU,2003,1,9
AQU,AQU,2003,1,10
AQU,AQU,2003,1,11
AQU,AQU,2003,1,12
AQU,AQU,2003,1,15
AQU,AQU,2003,1,16
AQU,AQU,2003,1,17
AQU,AQU,2003,1,18
AQU,AQU,2003,1,19
AQU,AQU,2003,1,20
AQU,AQU,2003,1,23
AQU,AQU,2003,1,24
AQU,AQU,2003,1,25
AQU,AQU,2003,1,26
AQU,AQU,2003,1,29
AQU,AQU,2003,1,30
AQU,AQU,2003,1,31
AQU,AQU,2003,2,1
AQU,AQU,2003,2,2
AQU,AQU,2003,2,5
AQU,AQU,2003,2,6
AQU,AQU,2003,2,8
AQU,AQU,2003,2,9
AQU,AQU,2003,2,12
AQU,AQU,2003,2,13
AQU,AQU,2003,2,14
AQU,AQU,2003,2,15
AQU,AQU,2003,2,16
AQU,AQU,2003,2,19
AQU,AQU,2003,2,20
AQU,AQU,2003,2,21
AQU,AQU,2003,2,22
AQU,AQU,2003,2,23
AQU,AQU,2003,2,26
AQU,AQU,2003,2,27
AQU,AQU,2003,3,5
AQU,AQU,2003,3,7
AQU,AQU,2003,3,9
AQU,AQU,2003,3,12
AQU,AQU,2003,3,13
AQU,AQU,2003,3,14
AQU,AQU,2003,3,15
AQU,AQU,2003,3,16
AQU,AQU,2003,3,19
AQU,AQU,2003,3,20
AQU,AQU,2003,3,21
AQU,AQU,2003,3,22
AQU,AQU,2003,3,23
AQU,AQU,2003,3,26
AQU,AQU,2003,3,27
AQU,AQU,2003,3,28
AQU,AQU,2003,3,29
AQU,AQU,2003,3,30
AQU,AQU,2003,4,2
AQU,AQU,2003,4,3
AQU,AQU,2003,4,4
AQU,AQU,2003,4,5
AQU,AQU,2003,4,6
AQU,AQU,2003,4,9
AQU,AQU,2003,4,10
AQU,AQU,2003,4,11
AQU,AQU,2003,4,12
AQU,AQU,2003,4,16
AQU,AQU,2003,4,17
AQU,AQU,2003,4,18
AQU,AQU,2003,4,19
AQU,AQU,2003,4,23
AQU,AQU,2003,4,24
AQU,AQU,2003,4,25
AQU,AQU,2003,4,26
AQU,AQU,2003,4,27
AQU,AQU,2003,4,30
AQU,AQU,2003,5,1
AQU,AQU,2003,5,2
AQU,AQU,2003,5,3
AQU,AQU,2003,5,4
AQU,AQU,2003,10,29
AQU,AQU,2003,10,30
AQU,AQU,2003,10,31
AQU,AQU,2003,11,1
AQU,AQU,2003,11,2
AQU,AQU,2003,11,4
AQU,AQU,2003,11,6
AQU,AQU,2003,11,7
AQU,AQU,2003,11,8
AQU,AQU,2003,11,9
AQU,AQU,2003,11,11
AQU,AQU,2003,11,14
AQU,AQU,2003,11,15
AQU,AQU,2003,11,16
AQU,AQU,2003,11,19
AQU,AQU,2003,11,20
AQU,AQU,2003,11,21
AQU,AQU,2003,11,22
AQU,AQU,2003,11,23
AQU,AQU,2003,11,26
AQU,AQU,2003,11,27
AQU,AQU,2003,11,28
AQU,AQU,2003,11,29
AQU,AQU,2003,11,30
AQU,AQU,2003,12,3
AQU,AQU,2003,12,4
AQU,AQU,2003,12,5
AQU,AQU,2003,12,10
AQU,AQU,2003,12,11
AQU,AQU,2003,12,12
AQU,AQU,2003,12,13
AQU,AQU,2003,12,17
AQU,AQU,2003,12,18
AQU,AQU,2003,12,19
AQU,AQU,2003,12,20
AQU,AQU,2003,12,21
AQU,AQU,2003,12,26
AQU,AQU,2003,12,27
AQU,AQU,2003,12,28
AQU,AQU,2003,12,31
AQU,AQU,2004,1,1
AQU,AQU,2004,1,2
AQU,AQU,2004,1,3
AQU,AQU,2004,1,4
AQU,AQU,2004,1,7
AQU,AQU,2004,1,8
AQU,AQU,2004,1,9
AQU,AQU,2004,1,11
AQU,AQU,2004,1,14
AQU,AQU,2004,1,18
AQU,AQU,2004,1,19
AQU,AQU,2004,1,21
AQU,AQU,2004,1,22
AQU,AQU,2004,1,23
AQU,AQU,2004,1,24
AQU,AQU,2004,1,25
AQU,AQU,2004,1,29
AQU,AQU,2004,1,30
AQU,AQU,2004,1,31
AQU,AQU,2004,2,1
AQU,AQU,2004,2,4
AQU,AQU,2004,2,5
AQU,AQU,2004,2,7
AQU,AQU,2004,2,8
AQU,AQU,2004,2,11
AQU,AQU,2004,2,12
AQU,AQU,2004,2,13
AQU,AQU,2004,2,14
AQU,AQU,2004,2,15
AQU,AQU,2004,2,16
AQU,AQU,2004,2,19
AQU,AQU,2004,2,20
AQU,AQU,2004,2,21
AQU,AQU,2004,2,22
AQU,AQU,2004,2,25
AQU,AQU,2004,2,26
AQU,AQU,2004,2,27
AQU,AQU,2004,2,28
AQU,AQU,2004,2,29
AQU,AQU,2004,3,3
AQU,AQU,2004,3,4
AQU,AQU,2004,3,5
AQU,AQU,2004,3,6
AQU,AQU,2004,3,7
AQU,AQU,2004,3,10
AQU,AQU,2004,3,11
AQU,AQU,2004,3,12
AQU,AQU,2004,3,13
AQU,AQU,2004,3,14
AQU,AQU,2004,3,17
AQU,AQU,2004,3,18
AQU,AQU,2004,3,20
AQU,AQU,2004,3,21
AQU,AQU,2004,3,22
AQU,AQU,2004,3,24
AQU,AQU,2004,3,25
AQU,AQU,2004,3,26
AQU,AQU,2004,3,27
AQU,AQU,2004,3,28
AQU,AQU,2004,3,31
AQU,AQU,2004,4,1
AQU,AQU,2004,4,2
AQU,AQU,2004,4,3
AQU,AQU,2004,4,7
AQU,AQU,2004,4,8
AQU,AQU,2004,4,9
AQU,AQU,2004,4,10
AQU,AQU,2004,4,14
AQU,AQU,2004,4,15
AQU,AQU,2004,4,16
AQU,AQU,2004,4,17
AQU,AQU,2004,4,18
AQU,AQU,2004,4,21
AQU,AQU,2004,4,22
AQU,AQU,2004,4,23
AQU,AQU,2004,4,24
AQU,AQU,2004,4,25
AQU,AQU,2004,4,28
AQU,AQU,2004,4,29
AQU,AQU,2004,4,30
AQU,AQU,2004,5,1
AQU,AQU,2004,5,2
AQU,AQU,2004,10,27
AQU,AQU,2004,10,28
AQU,AQU,2004,10,29
AQU,AQU,2004,10,30
AQU,AQU,2004,10,31
AQU,AQU,2004,11,2
AQU,AQU,2004,11,4
AQU,AQU,2004,11,5
AQU,AQU,2004,11,6
AQU,AQU,2004,11,7
AQU,AQU,2004,11,10
AQU,AQU,2004,11,11
AQU,AQU,2004,11,12
AQU,AQU,2004,11,13
AQU,AQU,2004,11,14
AQU,AQU,2004,11,17
AQU,AQU,2004,11,18
AQU,AQU,2004,11,19
AQU,AQU,2004,11,20
AQU,AQU,2004,11,21
AQU,AQU,2004,11,24
AQU,AQU,2004,11,25
AQU,AQU,2004,11,26
AQU,AQU,2004,11,27
AQU,AQU,2004,11,28
AQU,AQU,2004,12,2
AQU,AQU,2004,12,3
AQU,AQU,2004,12,4
AQU,AQU,2004,12,5
AQU,AQU,2004,12,8
AQU,AQU,2004,12,9
AQU,AQU,2004,12,10
AQU,AQU,2004,12,11
AQU,AQU,2004,12,12
AQU,AQU,2004,12,15
AQU,AQU,2004,12,16
AQU,AQU,2004,12,17
AQU,AQU,2004,12,18
AQU,AQU,2004,12,19
AQU,AQU,2004,12,29
AQU,AQU,2004,12,30
AQU,AQU,2004,12,31
AQU,AQU,2005,1,1
AQU,AQU,2005,1,2
AQU,AQU,2005,1,5
AQU,AQU,2005,1,6
AQU,AQU,2005,1,7
AQU,AQU,2005,1,8
AQU,AQU,2005,1,9
AQU,AQU,2005,1,12
AQU,AQU,2005,1,13
AQU,AQU,2005,1,14
AQU,AQU,2005,1,15
AQU,AQU,2005,1,16
AQU,AQU,2005,1,17
AQU,AQU,2005,1,20
AQU,AQU,2005,1,21
AQU,AQU,2005,1,26
AQU,AQU,2005,1,27
AQU,AQU,2005,1,28
AQU,AQU,2005,1,29
AQU,AQU,2005,1,30
AQU,AQU,2005,2,2
AQU,AQU,2005,2,3
AQU,AQU,2005,2,4
AQU,AQU,2005,2,5
AQU,AQU,2005,2,6
AQU,AQU,2005,2,9
AQU,AQU,2005,2,10
AQU,AQU,2005,2,11
AQU,AQU,2005,2,12
AQU,AQU,2005,2,13
AQU,AQU,2005,2,16
AQU,AQU,2005,2,17
AQU,AQU,2005,2,18
AQU,AQU,2005,2,19
AQU,AQU,2005,2,20
AQU,AQU,2005,2,21
AQU,AQU,2005,2,24
AQU,AQU,2005,2,25
AQU,AQU,2005,2,26
AQU,AQU,2005,2,27
AQU,AQU,2005,3,2
AQU,AQU,2005,3,3
AQU,AQU,2005,3,4
AQU,AQU,2005,3,5
AQU,AQU,2005,3,6
AQU,AQU,2005,3,9
AQU,AQU,2005,3,10
AQU,AQU,2005,3,11
AQU,AQU,2005,3,12
AQU,AQU,2005,3,13
AQU,AQU,2005,3,16
AQU,AQU,2005,3,17
AQU,AQU,2005,3,18
AQU,AQU,2005,3,19
AQU,AQU,2005,3,23
AQU,AQU,2005,3,24
AQU,AQU,2005,3,25
AQU,AQU,2005,3,26
AQU,AQU,2005,3,30
AQU,AQU,2005,3,31
AQU,AQU,2005,4,1
AQU,AQU,2005,4,2
AQU,AQU,2005,4,3
AQU,AQU,2005,4,6
AQU,AQU,2005,4,7
AQU,AQU,2005,4,8
AQU,AQU,2005,4,9
AQU,AQU,2005,4,10
AQU,AQU,2005,4,13
AQU,AQU,2005,4,14
AQU,AQU,2005,4,15
AQU,AQU,2005,4,16
AQU,AQU,2005,4,17
AQU,AQU,2005,4,20
AQU,AQU,2005,4,21
AQU,AQU,2005,4,22
AQU,AQU,2005,4,23
AQU,AQU,2005,4,24
AQU,AQU,2005,4,27
AQU,AQU,2005,4,28
AQU,AQU,2005,4,29
AQU,AQU,2005,4,30
AQU,AQU,2005,5,1
AQU,AQU,2005,11,2
AQU,AQU,2005,11,3
AQU,AQU,2005,11,4
AQU,AQU,2005,11,5
AQU,AQU,2005,11,6
AQU,AQU,2005,11,8
AQU,AQU,2005,11,10
AQU,AQU,2005,11,11
AQU,AQU,2005,11,12
AQU,AQU,2005,11,13
AQU,AQU,2005,11,16
AQU,AQU,2005,11,17
AQU,AQU,2005,11,18
AQU,AQU,2005,11,19
AQU,AQU,2005,11,20
AQU,AQU,2005,11,23
AQU,AQU,2005,11,24
AQU,AQU,2005,11,25
AQU,AQU,2005,11,26
AQU,AQU,2005,11,27
AQU,AQU,2005,11,30
AQU,AQU,2005,12,1
AQU,AQU,2005,12,2
AQU,AQU,2005,12,3
AQU,AQU,2005,12,4
AQU,AQU,2005,12,7
AQU,AQU,2005,12,8
AQU,AQU,2005,12,10
AQU,AQU,2005,12,11
AQU,AQU,2005,12,14
AQU,AQU,2005,12,15
AQU,AQU,2005,12,16
AQU,AQU,2005,12,17
AQU,AQU,2005,12,18
AQU,AQU,2005,12,28
AQU,AQU,2005,12,29
AQU,AQU,2005,12,30
AQU,AQU,2005,12,31
AQU,AQU,2006,1,1
AQU,AQU,2006,1,2
AQU,AQU,2006,1,5
AQU,AQU,2006,1,6
AQU,AQU,2006,1,7
AQU,AQU,2006,1,8
AQU,AQU,2006,1,11
AQU,AQU,2006,1,12
AQU,AQU,2006,1,13
AQU,AQU,2006,1,14
AQU,AQU,2006,1,16
AQU,AQU,2006,1,19
AQU,AQU,2006,1,20
AQU,AQU,2006,1,21
AQU,AQU,2006,1,22
AQU,AQU,2006,1,25
AQU,AQU,2006,1,26
AQU,AQU,2006,1,27
AQU,AQU,2006,1,28
AQU,AQU,2006,1,29
AQU,AQU,2006,2,1
AQU,AQU,2006,2,2
AQU,AQU,2006,2,3
AQU,AQU,2006,2,4
AQU,AQU,2006,2,5
AQU,AQU,2006,2,8
AQU,AQU,2006,2,9
AQU,AQU,2006,2,10
AQU,AQU,2006,2,11
AQU,AQU,2006,2,15
AQU,AQU,2006,2,16
AQU,AQU,2006,2,17
AQU,AQU,2006,2,18
AQU,AQU,2006,2,19
AQU,AQU,2006,2,20
AQU,AQU,2006,2,23
AQU,AQU,2006,2,24
AQU,AQU,2006,2,25
AQU,AQU,2006,2,26
AQU,AQU,2006,3,1
AQU,AQU,2006,3,3
AQU,AQU,2006,3,4
AQU,AQU,2006,3,5
AQU,AQU,2006,3,8
AQU,AQU,2006,3,9
AQU,AQU,2006,3,10
AQU,AQU,2006,3,11
AQU,AQU,2006,3,12
AQU,AQU,2006,3,15
AQU,AQU,2006,3,16
AQU,AQU,2006,3,17
AQU,AQU,2006,3,18
AQU,AQU,2006,3,19
AQU,AQU,2006,3,22
AQU,AQU,2006,3,23
AQU,AQU,2006,3,24
AQU,AQU,2006,3,25
AQU,AQU,2006,3,26
AQU,AQU,2006,3,29
AQU,AQU,2006,3,30
AQU,AQU,2006,3,31
AQU,AQU,2006,4,1
AQU,AQU,2006,4,2
AQU,AQU,2006,4,5
AQU,AQU,2006,4,6
AQU,AQU,2006,4,7
AQU,AQU,2006,4,8
AQU,AQU,2006,4,12
AQU,AQU,2006,4,13
AQU,AQU,2006,4,14
AQU,AQU,2006,4,15
AQU,AQU,2006,4,19
AQU,AQU,2006,4,20
AQU,AQU,2006,4,21
AQU,AQU,2006,4,22
AQU,AQU,2006,4,23
AQU,AQU,2006,4,26
AQU,AQU,2006,4,27
AQU,AQU,2006,4,28
AQU,AQU,2006,4,29
AQU,AQU,2006,4,30
AQU,AQU,2006,10,25
AQU,AQU,2006,10,26
AQU,AQU,2006,10,27
AQU,AQU,2006,10,29
AQU,AQU,2006,11,1
AQU,AQU,2006,11,2
AQU,AQU,2006,11,3
AQU,AQU,2006,11,4
AQU,AQU,2006,11,5
AQU,AQU,2006,11,8
AQU,AQU,2006,11,10
AQU,AQU,2006,11,11
AQU,AQU,2006,11,12
AQU,AQU,2006,11,15
AQU,AQU,2006,11,16
AQU,AQU,2006,11,17
AQU,AQU,2006,11,18
AQU,AQU,2006,11,19
AQU,AQU,2006,11,22
AQU,AQU,2006,11,23
AQU,AQU,2006,11,24
AQU,AQU,2006,11,25
AQU,AQU,2006,11,26
AQU,AQU,2006,11,29
AQU,AQU,2006,11,30
AQU,AQU,2006,12,1
AQU,AQU,2006,12,2
AQU,AQU,2006,12,3
AQU,AQU,2006,12,6
AQU,AQU,2006,12,7
AQU,AQU,2006,12,8
AQU,AQU,2006,12,9
AQU,AQU,2006,12,10
AQU,AQU,2006,12,13
AQU,AQU,2006,12,14
AQU,AQU,2006,12,15
AQU,AQU,2006,12,16
AQU,AQU,2006,12,17
AQU,AQU,2006,12,27
AQU,AQU,2006,12,28
AQU,AQU,2006,12,29
AQU,AQU,2006,12,30
AQU,AQU,2006,12,31
AQU,AQU,2007,1,1
AQU,AQU,2007,1,4
AQU,AQU,2007,1,5
AQU,AQU,2007,1,6
AQU,AQU,2007,1,7
AQU,AQU,2007,1,10
AQU,AQU,2007,1,11
AQU,AQU,2007,1,12
AQU,AQU,2007,1,13
AQU,AQU,2007,1,14
AQU,AQU,2007,1,15
AQU,AQU,2007,1,18
AQU,AQU,2007,1,19
AQU,AQU,2007,1,20
AQU,AQU,2007,1,21
AQU,AQU,2007,1,24
AQU,AQU,2007,1,25
AQU,AQU,2007,1,27
AQU,AQU,2007,1,28
AQU,AQU,2007,1,31
AQU,AQU,2007,2,1
AQU,AQU,2007,2,2
AQU,AQU,2007,2,3
AQU,AQU,2007,2,7
AQU,AQU,2007,2,8
AQU,AQU,2007,2,9
AQU,AQU,2007,2,10
AQU,AQU,2007,2,11
AQU,AQU,2007,2,15
AQU,AQU,2007,2,16
AQU,AQU,2007,2,17
AQU,AQU,2007,2,18
AQU,AQU,2007,2,19
AQU,AQU,2007,2,22
AQU,AQU,2007,2,23
AQU,AQU,2007,2,24
AQU,AQU,2007,2,25
AQU,AQU,2007,2,28
AQU,AQU,2007,3,1
AQU,AQU,2007,3,2
AQU,AQU,2007,3,3
AQU,AQU,2007,3,4
AQU,AQU,2007,3,7
AQU,AQU,2007,3,8
AQU,AQU,2007,3,9
AQU,AQU,2007,3,10
AQU,AQU,2007,3,11
AQU,AQU,2007,3,14
AQU,AQU,2007,3,15
AQU,AQU,2007,3,21
AQU,AQU,2007,3,22
AQU,AQU,2007,3,23
AQU,AQU,2007,3,24
AQU,AQU,2007,3,25
AQU,AQU,2007,3,28
AQU,AQU,2007,3,29
AQU,AQU,2007,3,30
AQU,AQU,2007,3,31
AQU,AQU,2007,4,4
AQU,AQU,2007,4,5
AQU,AQU,2007,4,6
AQU,AQU,2007,4,7
AQU,AQU,2007,4,11
AQU,AQU,2007,4,12
AQU,AQU,2007,4,13
AQU,AQU,2007,4,14
AQU,AQU,2007,4,18
AQU,AQU,2007,4,19
AQU,AQU,2007,4,20
AQU,AQU,2007,4,21
AQU,AQU,2007,4,22
AQU,AQU,2007,4,25
AQU,AQU,2007,4,26
AQU,AQU,2007,4,27
AQU,AQU,2007,4,28
AQU,AQU,2007,4,29
AQU,AQU,2007,10,24
AQU,AQU,2007,10,25
AQU,AQU,2007,10,26
AQU,AQU,2007,10,27
AQU,AQU,2007,10,28
AQU,AQU,2007,10,31
AQU,AQU,2007,11,1
AQU,AQU,2007,11,2
AQU,AQU,2007,11,4
AQU,AQU,2007,11,7
AQU,AQU,2007,11,8
AQU,AQU,2007,11,9
AQU,AQU,2007,11,10
AQU,AQU,2007,11,11
AQU,AQU,2007,11,14
AQU,AQU,2007,11,15
AQU,AQU,2007,11,16
AQU,AQU,2007,11,17
AQU,AQU,2007,11,18
AQU,AQU,2007,11,22
AQU,AQU,2007,11,23
AQU,AQU,2007,11,25
AQU,AQU,2007,11,29
AQU,AQU,2007,11,30
AQU,AQU,2007,12,2
AQU,AQU,2007,12,6
AQU,AQU,2007,12,7
AQU,AQU,2007,12,9
AQU,AQU,2007,12,14
AQU,AQU,2007,12,26
AQU,AQU,2007,12,27
AQU,AQU,2007,12,28
AQU,AQU,2007,12,29
AQU,AQU,2007,12,30
AQU,AQU,2008,1,1
AQU,AQU,2008,1,3
AQU,AQU,2008,1,4
AQU,AQU,2008,1,5
AQU,AQU,2008,1,6
AQU,AQU,2008,1,9
AQU,AQU,2008,1,10
AQU,AQU,2008,1,11
AQU,AQU,2008,1,12
AQU,AQU,2008,1,13
AQU,AQU,2008,1,16
AQU,AQU,2008,1,17
AQU,AQU,2008,1,18
AQU,AQU,2008,1,19
AQU,AQU,2008,1,20
AQU,AQU,2008,1,21
AQU,AQU,2008,1,24
AQU,AQU,2008,1,25
AQU,AQU,2008,1,26
AQU,AQU,2008,1,27
AQU,AQU,2008,1,30
AQU,AQU,2008,1,31
AQU,AQU,2008,2,1
AQU,AQU,2008,2,2
AQU,AQU,2008,2,3
AQU,AQU,2008,2,6
AQU,AQU,2008,2,7
AQU,AQU,2008,2,8
AQU,AQU,2008,2,9
AQU,AQU,2008,2,10
AQU,AQU,2008,2,14
AQU,AQU,2008,2,15
AQU,AQU,2008,2,16
AQU,AQU,2008,2,17
AQU,AQU,2008,2,18
AQU,AQU,2008,2,21
AQU,AQU,2008,2,23
AQU,AQU,2008,2,24
AQU,AQU,2008,2,27
AQU,AQU,2008,2,28
AQU,AQU,2008,2,29
AQU,AQU,2008,3,1
AQU,AQU,2008,3,2
AQU,AQU,2008,3,5
AQU,AQU,2008,3,6
AQU,AQU,2008,3,7
AQU,AQU,2008,3,8
AQU,AQU,2008,3,9
AQU,AQU,2008,3,12
AQU,AQU,2008,3,13
AQU,AQU,2008,3,14
AQU,AQU,2008,3,15
AQU,AQU,2008,3,19
AQU,AQU,2008,3,20
AQU,AQU,2008,3,21
AQU,AQU,2008,3,22
AQU,AQU,2008,3,26
AQU,AQU,2008,3,27
AQU,AQU,2008,3,28
AQU,AQU,2008,3,29
AQU,AQU,2008,3,30
AQU,AQU,2008,4,2
AQU,AQU,2008,4,3
AQU,AQU,2008,4,5
AQU,AQU,2008,4,6
AQU,AQU,2008,4,9
AQU,AQU,2008,4,10
AQU,AQU,2008,4,11
AQU,AQU,2008,4,12
AQU,AQU,2008,4,13
AQU,AQU,2008,4,16
AQU,AQU,2008,4,17
AQU,AQU,2008,4,18
AQU,AQU,2008,4,19
AQU,AQU,2008,4,20
AQU,AQU,2008,4,23
AQU,AQU,2008,4,24
AQU,AQU,2008,4,25
AQU,AQU,2008,4,26
AQU,AQU,2008,4,27
AQU,AQU,2008,10,29
AQU,AQU,2008,10,30
AQU,AQU,2008,10,31
AQU,AQU,2008,11,1
AQU,AQU,2008,11,2
AQU,AQU,2008,11,5
AQU,AQU,2008,11,6
AQU,AQU,2008,11,7
AQU,AQU,2008,11,8
AQU,AQU,2008,11,9
AQU,AQU,2008,11,12
AQU,AQU,2008,11,13
AQU,AQU,2008,11,14
AQU,AQU,2008,11,15
AQU,AQU,2008,11,16
AQU,AQU,2008,11,19
AQU,AQU,2008,11,20
AQU,AQU,2008,11,21
AQU,AQU,2008,11,22
AQU,AQU,2008,11,23
AQU,AQU,2008,11,26
AQU,AQU,2008,11,27
AQU,AQU,2008,11,28
AQU,AQU,2008,11,29
AQU,AQU,2008,11,30
AQU,AQU,2008,12,3
AQU,AQU,2008,12,4
AQU,AQU,2008,12,5
AQU,AQU,2008,12,6
AQU,AQU,2008,12,7
AQU,AQU,2008,12,10
AQU,AQU,2008,12,11
AQU,AQU,2008,12,12
AQU,AQU,2008,12,13
AQU,AQU,2008,12,14
AQU,AQU,2008,12,26
AQU,AQU,2008,12,27
AQU,AQU,2008,12,28
AQU,AQU,2008,12,31
AQU,AQU,2009,1,1
AQU,AQU,2009,1,2
AQU,AQU,2009,1,3
AQU,AQU,2009,1,4
AQU,AQU,2009,1,7
AQU,AQU,2009,1,8
AQU,AQU,2009,1,9
AQU,AQU,2009,1,10
AQU,AQU,2009,1,11
AQU,AQU,2009,1,14
AQU,AQU,2009,1,15
AQU,AQU,2009,1,17
AQU,AQU,2009,1,18
AQU,AQU,2009,1,19
AQU,AQU,2009,1,22
AQU,AQU,2009,1,23
AQU,AQU,2009,1,24
AQU,AQU,2009,1,25
AQU,AQU,2009,1,29
AQU,AQU,2009,1,30
AQU,AQU,2009,1,31
AQU,AQU,2009,2,1
AQU,AQU,2009,2,4
AQU,AQU,2009,2,5
AQU,AQU,2009,2,6
AQU,AQU,2009,2,7
AQU,AQU,2009,2,8
AQU,AQU,2009,2,11
AQU,AQU,2009,2,13
AQU,AQU,2009,2,14
AQU,AQU,2009,2,15
AQU,AQU,2009,2,16
AQU,AQU,2009,2,19
AQU,AQU,2009,2,20
AQU,AQU,2009,2,21
AQU,AQU,2009,2,22
AQU,AQU,2009,2,25
AQU,AQU,2009,2,26
AQU,AQU,2009,2,27
AQU,AQU,2009,2,28
AQU,AQU,2009,3,1
AQU,AQU,2009,3,4
AQU,AQU,2009,3,5
AQU,AQU,2009,3,6
AQU,AQU,2009,3,7
AQU,AQU,2009,3,8
AQU,AQU,2009,3,11
AQU,AQU,2009,3,12
AQU,AQU,2009,3,13
AQU,AQU,2009,3,14
AQU,AQU,2009,3,15
AQU,AQU,2009,3,18
AQU,AQU,2009,3,19
AQU,AQU,2009,3,20
AQU,AQU,2009,3,21
AQU,AQU,2009,3,22
AQU,AQU,2009,3,25
AQU,AQU,2009,3,26
AQU,AQU,2009,3,27
AQU,AQU,2009,3,28
AQU,AQU,2009,3,29
AQU,AQU,2009,4,1
AQU,AQU,2009,4,2
AQU,AQU,2009,4,3
AQU,AQU,2009,4,4
AQU,AQU,2009,4,8
AQU,AQU,2009,4,9
AQU,AQU,2009,4,10
AQU,AQU,2009,4,11
AQU,AQU,2009,4,15
AQU,AQU,2009,4,16
AQU,AQU,2009,4,17
AQU,AQU,2009,4,18
AQU,AQU,2009,4,19
AQU,AQU,2009,4,22
AQU,AQU,2009,4,23
AQU,AQU,2009,4,24
AQU,AQU,2009,4,25
AQU,AQU,2009,4,26
AQU,AQU,2009,10,28
AQU,AQU,2009,10,29
AQU,AQU,2009,10,30
AQU,AQU,2009,10,31
AQU,AQU,2009,11,1
AQU,AQU,2009,11,4
AQU,AQU,2009,11,5
AQU,AQU,2009,11,6
AQU,AQU,2009,11,7
AQU,AQU,2009,11,8
AQU,AQU,2009,11,11
AQU,AQU,2009,11,12
AQU,AQU,2009,11,13
AQU,AQU,2009,11,14
AQU,AQU,2009,11,15
AQU,AQU,2009,11,18
AQU,AQU,2009,11,19
AQU,AQU,2009,11,20
AQU,AQU,2009,11,21
AQU,AQU,2009,11,22
AQU,AQU,2009,11,25
AQU,AQU,2009,11,26
AQU,AQU,2009,11,27
AQU,AQU,2009,11,28
AQU,AQU,2009,11,29
AQU,AQU,2009,12,2
AQU,AQU,2009,12,3
AQU,AQU,2009,12,4
AQU,AQU,2009,12,5
AQU,AQU,2009,12,6
AQU,AQU,2009,12,10
AQU,AQU,2009,12,11
AQU,AQU,2009,12,12
AQU,AQU,2009,12,13
AQU,AQU,2009,12,26
AQU,AQU,2009,12,27
AQU,AQU,2009,12,30
AQU,AQU,2009,12,31
AQU,AQU,2010,1,1
AQU,AQU,2010,1,2
AQU,AQU,2010,1,6
AQU,AQU,2010,1,7
AQU,AQU,2010,1,8
AQU,AQU,2010,1,9
AQU,AQU,2010,1,10
AQU,AQU,2010,1,13
AQU,AQU,2010,1,14
AQU,AQU,2010,1,15
AQU,AQU,2010,1,16
AQU,AQU,2010,1,17
AQU,AQU,2010,1,18
AQU,AQU,2010,1,20
AQU,AQU,2010,1,21
AQU,AQU,2010,1,22
AQU,AQU,2010,1,23
AQU,AQU,2010,1,24
AQU,AQU,2010,1,29
AQU,AQU,2010,1,30
AQU,AQU,2010,1,31
AQU,AQU,2010,2,3
AQU,AQU,2010,2,4
AQU,AQU,2010,2,5
AQU,AQU,2010,2,6
AQU,AQU,2010,2,7
AQU,AQU,2010,2,12
AQU,AQU,2010,2,13
AQU,AQU,2010,2,14
AQU,AQU,2010,2,15
AQU,AQU,2010,2,17
AQU,AQU,2010,2,18
AQU,AQU,2010,2,19
AQU,AQU,2010,2,20
AQU,AQU,2010,2,21
AQU,AQU,2010,2,24
AQU,AQU,2010,2,25
AQU,AQU,2010,2,28
AQU,AQU,2010,3,3
AQU,AQU,2010,3,4
AQU,AQU,2010,3,5
AQU,AQU,2010,3,6
AQU,AQU,2010,3,7
AQU,AQU,2010,3,10
AQU,AQU,2010,3,11
AQU,AQU,2010,3,12
AQU,AQU,2010,3,14
AQU,AQU,2010,3,17
AQU,AQU,2010,3,18
AQU,AQU,2010,3,19
AQU,AQU,2010,3,20
AQU,AQU,2010,3,21
AQU,AQU,2010,3,24
AQU,AQU,2010,3,25
AQU,AQU,2010,3,26
AQU,AQU,2010,3,27
AQU,AQU,2010,3,31
AQU,AQU,2010,4,1
AQU,AQU,2010,4,2
AQU,AQU,2010,4,3
AQU,AQU,2010,4,7
AQU,AQU,2010,4,8
AQU,AQU,2010,4,9
AQU,AQU,2010,4,10
AQU,AQU,2010,4,11
AQU,AQU,2010,4,14
AQU,AQU,2010,4,15
AQU,AQU,2010,4,16
AQU,AQU,2010,4,17
AQU,AQU,2010,4,18
AQU,AQU,2010,4,21
AQU,AQU,2010,4,22
AQU,AQU,2010,4,23
AQU,AQU,2010,4,24
AQU,AQU,2010,4,25
AQU,AQU,2010,11,5
AQU,AQU,2010,11,6
AQU,AQU,2010,11,7
AQU,AQU,2010,11,10
AQU,AQU,2010,11,11
AQU,AQU,2010,11,12
AQU,AQU,2010,11,13
AQU,AQU,2010,11,14
AQU,AQU,2010,11,17
AQU,AQU,2010,11,18
AQU,AQU,2010,11,19
AQU,AQU,2010,11,20
AQU,AQU,2010,11,21
AQU,AQU,2010,11,24
AQU,AQU,2010,11,25
AQU,AQU,2010,11,26
AQU,AQU,2010,11,27
AQU,AQU,2010,11,28
AQU,AQU,2010,12,2
AQU,AQU,2010,12,3
AQU,AQU,2010,12,4
AQU,AQU,2010,12,5
AQU,AQU,2010,12,8
AQU,AQU,2010,12,9
AQU,AQU,2010,12,10
AQU,AQU,2010,12,11
AQU,AQU,2010,12,12
AQU,AQU,2010,12,15
AQU,AQU,2010,12,16
AQU,AQU,2010,12,17
AQU,AQU,2010,12,18
AQU,AQU,2010,12,19
AQU,AQU,2010,12,29
AQU,AQU,2010,12,30
AQU,AQU,2010,12,31
AQU,AQU,2011,1,1
AQU,AQU,2011,1,2
AQU,AQU,2011,1,5
AQU,AQU,2011,1,6
AQU,AQU,2011,1,7
AQU,AQU,2011,1,8
AQU,AQU,2011,1,9
AQU,AQU,2011,1,13
AQU,AQU,2011,1,14
AQU,AQU,2011,1,15
AQU,AQU,2011,1,16
AQU,AQU,2011,1,17
AQU,AQU,2011,1,20
AQU,AQU,2011,1,22
AQU,AQU,2011,1,23
AQU,AQU,2011,1,26
AQU,AQU,2011,1,28
AQU,AQU,2011,1,29
AQU,AQU,2011,1,30
AQU,AQU,2011,2,4
AQU,AQU,2011,2,5
AQU,AQU,2011,2,6
AQU,AQU,2011,2,9
AQU,AQU,2011,2,10
AQU,AQU,2011,2,11
AQU,AQU,2011,2,12
AQU,AQU,2011,2,13
AQU,AQU,2011,2,16
AQU,AQU,2011,2,17
AQU,AQU,2011,2,18
AQU,AQU,2011,2,19
AQU,AQU,2011,2,20
AQU,AQU,2011,2,21
AQU,AQU,2011,2,24
AQU,AQU,2011,2,26
AQU,AQU,2011,2,27
AQU,AQU,2011,3,2
AQU,AQU,2011,3,4
AQU,AQU,2011,3,5
AQU,AQU,2011,3,6
AQU,AQU,2011,3,9
AQU,AQU,2011,3,10
AQU,AQU,2011,3,11
AQU,AQU,2011,3,12
AQU,AQU,2011,3,13
AQU,AQU,2011,3,16
AQU,AQU,2011,3,17
AQU,AQU,2011,3,18
AQU,AQU,2011,3,19
AQU,AQU,2011,3,20
AQU,AQU,2011,3,23
AQU,AQU,2011,3,24
AQU,AQU,2011,3,25
AQU,AQU,2011,3,26
AQU,AQU,2011,3,27
AQU,AQU,2011,3,30
AQU,AQU,2011,3,31
AQU,AQU,2011,4,1
AQU,AQU,2011,4,2
AQU,AQU,2011,4,3
AQU,AQU,2011,4,6
AQU,AQU,2011,4,7
AQU,AQU,2011,4,8
AQU,AQU,2011,4,9
AQU,AQU,2011,4,10
AQU,AQU,2011,4,13
AQU,AQU,2011,4,14
AQU,AQU,2011,4,15
AQU,AQU,2011,4,16
AQU,AQU,2011,4,20
AQU,AQU,2011,4,21
AQU,AQU,2011,4,22
AQU,AQU,2011,4,23
AQU,AQU,2011,11,4
AQU,AQU,2011,11,5
AQU,AQU,2011,11,6
AQU,AQU,2011,11,9
AQU,AQU,2011,11,10
AQU,AQU,2011,11,11
AQU,AQU,2011,11,12
AQU,AQU,2011,11,13
AQU,AQU,2011,11,16
AQU,AQU,2011,11,17
AQU,AQU,2011,11,18
AQU,AQU,2011,11,19
AQU,AQU,2011,11,20
AQU,AQU,2011,11,23
AQU,AQU,2011,11,24
AQU,AQU,2011,11,25
AQU,AQU,2011,11,26
AQU,AQU,2011,11,27
AQU,AQU,2011,11,30
AQU,AQU,2011,12,1
AQU,AQU,2011,12,2
AQU,AQU,2011,12,3
AQU,AQU,2011,12,4
AQU,AQU,2011,12,7
AQU,AQU,2011,12,8
AQU,AQU,2011,12,9
AQU,AQU,2011,12,10
AQU,AQU,2011,12,11
AQU,AQU,2011,12,14
AQU,AQU,2011,12,15
AQU,AQU,2011,12,16
AQU,AQU,2011,12,17
AQU,AQU,2011,12,18
AQU,AQU,2011,12,28
AQU,AQU,2011,12,29
AQU,AQU,2011,12,30
AQU,AQU,2011,12,31
AQU,AQU,2012,1,1
AQU,AQU,2012,1,2
AQU,AQU,2012,1,5
AQU,AQU,2012,1,6
AQU,AQU,2012,1,7
AQU,AQU,2012,1,8
AQU,AQU,2012,1,11
AQU,AQU,2012,1,12
AQU,AQU,2012,1,13
AQU,AQU,2012,1,14
AQU,AQU,2012,1,15
AQU,AQU,2012,1,16
AQU,AQU,2012,1,19
AQU,AQU,2012,1,20
AQU,AQU,2012,1,22
AQU,AQU,2012,1,25
AQU,AQU,2012,1,26
AQU,AQU,2012,1,27
AQU,AQU,2012,1,28
AQU,AQU,2012,1,29
AQU,AQU,2012,2,1
AQU,AQU,2012,2,2
AQU,AQU,2012,2,3
AQU,AQU,2012,2,4
AQU,AQU,2012,2,5
AQU,AQU,2012,2,8
AQU,AQU,2012,2,9
AQU,AQU,2012,2,10
AQU,AQU,2012,2,11
AQU,AQU,2012,2,12
AQU,AQU,2012,2,15
AQU,AQU,2012,2,16
AQU,AQU,2012,2,17
AQU,AQU,2012,2,18
AQU,AQU,2012,2,19
AQU,AQU,2012,2,20
AQU,AQU,2012,2,23
AQU,AQU,2012,2,24
AQU,AQU,2012,2,25
AQU,AQU,2012,2,26
AQU,AQU,2012,2,29
AQU,AQU,2012,3,1
AQU,AQU,2012,3,2
AQU,AQU,2012,3,3
AQU,AQU,2012,3,4
AQU,AQU,2012,3,7
AQU,AQU,2012,3,8
AQU,AQU,2012,3,9
AQU,AQU,2012,3,10
AQU,AQU,2012,3,11
AQU,AQU,2012,3,14
AQU,AQU,2012,3,15
AQU,AQU,2012,3,16
AQU,AQU,2012,3,17
AQU,AQU,2012,3,18
AQU,AQU,2012,3,21
AQU,AQU,2012,3,22
AQU,AQU,2012,3,23
AQU,AQU,2012,3,24
AQU,AQU,2012,3,25
AQU,AQU,2012,3,28
AQU,AQU,2012,3,29
AQU,AQU,2012,3,30
AQU,AQU,2012,3,31
AQU,AQU,2012,4,4
AQU,AQU,2012,4,5
AQU,AQU,2012,4,6
AQU,AQU,2012,4,7
AQU,AQU,2012,4,11
AQU,AQU,2012,4,12
AQU,AQU,2012,4,13
AQU,AQU,2012,4,14
AQU,AQU,2012,4,15
AQU,AQU,2012,4,18
AQU,AQU,2012,4,19
AQU,AQU,2012,4,20
AQU,AQU,2012,4,21
AQU,AQU,2012,4,22
AQU,AQU,2012,11,2
AQU,AQU,2012,11,3
AQU,AQU,2012,11,4
AQU,AQU,2012,11,7
AQU,AQU,2012,11,9
AQU,AQU,2012,11,10
AQU,AQU,2012,11,11
AQU,AQU,2012,11,14
AQU,AQU,2012,11,15
AQU,AQU,2012,11,16
AQU,AQU,2012,11,17
AQU,AQU,2012,11,18
AQU,AQU,2012,11,21
AQU,AQU,2012,11,22
AQU,AQU,2012,11,23
AQU,AQU,2012,11,24
AQU,AQU,2012,11,25
AQU,AQU,2012,11,28
AQU,AQU,2012,11,29
AQU,AQU,2012,11,30
AQU,AQU,2012,12,1
AQU,AQU,2012,12,2
AQU,AQU,2012,12,5
AQU,AQU,2012,12,6
AQU,AQU,2012,12,7
AQU,AQU,2012,12,8
AQU,AQU,2012,12,9
AQU,AQU,2012,12,12
AQU,AQU,2012,12,13
AQU,AQU,2012,12,14
AQU,AQU,2012,12,15
AQU,AQU,2012,12,16
AQU,AQU,2012,12,26
AQU,AQU,2012,12,27
AQU,AQU,2012,12,28
AQU,AQU,2012,12,30
AQU,AQU,2012,12,31
AQU,AQU,2013,1,1
AQU,AQU,2013,1,4
AQU,AQU,2013,1,5
AQU,AQU,2013,1,6
AQU,AQU,2013,1,9
AQU,AQU,2013,1,10
AQU,AQU,2013,1,11
AQU,AQU,2013,1,12
AQU,AQU,2013,1,13
AQU,AQU,2013,1,16
AQU,AQU,2013,1,17
AQU,AQU,2013,1,18
AQU,AQU,2013,1,19
AQU,AQU,2013,1,20
AQU,AQU,2013,1,21
AQU,AQU,2013,1,26
AQU,AQU,2013,1,27
AQU,AQU,2013,1,30
AQU,AQU,2013,1,31
AQU,AQU,2013,2,1
AQU,AQU,2013,2,2
AQU,AQU,2013,2,3
AQU,AQU,2013,2,7
AQU,AQU,2013,2,10
AQU,AQU,2013,2,15
AQU,AQU,2013,2,16
AQU,AQU,2013,2,17
AQU,AQU,2013,2,18
AQU,AQU,2013,2,21
AQU,AQU,2013,2,22
AQU,AQU,2013,2,23
AQU,AQU,2013,2,24
AQU,AQU,2013,2,28
AQU,AQU,2013,3,1
AQU,AQU,2013,3,2
AQU,AQU,2013,3,3
AQU,AQU,2013,3,7
AQU,AQU,2013,3,9
AQU,AQU,2013,3,10
AQU,AQU,2013,3,14
AQU,AQU,2013,3,15
AQU,AQU,2013,3,16
AQU,AQU,2013,3,17
AQU,AQU,2013,3,20
AQU,AQU,2013,3,21
AQU,AQU,2013,3,22
AQU,AQU,2013,3,23
AQU,AQU,2013,3,27
AQU,AQU,2013,3,28
AQU,AQU,2013,3,29
AQU,AQU,2013,3,30
AQU,AQU,2013,4,3
AQU,AQU,2013,4,4
AQU,AQU,2013,4,5
AQU,AQU,2013,4,6
AQU,AQU,2013,4,7
AQU,AQU,2013,4,10
AQU,AQU,2013,4,11
AQU,AQU,2013,4,12
AQU,AQU,2013,4,13
AQU,AQU,2013,4,14
AQU,AQU,2013,4,17
AQU,AQU,2013,4,18
AQU,AQU,2013,4,19
AQU,AQU,2013,4,20
AQU,AQU,2013,4,21
AQU,AQU,2013,11,1
AQU,AQU,2013,11,2
AQU,AQU,2013,11,3
AQU,AQU,2013,11,6
AQU,AQU,2013,11,7
AQU,AQU,2013,11,8
AQU,AQU,2013,11,9
AQU,AQU,2013,11,10
AQU,AQU,2013,11,13
AQU,AQU,2013,11,14
AQU,AQU,2013,11,15
AQU,AQU,2013,11,16
AQU,AQU,2013,11,17
AQU,AQU,2013,11,20
AQU,AQU,2013,11,21
AQU,AQU,2013,11,22
AQU,AQU,2013,11,23
AQU,AQU,2013,11,28
AQU,AQU,2013,11,29
AQU,AQU,2013,11,30
AQU,AQU,2013,12,1
AQU,AQU,2013,12,4
AQU,AQU,2013,12,5
AQU,AQU,2013,12,6
AQU,AQU,2013,12,7
AQU,AQU,2013,12,8
AQU,AQU,2013,12,11
AQU,AQU,2013,12,12
AQU,AQU,2013,12,13
AQU,AQU,2013,12,14
AQU,AQU,2013,12,18
AQU,AQU,2013,12,19
AQU,AQU,2013,12,20
AQU,AQU,2013,12,21
AQU,AQU,2013,12,22
AQU,AQU,2013,12,26
AQU,AQU,2013,12,27
AQU,AQU,2013,12,28
AQU,AQU,2013,12,29
AQU,AQU,2013,12,31
AQU,AQU,2014,1,1
AQU,AQU,2014,1,2
AQU,AQU,2014,1,4
AQU,AQU,2014,1,5
AQU,AQU,2014,1,9
AQU,AQU,2014,1,10
AQU,AQU,2014,1,11
AQU,AQU,2014,1,12
AQU,AQU,2014,1,13
AQU,AQU,2014,1,16
AQU,AQU,2014,1,17
AQU,AQU,2014,1,18
AQU,AQU,2014,1,19
AQU,AQU,2014,1,20
AQU,AQU,2014,1,23
AQU,AQU,2014,1,25
AQU,AQU,2014,1,26
AQU,AQU,2014,1,27
AQU,AQU,2014,1,30
AQU,AQU,2014,1,31
AQU,AQU,2014,2,1
AQU,AQU,2014,2,2
AQU,AQU,2014,2,7
AQU,AQU,2014,2,8
AQU,AQU,2014,2,9
AQU,AQU,2014,2,10
AQU,AQU,2014,2,17
AQU,AQU,2014,2,21
AQU,AQU,2014,2,22
AQU,AQU,2014,2,23
AQU,AQU,2014,2,24
AQU,AQU,2014,2,28
AQU,AQU,2014,3,1
AQU,AQU,2014,3,2
AQU,AQU,2014,3,3
AQU,AQU,2014,3,6
AQU,AQU,2014,3,7
AQU,AQU,2014,3,8
AQU,AQU,2014,3,9
AQU,AQU,2014,3,10
AQU,AQU,2014,3,13
AQU,AQU,2014,3,14
AQU,AQU,2014,3,15
AQU,AQU,2014,3,16
AQU,AQU,2014,3,17
AQU,AQU,2014,3,20
AQU,AQU,2014,3,21
AQU,AQU,2014,3,22
AQU,AQU,2014,3,23
AQU,AQU,2014,3,24
AQU,AQU,2014,3,27
AQU,AQU,2014,3,28
AQU,AQU,2014,3,29
AQU,AQU,2014,3,30
AQU,AQU,2014,3,31
AQU,AQU,2014,4,2
AQU,AQU,2014,4,3
AQU,AQU,2014,4,4
AQU,AQU,2014,4,5
AQU,AQU,2014,4,6
AQU,AQU,2014,4,9
AQU,AQU,2014,4,10
AQU,AQU,2014,4,11
AQU,AQU,2014,4,12
AQU,AQU,2014,4,16
AQU,AQU,2014,4,17
AQU,AQU,2014,4,18
AQU,AQU,2014,4,19
AQU,AQU,2014,4,23
AQU,AQU,2014,4,24
AQU,AQU,2014,4,25
AQU,AQU,2014,4,26
AQU,AQU,2014,4,27
AQU,AQU,2014,10,29
AQU,AQU,2014,10,30
AQU,AQU,2014,10,31
AQU,AQU,2014,11,1
AQU,AQU,2014,11,2
AQU,AQU,2014,11,5
AQU,AQU,2014,11,6
AQU,AQU,2014,11,7
AQU,AQU,2014,11,8
AQU,AQU,2014,11,9
AQU,AQU,2014,11,10
AQU,AQU,2014,11,12
AQU,AQU,2014,11,13
AQU,AQU,2014,11,14
AQU,AQU,2014,11,15
AQU,AQU,2014,11,16
AQU,AQU,2014,11,19
AQU,AQU,2014,11,20
AQU,AQU,2014,11,21
AQU,AQU,2014,11,22
AQU,AQU,2014,11,23
AQU,AQU,2014,11,26
AQU,AQU,2014,11,27
AQU,AQU,2014,11,28
AQU,AQU,2014,11,29
AQU,AQU,2014,11,30
AQU,AQU,2014,12,3
AQU,AQU,2014,12,4
AQU,AQU,2014,12,5
AQU,AQU,2014,12,6
AQU,AQU,2014,12,7
AQU,AQU,2014,12,10
AQU,AQU,2014,12,11
AQU,AQU,2014,12,12
AQU,AQU,2014,12,13
AQU,AQU,2014,12,14
AQU,AQU,2014,12,15
AQU,AQU,2014,12,26
AQU,AQU,2014,12,27
AQU,AQU,2014,12,28
AQU,AQU,2014,12,31
AQU,AQU,2015,1,1
AQU,AQU,2015,1,2
AQU,AQU,2015,1,3
AQU,AQU,2015,1,4
AQU,AQU,2015,1,9
AQU,AQU,2015,1,11
AQU,AQU,2015,1,15
AQU,AQU,2015,1,16
AQU,AQU,2015,1,17
AQU,AQU,2015,1,18
AQU,AQU,2015,1,19
AQU,AQU,2015,1,22
AQU,AQU,2015,1,23
AQU,AQU,2015,1,25
AQU,AQU,2015,1,29
AQU,AQU,2015,1,30
AQU,AQU,2015,2,1
AQU,AQU,2015,2,5
AQU,AQU,2015,2,6
AQU,AQU,2015,2,7
AQU,AQU,2015,2,8
AQU,AQU,2015,2,11
AQU,AQU,2015,2,12
AQU,AQU,2015,2,14
AQU,AQU,2015,2,21
AQU,AQU,2015,2,22
AQU,AQU,2015,2,26
AQU,AQU,2015,2,27
AQU,AQU,2015,2,28
AQU,AQU,2015,3,1
AQU,AQU,2015,3,7
AQU,AQU,2015,3,8
AQU,AQU,2015,3,12
AQU,AQU,2015,3,13
AQU,AQU,2015,3,14
AQU,AQU,2015,3,15
AQU,AQU,2015,3,19
AQU,AQU,2015,3,21
AQU,AQU,2015,3,22
AQU,AQU,2015,3,26
AQU,AQU,2015,3,27
AQU,AQU,2015,3,28
AQU,AQU,2015,4,1
AQU,AQU,2015,4,2
AQU,AQU,2015,4,3
AQU,AQU,2015,4,4
AQU,AQU,2015,4,8
AQU,AQU,2015,4,9
AQU,AQU,2015,4,10
AQU,AQU,2015,4,11
AQU,AQU,2015,4,12
AQU,AQU,2015,4,15
AQU,AQU,2015,4,16
AQU,AQU,2015,4,17
AQU,AQU,2015,4,18
AQU,AQU,2015,4,19
AQU,AQU,2015,4,22
AQU,AQU,2015,4,23
AQU,AQU,2015,4,24
AQU,AQU,2015,4,25
AQU,AQU,2015,4,26
AQU,AQU,2015,11,4
AQU,AQU,2015,11,5
AQU,AQU,2015,11,6
AQU,AQU,2015,11,7
AQU,AQU,2015,11,8
AQU,AQU,2015,11,9
AQU,AQU,2015,11,11
AQU,AQU,2015,11,12
AQU,AQU,2015,11,13
AQU,AQU,2015,11,14
AQU,AQU,2015,11,15
AQU,AQU,2015,11,18
AQU,AQU,2015,11,19
AQU,AQU,2015,11,20
AQU,AQU,2015,11,21
AQU,AQU,2015,11,22
ARL,ARL,2000,5,14
ARL,ARL,2000,5,17
ARL,ARL,2000,5,18
ARL,ARL,2000,5,19
ARL,ARL,2000,5,20
ARL,ARL,2000,5,21
ARL,ARL,2000,5,24
ARL,ARL,2000,5,25
ARL,ARL,2000,5,26
ARL,ARL,2000,5,27
ARL,ARL,2000,5,28
ARL,ARL,2000,5,29
ARL,ARL,2000,5,31
ARL,ARL,2000,6,1
ARL,ARL,2000,6,2
ARL,ARL,2000,6,3
ARL,ARL,2000,6,4
ARL,ARL,2000,6,7
ARL,ARL,2000,6,8
ARL,ARL,2000,6,9
ARL,ARL,2000,6,10
ARL,ARL,2000,6,11
ARL,ARL,2000,6,14
ARL,ARL,2000,6,15
ARL,ARL,2000,6,28
ARL,ARL,2000,6,29
ARL,ARL,2000,6,30
ARL,ARL,2000,7,1
ARL,ARL,2000,7,7
ARL,ARL,2000,7,8
ARL,ARL,2000,7,12
ARL,ARL,2000,7,13
ARL,ARL,2000,7,14
ARL,ARL,2000,7,15
ARL,ARL,2000,7,16
ARL,ARL,2000,7,19
ARL,ARL,2000,7,20
ARL,ARL,2000,7,21
ARL,ARL,2000,7,22
ARL,ARL,2000,7,23
ARL,ARL,2000,7,26
ARL,ARL,2000,7,27
ARL,ARL,2000,7,28
ARL,ARL,2000,7,29
ARL,ARL,2000,7,30
ARL,ARL,2000,8,2
ARL,ARL,2000,8,3
ARL,ARL,2000,8,5
ARL,ARL,2000,8,6
ARL,ARL,2000,8,9
ARL,ARL,2000,8,10
ARL,ARL,2000,8,11
ARL,ARL,2000,8,12
ARL,ARL,2000,8,13
ARL,ARL,2000,8,16
ARL,ARL,2000,8,18
ARL,ARL,2000,8,23
ARL,ARL,2000,8,25
ARL,ARL,2000,8,26
ARL,ARL,2000,8,30
ARL,ARL,2000,8,31
ARL,ARL,2000,9,1
ARL,ARL,2000,9,2
ARL,ARL,2000,9,3
ARL,ARL,2000,9,4
ARL,ARL,2000,9,6
ARL,ARL,2000,9,7
ARL,ARL,2000,9,8
ARL,ARL,2000,9,9
ARL,ARL,2000,9,10
ARL,ARL,2000,9,13
ARL,ARL,2000,9,14
ARL,ARL,2000,9,15
ARL,ARL,2000,9,16
ARL,ARL,2000,9,20
ARL,ARL,2000,9,21
ARL,ARL,2000,9,22
ARL,ARL,2000,9,23
ARL,ARL,2000,9,24
ARL,ARL,2000,9,27
ARL,ARL,2000,9,28
ARL,ARL,2000,9,29
ARL,ARL,2000,9,30
ARL,ARL,2001,6,13
ARL,ARL,2001,6,14
ARL,ARL,2001,6,16
ARL,ARL,2001,6,17
ARL,ARL,2001,6,20
ARL,ARL,2001,6,21
ARL,ARL,2001,6,22
ARL,ARL,2001,6,23
ARL,ARL,2001,6,24
ARL,ARL,2001,6,27
ARL,ARL,2001,6,28
ARL,ARL,2001,6,30
ARL,ARL,2001,7,1
ARL,ARL,2001,7,4
ARL,ARL,2001,7,7
ARL,ARL,2001,7,8
ARL,ARL,2001,7,11
ARL,ARL,2001,7,13
ARL,ARL,2001,7,15
ARL,ARL,2001,7,19
ARL,ARL,2001,7,20
ARL,ARL,2001,7,21
ARL,ARL,2001,7,28
ARL,ARL,2001,8,9
ARL,ARL,2001,8,10
ARL,ARL,2001,8,11
ARL,ARL,2001,8,12
ARL,ARL,2001,8,17
ARL,ARL,2001,8,18
ARL,ARL,2001,8,19
ARL,ARL,2001,8,22
ARL,ARL,2001,8,23
ARL,ARL,2001,8,24
ARL,ARL,2001,8,25
ARL,ARL,2001,8,26
ARL,ARL,2001,8,31
ARL,ARL,2001,9,1
ARL,ARL,2001,9,2
ARL,ARL,2001,9,3
ARL,ARL,2001,9,5
ARL,ARL,2001,9,6
ARL,ARL,2001,9,7
ARL,ARL,2001,9,8
ARL,ARL,2001,9,9
ARL,ARL,2001,9,13
ARL,ARL,2001,9,14
ARL,ARL,2001,9,15
ARL,ARL,2001,9,16
ARL,ARL,2001,9,20
ARL,ARL,2001,9,22
ARL,ARL,2001,9,23
ARL,ARL,2001,9,26
ARL,ARL,2001,9,27
ARL,ARL,2001,9,28
ARL,ARL,2001,9,29
ARL,ARL,2001,9,30
ARL,ARL,2001,10,3
ARL,ARL,2001,10,4
ARL,ARL,2001,10,5
ARL,ARL,2001,10,6
ARL,ARL,2001,10,7
ARL,ARL,2001,10,8
ARL,ARL,2001,10,10
ARL,ARL,2001,10,11
ARL,ARL,2001,10,12
ARL,ARL,2001,10,13
ARL,ARL,2001,10,14
ARL,ARL,2001,10,18
ARL,ARL,2001,10,19
ARL,ARL,2001,10,21
ARL,ARL,2001,10,26
ARL,ARL,2001,10,27
ARL,ARL,2001,10,28
ARL,ARL,2002,6,5
ARL,ARL,2002,6,6
ARL,ARL,2002,6,7
ARL,ARL,2002,6,8
ARL,ARL,2002,6,9
ARL,ARL,2002,6,12
ARL,ARL,2002,6,13
ARL,ARL,2002,6,14
ARL,ARL,2002,6,15
ARL,ARL,2002,6,16
ARL,ARL,2002,6,19
ARL,ARL,2002,6,21
ARL,ARL,2002,6,22
ARL,ARL,2002,6,23
ARL,ARL,2002,6,26
ARL,ARL,2002,6,27
ARL,ARL,2002,6,28
ARL,ARL,2002,6,29
ARL,ARL,2002,6,30
ARL,ARL,2002,7,3
ARL,ARL,2002,7,4
ARL,ARL,2002,7,5
ARL,ARL,2002,7,6
ARL,ARL,2002,7,7
ARL,ARL,2002,7,10
ARL,ARL,2002,7,11
ARL,ARL,2002,7,12
ARL,ARL,2002,7,13
ARL,ARL,2002,7,14
ARL,ARL,2002,7,17
ARL,ARL,2002,7,18
ARL,ARL,2002,7,19
ARL,ARL,2002,7,20
ARL,ARL,2002,7,21
ARL,ARL,2002,7,24
ARL,ARL,2002,7,25
ARL,ARL,2002,7,26
ARL,ARL,2002,7,27
ARL,ARL,2002,7,28
ARL,ARL,2002,7,31
ARL,ARL,2002,8,1
ARL,ARL,2002,8,2
ARL,ARL,2002,8,3
ARL,ARL,2002,8,4
ARL,ARL,2002,8,7
ARL,ARL,2002,8,8
ARL,ARL,2002,8,9
ARL,ARL,2002,8,10
ARL,ARL,2002,8,11
ARL,ARL,2002,8,14
ARL,ARL,2002,8,15
ARL,ARL,2002,8,16
ARL,ARL,2002,8,17
ARL,ARL,2002,8,18
ARL,ARL,2002,8,21
ARL,ARL,2002,8,22
ARL,ARL,2002,8,23
ARL,ARL,2002,8,24
ARL,ARL,2002,8,25
ARL,ARL,2002,8,28
ARL,ARL,2002,8,29
ARL,ARL,2002,8,30
ARL,ARL,2002,8,31
ARL,ARL,2002,9,1
ARL,ARL,2002,9,2
ARL,ARL,2002,9,4
ARL,ARL,2002,9,5
ARL,ARL,2002,9,6
ARL,ARL,2002,9,7
ARL,ARL,2002,9,8
ARL,ARL,2002,9,11
ARL,ARL,2002,9,12
ARL,ARL,2002,9,13
ARL,ARL,2002,9,14
ARL,ARL,2002,9,15
ARL,ARL,2002,9,18
ARL,ARL,2002,9,19
ARL,ARL,2002,9,20
ARL,ARL,2002,9,21
ARL,ARL,2002,9,22
ARL,ARL,2002,9,25
ARL,ARL,2002,9,26
ARL,ARL,2002,9,27
ARL,ARL,2002,9,28
ARL,ARL,2002,9,29
ARL,ARL,2002,10,2
ARL,ARL,2002,10,3
ARL,ARL,2002,10,4
ARL,ARL,2002,10,5
ARL,ARL,2002,10,6
ARL,ARL,2002,10,9
ARL,ARL,2002,10,10
ARL,ARL,2002,10,11
ARL,ARL,2002,10,12
ARL,ARL,2002,10,13
ARL,ARL,2002,10,14
ARL,ARL,2002,10,16
ARL,ARL,2002,10,17
ARL,ARL,2002,10,18
ARL,ARL,2002,10,19
ARL,ARL,2002,10,20
ARL,ARL,2002,10,23
ARL,ARL,2002,10,24
ARL,ARL,2002,10,25
ARL,ARL,2002,10,26
ARL,ARL,2002,10,27
ARL,ARL,2003,5,9
ARL,ARL,2003,5,10
ARL,ARL,2003,5,11
ARL,ARL,2003,5,14
ARL,ARL,2003,5,15
ARL,ARL,2003,5,16
ARL,ARL,2003,5,17
ARL,ARL,2003,5,18
ARL,ARL,2003,5,21
ARL,ARL,2003,5,22
ARL,ARL,2003,5,23
ARL,ARL,2003,5,24
ARL,ARL,2003,5,25
ARL,ARL,2003,5,26
ARL,ARL,2003,5,28
ARL,ARL,2003,5,29
ARL,ARL,2003,5,30
ARL,ARL,2003,5,31
ARL,ARL,2003,6,1
ARL,ARL,2003,6,4
ARL,ARL,2003,6,5
ARL,ARL,2003,6,6
ARL,ARL,2003,6,7
ARL,ARL,2003,6,8
ARL,ARL,2003,6,11
ARL,ARL,2003,6,12
ARL,ARL,2003,6,13
ARL,ARL,2003,6,14
ARL,ARL,2003,6,15
ARL,ARL,2003,6,18
ARL,ARL,2003,6,19
ARL,ARL,2003,6,20
ARL,ARL,2003,6,21
ARL,ARL,2003,6,22
ARL,ARL,2003,6,25
ARL,ARL,2003,6,26
ARL,ARL,2003,6,27
ARL,ARL,2003,6,28
ARL,ARL,2003,6,29
ARL,ARL,2003,7,2
ARL,ARL,2003,7,3
ARL,ARL,2003,7,4
ARL,ARL,2003,7,5
ARL,ARL,2003,7,6
ARL,ARL,2003,7,9
ARL,ARL,2003,7,10
ARL,ARL,2003,7,11
ARL,ARL,2003,7,12
ARL,ARL,2003,7,13
ARL,ARL,2003,7,16
ARL,ARL,2003,7,17
ARL,ARL,2003,7,18
ARL,ARL,2003,7,20
ARL,ARL,2003,7,23
ARL,ARL,2003,7,24
ARL,ARL,2003,7,25
ARL,ARL,2003,7,26
ARL,ARL,2003,7,27
ARL,ARL,2003,7,30
ARL,ARL,2003,7,31
ARL,ARL,2003,8,2
ARL,ARL,2003,8,3
ARL,ARL,2003,8,6
ARL,ARL,2003,8,7
ARL,ARL,2003,8,8
ARL,ARL,2003,8,9
ARL,ARL,2003,8,10
ARL,ARL,2003,8,13
ARL,ARL,2003,8,17
ARL,ARL,2003,8,20
ARL,ARL,2003,8,21
ARL,ARL,2003,8,22
ARL,ARL,2003,8,23
ARL,ARL,2003,8,24
ARL,ARL,2003,8,27
ARL,ARL,2003,8,28
ARL,ARL,2003,8,29
ARL,ARL,2003,8,30
ARL,ARL,2003,8,31
ARL,ARL,2003,9,1
ARL,ARL,2003,9,3
ARL,ARL,2003,9,4
ARL,ARL,2003,9,5
ARL,ARL,2003,9,6
ARL,ARL,2003,9,7
ARL,ARL,2003,9,10
ARL,ARL,2003,9,11
ARL,ARL,2003,9,12
ARL,ARL,2003,9,13
ARL,ARL,2003,9,14
ARL,ARL,2003,9,17
ARL,ARL,2003,9,18
ARL,ARL,2003,9,19
ARL,ARL,2003,9,20
ARL,ARL,2003,9,21
ARL,ARL,2003,9,24
ARL,ARL,2003,9,25
ARL,ARL,2003,9,26
ARL,ARL,2003,9,27
ARL,ARL,2004,5,14
ARL,ARL,2004,5,15
ARL,ARL,2004,5,16
ARL,ARL,2004,5,19
ARL,ARL,2004,5,20
ARL,ARL,2004,5,21
ARL,ARL,2004,5,22
ARL,ARL,2004,5,23
ARL,ARL,2004,5,26
ARL,ARL,2004,5,27
ARL,ARL,2004,5,28
ARL,ARL,2004,5,29
ARL,ARL,2004,5,30
ARL,ARL,2004,5,31
ARL,ARL,2004,6,2
ARL,ARL,2004,6,3
ARL,ARL,2004,6,4
ARL,ARL,2004,6,5
ARL,ARL,2004,6,6
ARL,ARL,2004,6,9
ARL,ARL,2004,6,10
ARL,ARL,2004,6,11
ARL,ARL,2004,6,12
ARL,ARL,2004,6,13
ARL,ARL,2004,6,16
ARL,ARL,2004,6,17
ARL,ARL,2004,6,18
ARL,ARL,2004,6,19
ARL,ARL,2004,6,20
ARL,ARL,2004,6,23
ARL,ARL,2004,6,24
ARL,ARL,2004,6,25
ARL,ARL,2004,6,26
ARL,ARL,2004,6,27
ARL,ARL,2004,6,30
ARL,ARL,2004,7,1
ARL,ARL,2004,7,2
ARL,ARL,2004,7,3
ARL,ARL,2004,7,4
ARL,ARL,2004,7,5
ARL,ARL,2004,7,7
ARL,ARL,2004,7,8
ARL,ARL,2004,7,9
ARL,ARL,2004,7,10
ARL,ARL,2004,7,11
ARL,ARL,2004,7,14
ARL,ARL,2004,7,15
ARL,ARL,2004,7,16
ARL,ARL,2004,7,17
ARL,ARL,2004,7,18
ARL,ARL,2004,7,21
ARL,ARL,2004,7,22
ARL,ARL,2004,7,23
ARL,ARL,2004,7,24
ARL,ARL,2004,7,25
ARL,ARL,2004,7,28
ARL,ARL,2004,7,29
ARL,ARL,2004,7,30
ARL,ARL,2004,7,31
ARL,ARL,2004,8,1
ARL,ARL,2004,8,4
ARL,ARL,2004,8,5
ARL,ARL,2004,8,6
ARL,ARL,2004,8,7
ARL,ARL,2004,8,8
ARL,ARL,2004,8,11
ARL,ARL,2004,8,12
ARL,ARL,2004,8,13
ARL,ARL,2004,8,14
ARL,ARL,2004,8,15
ARL,ARL,2004,8,18
ARL,ARL,2004,8,19
ARL,ARL,2004,8,20
ARL,ARL,2004,8,21
ARL,ARL,2004,8,22
ARL,ARL,2004,8,25
ARL,ARL,2004,8,26
ARL,ARL,2004,8,27
ARL,ARL,2004,8,28
ARL,ARL,2004,8,29
ARL,ARL,2004,9,1
ARL,ARL,2004,9,2
ARL,ARL,2004,9,3
ARL,ARL,2004,9,4
ARL,ARL,2004,9,5
ARL,ARL,2004,9,6
ARL,ARL,2004,9,8
ARL,ARL,2004,9,9
ARL,ARL,2004,9,10
ARL,ARL,2004,9,11
ARL,ARL,2004,9,12
ARL,ARL,2004,9,15
ARL,ARL,2004,9,16
ARL,ARL,2004,9,17
ARL,ARL,2004,9,18
ARL,ARL,2004,9,19
ARL,ARL,2005,5,13
ARL,ARL,2005,5,14
ARL,ARL,2005,5,15
ARL,ARL,2005,5,18
ARL,ARL,2005,5,19
ARL,ARL,2005,5,20
ARL,ARL,2005,5,21
ARL,ARL,2005,5,22
ARL,ARL,2005,5,25
ARL,ARL,2005,5,26
ARL,ARL,2005,5,27
ARL,ARL,2005,5,28
ARL,ARL,2005,5,29
ARL,ARL,2005,5,30
ARL,ARL,2005,6,2
ARL,ARL,2005,6,3
ARL,ARL,2005,6,4
ARL,ARL,2005,6,5
ARL,ARL,2005,6,8
ARL,ARL,2005,6,9
ARL,ARL,2005,6,10
ARL,ARL,2005,6,11
ARL,ARL,2005,6,12
ARL,ARL,2005,6,15
ARL,ARL,2005,6,16
ARL,ARL,2005,6,17
ARL,ARL,2005,6,18
ARL,ARL,2005,6,19
ARL,ARL,2005,6,22
ARL,ARL,2005,6,23
ARL,ARL,2005,6,24
ARL,ARL,2005,6,25
ARL,ARL,2005,6,26
ARL,ARL,2005,6,29
ARL,ARL,2005,6,30
ARL,ARL,2005,7,1
ARL,ARL,2005,7,2
ARL,ARL,2005,7,3
ARL,ARL,2005,7,4
ARL,ARL,2005,7,7
ARL,ARL,2005,7,8
ARL,ARL,2005,7,9
ARL,ARL,2005,7,10
ARL,ARL,2005,7,13
ARL,ARL,2005,7,14
ARL,ARL,2005,7,15
ARL,ARL,2005,7,16
ARL,ARL,2005,7,17
ARL,ARL,2005,7,20
ARL,ARL,2005,7,21
ARL,ARL,2005,7,22
ARL,ARL,2005,7,23
ARL,ARL,2005,7,24
ARL,ARL,2005,7,27
ARL,ARL,2005,7,28
ARL,ARL,2005,7,29
ARL,ARL,2005,7,30
ARL,ARL,2005,7,31
ARL,ARL,2005,8,3
ARL,ARL,2005,8,4
ARL,ARL,2005,8,5
ARL,ARL,2005,8,6
ARL,ARL,2005,8,7
ARL,ARL,2005,8,10
ARL,ARL,2005,8,11
ARL,ARL,2005,8,12
ARL,ARL,2005,8,13
ARL,ARL,2005,8,14
ARL,ARL,2005,8,17
ARL,ARL,2005,8,18
ARL,ARL,2005,8,19
ARL,ARL,2005,8,20
ARL,ARL,2005,8,21
ARL,ARL,2005,8,24
ARL,ARL,2005,8,25
ARL,ARL,2005,8,26
ARL,ARL,2005,8,27
ARL,ARL,2005,8,28
ARL,ARL,2005,8,31
ARL,ARL,2005,9,1
ARL,ARL,2005,9,2
ARL,ARL,2005,9,3
ARL,ARL,2005,9,4
ARL,ARL,2005,9,5
ARL,ARL,2005,9,7
ARL,ARL,2005,9,8
ARL,ARL,2005,9,9
ARL,ARL,2005,9,10
ARL,ARL,2005,9,11
ARL,ARL,2005,9,14
ARL,ARL,2005,9,15
ARL,ARL,2005,9,16
ARL,ARL,2005,9,17
ARL,ARL,2005,9,18
ARL,ARL,2006,5,5
ARL,ARL,2006,5,6
ARL,ARL,2006,5,7
ARL,ARL,2006,5,10
ARL,ARL,2006,5,11
ARL,ARL,2006,5,12
ARL,ARL,2006,5,13
ARL,ARL,2006,5,14
ARL,ARL,2006,5,17
ARL,ARL,2006,5,18
ARL,ARL,2006,5,19
ARL,ARL,2006,5,20
ARL,ARL,2006,5,21
ARL,ARL,2006,5,24
ARL,ARL,2006,5,25
ARL,ARL,2006,5,26
ARL,ARL,2006,5,27
ARL,ARL,2006,5,28
ARL,ARL,2006,5,29
ARL,ARL,2006,6,1
ARL,ARL,2006,6,2
ARL,ARL,2006,6,3
ARL,ARL,2006,6,4
ARL,ARL,2006,6,7
ARL,ARL,2006,6,8
ARL,ARL,2006,6,9
ARL,ARL,2006,6,10
ARL,ARL,2006,6,11
ARL,ARL,2006,6,14
ARL,ARL,2006,6,15
ARL,ARL,2006,6,16
ARL,ARL,2006,6,17
ARL,ARL,2006,6,18
ARL,ARL,2006,6,21
ARL,ARL,2006,6,22
ARL,ARL,2006,6,23
ARL,ARL,2006,6,24
ARL,ARL,2006,6,25
ARL,ARL,2006,6,29
ARL,ARL,2006,6,30
ARL,ARL,2006,7,1
ARL,ARL,2006,7,2
ARL,ARL,2006,7,3
ARL,ARL,2006,7,4
ARL,ARL,2006,7,7
ARL,ARL,2006,7,8
ARL,ARL,2006,7,9
ARL,ARL,2006,7,12
ARL,ARL,2006,7,13
ARL,ARL,2006,7,14
ARL,ARL,2006,7,15
ARL,ARL,2006,7,16
ARL,ARL,2006,7,19
ARL,ARL,2006,7,20
ARL,ARL,2006,7,21
ARL,ARL,2006,7,22
ARL,ARL,2006,7,23
ARL,ARL,2006,7,26
ARL,ARL,2006,7,27
ARL,ARL,2006,7,28
ARL,ARL,2006,7,29
ARL,ARL,2006,7,30
ARL,ARL,2006,8,2
ARL,ARL,2006,8,3
ARL,ARL,2006,8,4
ARL,ARL,2006,8,5
ARL,ARL,2006,8,6
ARL,ARL,2006,8,9
ARL,ARL,2006,8,10
ARL,ARL,2006,8,11
ARL,ARL,2006,8,12
ARL,ARL,2006,8,13
ARL,ARL,2006,8,16
ARL,ARL,2006,8,17
ARL,ARL,2006,8,18
ARL,ARL,2006,8,19
ARL,ARL,2006,8,20
ARL,ARL,2006,8,23
ARL,ARL,2006,8,24
ARL,ARL,2006,8,25
ARL,ARL,2006,8,26
ARL,ARL,2006,8,27
ARL,ARL,2006,8,30
ARL,ARL,2006,8,31
ARL,ARL,2006,9,1
ARL,ARL,2006,9,2
ARL,ARL,2006,9,3
ARL,ARL,2006,9,4
ARL,ARL,2006,9,6
ARL,ARL,2006,9,7
ARL,ARL,2006,9,8
ARL,ARL,2006,9,9
ARL,ARL,2006,9,10
ARL,ARL,2006,9,11
ARL,ARL,2006,9,12
ARL,ARL,2007,5,4
ARL,ARL,2007,5,5
ARL,ARL,2007,5,6
ARL,ARL,2007,5,10
ARL,ARL,2007,5,11
ARL,ARL,2007,5,12
ARL,ARL,2007,5,13
ARL,ARL,2007,5,17
ARL,ARL,2007,5,18
ARL,ARL,2007,5,19
ARL,ARL,2007,5,20
ARL,ARL,2007,5,24
ARL,ARL,2007,5,25
ARL,ARL,2007,5,26
ARL,ARL,2007,5,27
ARL,ARL,2007,5,28
ARL,ARL,2007,5,31
ARL,ARL,2007,6,1
ARL,ARL,2007,6,2
ARL,ARL,2007,6,3
ARL,ARL,2007,6,7
ARL,ARL,2007,6,8
ARL,ARL,2007,6,9
ARL,ARL,2007,6,10
ARL,ARL,2007,6,14
ARL,ARL,2007,6,15
ARL,ARL,2007,6,16
ARL,ARL,2007,6,17
ARL,ARL,2007,6,20
ARL,ARL,2007,6,21
ARL,ARL,2007,6,22
ARL,ARL,2007,6,23
ARL,ARL,2007,6,24
ARL,ARL,2007,6,27
ARL,ARL,2007,6,28
ARL,ARL,2007,6,29
ARL,ARL,2007,6,30
ARL,ARL,2007,7,1
ARL,ARL,2007,7,4
ARL,ARL,2007,7,5
ARL,ARL,2007,7,6
ARL,ARL,2007,7,7
ARL,ARL,2007,7,8
ARL,ARL,2007,7,11
ARL,ARL,2007,7,12
ARL,ARL,2007,7,13
ARL,ARL,2007,7,14
ARL,ARL,2007,7,15
ARL,ARL,2007,7,18
ARL,ARL,2007,7,19
ARL,ARL,2007,7,20
ARL,ARL,2007,7,21
ARL,ARL,2007,7,22
ARL,ARL,2007,7,25
ARL,ARL,2007,7,26
ARL,ARL,2007,7,27
ARL,ARL,2007,7,28
ARL,ARL,2007,7,29
ARL,ARL,2007,8,1
ARL,ARL,2007,8,2
ARL,ARL,2007,8,3
ARL,ARL,2007,8,4
ARL,ARL,2007,8,5
ARL,ARL,2007,8,8
ARL,ARL,2007,8,9
ARL,ARL,2007,8,10
ARL,ARL,2007,8,11
ARL,ARL,2007,8,12
ARL,ARL,2007,8,15
ARL,ARL,2007,8,16
ARL,ARL,2007,8,17
ARL,ARL,2007,8,18
ARL,ARL,2007,8,19
ARL,ARL,2007,8,22
ARL,ARL,2007,8,23
ARL,ARL,2007,8,24
ARL,ARL,2007,8,25
ARL,ARL,2007,8,26
ARL,ARL,2007,8,29
ARL,ARL,2007,8,30
ARL,ARL,2007,8,31
ARL,ARL,2007,9,1
ARL,ARL,2007,9,2
ARL,ARL,2007,9,3
ARL,ARL,2007,9,5
ARL,ARL,2007,9,6
ARL,ARL,2007,9,7
ARL,ARL,2007,9,8
ARL,ARL,2007,9,9
ARL,ARL,2007,9,12
ARL,ARL,2007,9,13
ARL,ARL,2007,9,14
ARL,ARL,2007,9,15
ARL,ARL,2007,9,16
ARL,ARL,2008,5,2
ARL,ARL,2008,5,3
ARL,ARL,2008,5,4
ARL,ARL,2008,5,8
ARL,ARL,2008,5,9
ARL,ARL,2008,5,10
ARL,ARL,2008,5,11
ARL,ARL,2008,5,15
ARL,ARL,2008,5,16
ARL,ARL,2008,5,17
ARL,ARL,2008,5,18
ARL,ARL,2008,5,22
ARL,ARL,2008,5,23
ARL,ARL,2008,5,24
ARL,ARL,2008,5,25
ARL,ARL,2008,5,26
ARL,ARL,2008,5,29
ARL,ARL,2008,5,30
ARL,ARL,2008,5,31
ARL,ARL,2008,6,1
ARL,ARL,2008,6,5
ARL,ARL,2008,6,6
ARL,ARL,2008,6,7
ARL,ARL,2008,6,8
ARL,ARL,2008,6,12
ARL,ARL,2008,6,13
ARL,ARL,2008,6,14
ARL,ARL,2008,6,15
ARL,ARL,2008,6,18
ARL,ARL,2008,6,19
ARL,ARL,2008,6,20
ARL,ARL,2008,6,21
ARL,ARL,2008,6,22
ARL,ARL,2008,6,25
ARL,ARL,2008,6,26
ARL,ARL,2008,6,27
ARL,ARL,2008,6,28
ARL,ARL,2008,6,29
ARL,ARL,2008,7,2
ARL,ARL,2008,7,3
ARL,ARL,2008,7,4
ARL,ARL,2008,7,5
ARL,ARL,2008,7,6
ARL,ARL,2008,7,9
ARL,ARL,2008,7,10
ARL,ARL,2008,7,11
ARL,ARL,2008,7,12
ARL,ARL,2008,7,13
ARL,ARL,2008,7,16
ARL,ARL,2008,7,17
ARL,ARL,2008,7,18
ARL,ARL,2008,7,19
ARL,ARL,2008,7,20
ARL,ARL,2008,7,23
ARL,ARL,2008,7,24
ARL,ARL,2008,7,25
ARL,ARL,2008,7,26
ARL,ARL,2008,7,27
ARL,ARL,2008,7,30
ARL,ARL,2008,7,31
ARL,ARL,2008,8,1
ARL,ARL,2008,8,2
ARL,ARL,2008,8,3
ARL,ARL,2008,8,6
ARL,ARL,2008,8,7
ARL,ARL,2008,8,8
ARL,ARL,2008,8,9
ARL,ARL,2008,8,10
ARL,ARL,2008,8,13
ARL,ARL,2008,8,14
ARL,ARL,2008,8,15
ARL,ARL,2008,8,16
ARL,ARL,2008,8,17
ARL,ARL,2008,8,20
ARL,ARL,2008,8,21
ARL,ARL,2008,8,22
ARL,ARL,2008,8,23
ARL,ARL,2008,8,24
ARL,ARL,2008,8,27
ARL,ARL,2008,8,28
ARL,ARL,2008,8,29
ARL,ARL,2008,8,30
ARL,ARL,2008,8,31
ARL,ARL,2008,9,1
ARL,ARL,2008,9,4
ARL,ARL,2008,9,5
ARL,ARL,2008,9,6
ARL,ARL,2008,9,7
ARL,ARL,2008,9,11
ARL,ARL,2008,9,12
ARL,ARL,2008,9,13
ARL,ARL,2008,9,14
ARL,ARL,2008,9,18
ARL,ARL,2008,9,19
ARL,ARL,2008,9,20
ARL,ARL,2008,9,21
ARL,ARL,2009,5,1
ARL,ARL,2009,5,2
ARL,ARL,2009,5,3
ARL,ARL,2009,5,7
ARL,ARL,2009,5,8
ARL,ARL,2009,5,9
ARL,ARL,2009,5,10
ARL,ARL,2009,5,14
ARL,ARL,2009,5,15
ARL,ARL,2009,5,16
ARL,ARL,2009,5,17
ARL,ARL,2009,5,21
ARL,ARL,2009,5,22
ARL,ARL,2009,5,23
ARL,ARL,2009,5,24
ARL,ARL,2009,5,25
ARL,ARL,2009,5,28
ARL,ARL,2009,5,29
ARL,ARL,2009,5,30
ARL,ARL,2009,5,31
ARL,ARL,2009,6,4
ARL,ARL,2009,6,5
ARL,ARL,2009,6,6
ARL,ARL,2009,6,7
ARL,ARL,2009,6,11
ARL,ARL,2009,6,12
ARL,ARL,2009,6,13
ARL,ARL,2009,6,14
ARL,ARL,2009,6,18
ARL,ARL,2009,6,19
ARL,ARL,2009,6,20
ARL,ARL,2009,6,21
ARL,ARL,2009,6,25
ARL,ARL,2009,6,26
ARL,ARL,2009,6,27
ARL,ARL,2009,6,28
ARL,ARL,2009,7,1
ARL,ARL,2009,7,2
ARL,ARL,2009,7,3
ARL,ARL,2009,7,4
ARL,ARL,2009,7,5
ARL,ARL,2009,7,8
ARL,ARL,2009,7,9
ARL,ARL,2009,7,10
ARL,ARL,2009,7,11
ARL,ARL,2009,7,12
ARL,ARL,2009,7,15
ARL,ARL,2009,7,16
ARL,ARL,2009,7,17
ARL,ARL,2009,7,18
ARL,ARL,2009,7,19
ARL,ARL,2009,7,22
ARL,ARL,2009,7,23
ARL,ARL,2009,7,24
ARL,ARL,2009,7,25
ARL,ARL,2009,7,26
ARL,ARL,2009,7,29
ARL,ARL,2009,7,30
ARL,ARL,2009,7,31
ARL,ARL,2009,8,1
ARL,ARL,2009,8,2
ARL,ARL,2009,8,5
ARL,ARL,2009,8,6
ARL,ARL,2009,8,7
ARL,ARL,2009,8,8
ARL,ARL,2009,8,9
ARL,ARL,2009,8,12
ARL,ARL,2009,8,13
ARL,ARL,2009,8,14
ARL,ARL,2009,8,15
ARL,ARL,2009,8,16
ARL,ARL,2009,8,19
ARL,ARL,2009,8,20
ARL,ARL,2009,8,21
ARL,ARL,2009,8,22
ARL,ARL,2009,8,23
ARL,ARL,2009,8,26
ARL,ARL,2009,8,27
ARL,ARL,2009,8,28
ARL,ARL,2009,8,29
ARL,ARL,2009,8,30
ARL,ARL,2009,9,3
ARL,ARL,2009,9,4
ARL,ARL,2009,9,5
ARL,ARL,2009,9,6
ARL,ARL,2009,9,7
ARL,ARL,2009,9,10
ARL,ARL,2009,9,11
ARL,ARL,2009,9,12
ARL,ARL,2009,9,13
ARL,ARL,2009,9,17
ARL,ARL,2009,9,18
ARL,ARL,2009,9,19
ARL,ARL,2009,9,20
ARL,ARL,2009,9,24
ARL,ARL,2009,9,25
ARL,ARL,2009,9,26
ARL,ARL,2009,9,27
ARL,ARL,2010,4,29
ARL,ARL,2010,4,30
ARL,ARL,2010,5,1
ARL,ARL,2010,5,2
ARL,ARL,2010,5,6
ARL,ARL,2010,5,7
ARL,ARL,2010,5,8
ARL,ARL,2010,5,9
ARL,ARL,2010,5,13
ARL,ARL,2010,5,14
ARL,ARL,2010,5,15
ARL,ARL,2010,5,16
ARL,ARL,2010,5,20
ARL,ARL,2010,5,21
ARL,ARL,2010,5,22
ARL,ARL,2010,5,23
ARL,ARL,2010,5,27
ARL,ARL,2010,5,28
ARL,ARL,2010,5,29
ARL,ARL,2010,5,30
ARL,ARL,2010,5,31
ARL,ARL,2010,6,3
ARL,ARL,2010,6,4
ARL,ARL,2010,6,5
ARL,ARL,2010,6,6
ARL,ARL,2010,6,10
ARL,ARL,2010,6,11
ARL,ARL,2010,6,12
ARL,ARL,2010,6,13
ARL,ARL,2010,6,17
ARL,ARL,2010,6,18
ARL,ARL,2010,6,19
ARL,ARL,2010,6,20
ARL,ARL,2010,6,24
ARL,ARL,2010,6,25
ARL,ARL,2010,6,26
ARL,ARL,2010,6,27
ARL,ARL,2010,7,1
ARL,ARL,2010,7,2
ARL,ARL,2010,7,3
ARL,ARL,2010,7,4
ARL,ARL,2010,7,5
ARL,ARL,2010,7,8
ARL,ARL,2010,7,9
ARL,ARL,2010,7,10
ARL,ARL,2010,7,11
ARL,ARL,2010,7,15
ARL,ARL,2010,7,16
ARL,ARL,2010,7,17
ARL,ARL,2010,7,18
ARL,ARL,2010,7,22
ARL,ARL,2010,7,23
ARL,ARL,2010,7,24
ARL,ARL,2010,7,25
ARL,ARL,2010,7,29
ARL,ARL,2010,7,30
ARL,ARL,2010,7,31
ARL,ARL,2010,8,1
ARL,ARL,2010,8,5
ARL,ARL,2010,8,6
ARL,ARL,2010,8,7
ARL,ARL,2010,8,8
ARL,ARL,2010,8,12
ARL,ARL,2010,8,13
ARL,ARL,2010,8,14
ARL,ARL,2010,8,15
ARL,ARL,2010,8,19
ARL,ARL,2010,8,20
ARL,ARL,2010,8,21
ARL,ARL,2010,8,22
ARL,ARL,2010,8,26
ARL,ARL,2010,8,27
ARL,ARL,2010,8,28
ARL,ARL,2010,8,29
ARL,ARL,2010,9,2
ARL,ARL,2010,9,3
ARL,ARL,2010,9,4
ARL,ARL,2010,9,5
ARL,ARL,2010,9,6
ARL,ARL,2010,9,9
ARL,ARL,2010,9,10
ARL,ARL,2010,9,11
ARL,ARL,2010,9,12
ARL,ARL,2010,9,16
ARL,ARL,2010,9,17
ARL,ARL,2010,9,18
ARL,ARL,2010,9,19
ARL,ARL,2010,9,23
ARL,ARL,2010,9,24
ARL,ARL,2010,9,25
ARL,ARL,2010,9,26
ARL,ARL,2011,5,6
ARL,ARL,2011,5,7
ARL,ARL,2011,5,8
ARL,ARL,2011,5,11
ARL,ARL,2011,5,13
ARL,ARL,2011,5,14
ARL,ARL,2011,5,15
ARL,ARL,2011,5,18
ARL,ARL,2011,5,20
ARL,ARL,2011,5,21
ARL,ARL,2011,5,22
ARL,ARL,2011,5,25
ARL,ARL,2011,5,27
ARL,ARL,2011,5,28
ARL,ARL,2011,5,29
ARL,ARL,2011,5,30
ARL,ARL,2011,6,1
ARL,ARL,2011,6,3
ARL,ARL,2011,6,4
ARL,ARL,2011,6,5
ARL,ARL,2011,6,8
ARL,ARL,2011,6,10
ARL,ARL,2011,6,11
ARL,ARL,2011,6,12
ARL,ARL,2011,6,15
ARL,ARL,2011,6,17
ARL,ARL,2011,6,18
ARL,ARL,2011,6,19
ARL,ARL,2011,6,22
ARL,ARL,2011,6,24
ARL,ARL,2011,6,25
ARL,ARL,2011,6,26
ARL,ARL,2011,6,29
ARL,ARL,2011,7,1
ARL,ARL,2011,7,2
ARL,ARL,2011,7,3
ARL,ARL,2011,7,4
ARL,ARL,2011,7,7
ARL,ARL,2011,7,8
ARL,ARL,2011,7,9
ARL,ARL,2011,7,10
ARL,ARL,2011,7,14
ARL,ARL,2011,7,15
ARL,ARL,2011,7,16
ARL,ARL,2011,7,17
ARL,ARL,2011,7,21
ARL,ARL,2011,7,22
ARL,ARL,2011,7,23
ARL,ARL,2011,7,24
ARL,ARL,2011,7,28
ARL,ARL,2011,7,29
ARL,ARL,2011,7,30
ARL,ARL,2011,7,31
ARL,ARL,2011,8,4
ARL,ARL,2011,8,5
ARL,ARL,2011,8,6
ARL,ARL,2011,8,7
ARL,ARL,2011,8,11
ARL,ARL,2011,8,12
ARL,ARL,2011,8,13
ARL,ARL,2011,8,14
ARL,ARL,2011,8,18
ARL,ARL,2011,8,19
ARL,ARL,2011,8,20
ARL,ARL,2011,8,21
ARL,ARL,2011,8,25
ARL,ARL,2011,8,26
ARL,ARL,2011,8,27
ARL,ARL,2011,8,28
ARL,ARL,2011,9,1
ARL,ARL,2011,9,2
ARL,ARL,2011,9,3
ARL,ARL,2011,9,4
ARL,ARL,2011,9,5
ARL,ARL,2011,9,8
ARL,ARL,2011,9,9
ARL,ARL,2011,9,10
ARL,ARL,2011,9,11
ARL,ARL,2011,9,15
ARL,ARL,2011,9,16
ARL,ARL,2011,9,17
ARL,ARL,2011,9,18
ARL,ARL,2011,9,22
ARL,ARL,2011,9,23
ARL,ARL,2011,9,24
ARL,ARL,2011,9,25
ARL,ARL,2012,5,4
ARL,ARL,2012,5,5
ARL,ARL,2012,5,6
ARL,ARL,2012,5,9
ARL,ARL,2012,5,11
ARL,ARL,2012,5,12
ARL,ARL,2012,5,13
ARL,ARL,2012,5,16
ARL,ARL,2012,5,18
ARL,ARL,2012,5,19
ARL,ARL,2012,5,20
ARL,ARL,2012,5,23
ARL,ARL,2012,5,25
ARL,ARL,2012,5,26
ARL,ARL,2012,5,27
ARL,ARL,2012,5,28
ARL,ARL,2012,5,30
ARL,ARL,2012,6,1
ARL,ARL,2012,6,2
ARL,ARL,2012,6,3
ARL,ARL,2012,6,6
ARL,ARL,2012,6,8
ARL,ARL,2012,6,9
ARL,ARL,2012,6,10
ARL,ARL,2012,6,13
ARL,ARL,2012,6,15
ARL,ARL,2012,6,16
ARL,ARL,2012,6,17
ARL,ARL,2012,6,20
ARL,ARL,2012,6,22
ARL,ARL,2012,6,23
ARL,ARL,2012,6,24
ARL,ARL,2012,6,27
ARL,ARL,2012,6,29
ARL,ARL,2012,6,30
ARL,ARL,2012,7,1
ARL,ARL,2012,7,4
ARL,ARL,2012,7,5
ARL,ARL,2012,7,6
ARL,ARL,2012,7,7
ARL,ARL,2012,7,8
ARL,ARL,2012,7,12
ARL,ARL,2012,7,13
ARL,ARL,2012,7,14
ARL,ARL,2012,7,15
ARL,ARL,2012,7,19
ARL,ARL,2012,7,20
ARL,ARL,2012,7,21
ARL,ARL,2012,7,22
ARL,ARL,2012,7,26
ARL,ARL,2012,7,27
ARL,ARL,2012,7,28
ARL,ARL,2012,7,29
ARL,ARL,2012,8,2
ARL,ARL,2012,8,3
ARL,ARL,2012,8,4
ARL,ARL,2012,8,5
ARL,ARL,2012,8,9
ARL,ARL,2012,8,10
ARL,ARL,2012,8,11
ARL,ARL,2012,8,12
ARL,ARL,2012,8,16
ARL,ARL,2012,8,17
ARL,ARL,2012,8,18
ARL,ARL,2012,8,19
ARL,ARL,2012,8,23
ARL,ARL,2012,8,24
ARL,ARL,2012,8,25
ARL,ARL,2012,8,26
ARL,ARL,2012,8,30
ARL,ARL,2012,8,31
ARL,ARL,2012,9,1
ARL,ARL,2012,9,2
ARL,ARL,2012,9,3
ARL,ARL,2012,9,6
ARL,ARL,2012,9,7
ARL,ARL,2012,9,8
ARL,ARL,2012,9,9
ARL,ARL,2012,9,13
ARL,ARL,2012,9,14
ARL,ARL,2012,9,15
ARL,ARL,2012,9,16
ARL,ARL,2012,9,20
ARL,ARL,2012,9,21
ARL,ARL,2012,9,22
ARL,ARL,2012,9,23
ARL,ARL,2012,9,27
ARL,ARL,2012,9,28
ARL,ARL,2012,9,29
ARL,ARL,2012,9,30
ARL,ARL,2013,5,3
ARL,ARL,2013,5,4
ARL,ARL,2013,5,5
ARL,ARL,2013,5,8
ARL,ARL,2013,5,10
ARL,ARL,2013,5,11
ARL,ARL,2013,5,12
ARL,ARL,2013,5,15
ARL,ARL,2013,5,17
ARL,ARL,2013,5,18
ARL,ARL,2013,5,19
ARL,ARL,2013,5,22
ARL,ARL,2013,5,24
ARL,ARL,2013,5,25
ARL,ARL,2013,5,26
ARL,ARL,2013,5,27
ARL,ARL,2013,5,29
ARL,ARL,2013,5,31
ARL,ARL,2013,6,1
ARL,ARL,2013,6,2
ARL,ARL,2013,6,5
ARL,ARL,2013,6,7
ARL,ARL,2013,6,8
ARL,ARL,2013,6,9
ARL,ARL,2013,6,12
ARL,ARL,2013,6,14
ARL,ARL,2013,6,15
ARL,ARL,2013,6,16
ARL,ARL,2013,6,19
ARL,ARL,2013,6,21
ARL,ARL,2013,6,22
ARL,ARL,2013,6,23
ARL,ARL,2013,6,26
ARL,ARL,2013,6,28
ARL,ARL,2013,6,29
ARL,ARL,2013,6,30
ARL,ARL,2013,7,4
ARL,ARL,2013,7,5
ARL,ARL,2013,7,6
ARL,ARL,2013,7,7
ARL,ARL,2013,7,11
ARL,ARL,2013,7,12
ARL,ARL,2013,7,13
ARL,ARL,2013,7,14
ARL,ARL,2013,7,18
ARL,ARL,2013,7,19
ARL,ARL,2013,7,20
ARL,ARL,2013,7,21
ARL,ARL,2013,7,25
ARL,ARL,2013,7,26
ARL,ARL,2013,7,27
ARL,ARL,2013,7,28
ARL,ARL,2013,8,1
ARL,ARL,2013,8,2
ARL,ARL,2013,8,3
ARL,ARL,2013,8,4
ARL,ARL,2013,8,8
ARL,ARL,2013,8,9
ARL,ARL,2013,8,10
ARL,ARL,2013,8,11
ARL,ARL,2013,8,15
ARL,ARL,2013,8,16
ARL,ARL,2013,8,17
ARL,ARL,2013,8,18
ARL,ARL,2013,8,22
ARL,ARL,2013,8,23
ARL,ARL,2013,8,24
ARL,ARL,2013,8,25
ARL,ARL,2013,8,29
ARL,ARL,2013,8,30
ARL,ARL,2013,8,31
ARL,ARL,2013,9,1
ARL,ARL,2013,9,2
ARL,ARL,2013,9,5
ARL,ARL,2013,9,6
ARL,ARL,2013,9,7
ARL,ARL,2013,9,8
ARL,ARL,2013,9,12
ARL,ARL,2013,9,13
ARL,ARL,2013,9,14
ARL,ARL,2013,9,15
ARL,ARL,2013,9,19
ARL,ARL,2013,9,20
ARL,ARL,2013,9,21
ARL,ARL,2013,9,22
ARL,ARL,2013,9,26
ARL,ARL,2013,9,27
ARL,ARL,2013,9,28
ARL,ARL,2013,9,29
ARL,ARL,2014,5,2
ARL,ARL,2014,5,3
ARL,ARL,2014,5,4
ARL,ARL,2014,5,8
ARL,ARL,2014,5,9
ARL,ARL,2014,5,10
ARL,ARL,2014,5,11
ARL,ARL,2014,5,15
ARL,ARL,2014,5,16
ARL,ARL,2014,5,17
ARL,ARL,2014,5,18
ARL,ARL,2014,5,22
ARL,ARL,2014,5,23
ARL,ARL,2014,5,24
ARL,ARL,2014,5,25
ARL,ARL,2014,5,26
ARL,ARL,2014,5,29
ARL,ARL,2014,5,30
ARL,ARL,2014,5,31
ARL,ARL,2014,6,1
ARL,ARL,2014,6,5
ARL,ARL,2014,6,6
ARL,ARL,2014,6,7
ARL,ARL,2014,6,8
ARL,ARL,2014,6,12
ARL,ARL,2014,6,13
ARL,ARL,2014,6,14
ARL,ARL,2014,6,15
ARL,ARL,2014,6,19
ARL,ARL,2014,6,20
ARL,ARL,2014,6,21
ARL,ARL,2014,6,22
ARL,ARL,2014,6,26
ARL,ARL,2014,6,27
ARL,ARL,2014,6,28
ARL,ARL,2014,6,29
ARL,ARL,2014,7,3
ARL,ARL,2014,7,4
ARL,ARL,2014,7,5
ARL,ARL,2014,7,6
ARL,ARL,2014,7,10
ARL,ARL,2014,7,11
ARL,ARL,2014,7,12
ARL,ARL,2014,7,13
ARL,ARL,2014,7,17
ARL,ARL,2014,7,18
ARL,ARL,2014,7,19
ARL,ARL,2014,7,20
ARL,ARL,2014,7,24
ARL,ARL,2014,7,25
ARL,ARL,2014,7,26
ARL,ARL,2014,7,27
ARL,ARL,2014,7,31
ARL,ARL,2014,8,1
ARL,ARL,2014,8,2
ARL,ARL,2014,8,3
ARL,ARL,2014,8,7
ARL,ARL,2014,8,8
ARL,ARL,2014,8,9
ARL,ARL,2014,8,10
ARL,ARL,2014,8,14
ARL,ARL,2014,8,15
ARL,ARL,2014,8,16
ARL,ARL,2014,8,17
ARL,ARL,2014,8,21
ARL,ARL,2014,8,22
ARL,ARL,2014,8,23
ARL,ARL,2014,8,24
ARL,ARL,2014,8,28
ARL,ARL,2014,8,29
ARL,ARL,2014,8,30
ARL,ARL,2014,8,31
ARL,ARL,2014,9,1
ARL,ARL,2014,9,4
ARL,ARL,2014,9,5
ARL,ARL,2014,9,6
ARL,ARL,2014,9,7
ARL,ARL,2014,9,11
ARL,ARL,2014,9,12
ARL,ARL,2014,9,13
ARL,ARL,2014,9,14
ARL,ARL,2014,9,18
ARL,ARL,2014,9,19
ARL,ARL,2014,9,20
ARL,ARL,2014,9,21
ARL,ARL,2014,9,25
ARL,ARL,2014,9,26
ARL,ARL,2014,9,27
ARL,ARL,2014,9,28
ARL,ARL,2015,5,1
ARL,ARL,2015,5,2
ARL,ARL,2015,5,3
ARL,ARL,2015,5,8
ARL,ARL,2015,5,9
ARL,ARL,2015,5,10
ARL,ARL,2015,5,15
ARL,ARL,2015,5,16
ARL,ARL,2015,5,17
ARL,ARL,2015,5,22
ARL,ARL,2015,5,23
ARL,ARL,2015,5,24
ARL,ARL,2015,5,25
ARL,ARL,2015,5,29
ARL,ARL,2015,5,30
ARL,ARL,2015,5,31
ARL,ARL,2015,6,5
ARL,ARL,2015,6,6
ARL,ARL,2015,6,7
ARL,ARL,2015,6,12
ARL,ARL,2015,6,13
ARL,ARL,2015,6,14
ARL,ARL,2015,6,19
ARL,ARL,2015,6,20
ARL,ARL,2015,6,21
ARL,ARL,2015,6,26
ARL,ARL,2015,6,27
ARL,ARL,2015,6,28
ARL,ARL,2015,7,2
ARL,ARL,2015,7,3
ARL,ARL,2015,7,4
ARL,ARL,2015,7,5
ARL,ARL,2015,7,9
ARL,ARL,2015,7,10
ARL,ARL,2015,7,11
ARL,ARL,2015,7,12
ARL,ARL,2015,7,16
ARL,ARL,2015,7,17
ARL,ARL,2015,7,18
ARL,ARL,2015,7,19
ARL,ARL,2015,7,23
ARL,ARL,2015,7,24
ARL,ARL,2015,7,25
ARL,ARL,2015,7,26
ARL,ARL,2015,7,30
ARL,ARL,2015,7,31
ARL,ARL,2015,8,1
ARL,ARL,2015,8,2
ARL,ARL,2015,8,6
ARL,ARL,2015,8,7
ARL,ARL,2015,8,8
ARL,ARL,2015,8,9
ARL,ARL,2015,8,13
ARL,ARL,2015,8,14
ARL,ARL,2015,8,15
ARL,ARL,2015,8,16
ARL,ARL,2015,8,20
ARL,ARL,2015,8,21
ARL,ARL,2015,8,22
ARL,ARL,2015,8,23
ARL,ARL,2015,8,27
ARL,ARL,2015,8,28
ARL,ARL,2015,8,29
ARL,ARL,2015,8,30
ARL,ARL,2015,9,4
ARL,ARL,2015,9,5
ARL,ARL,2015,9,6
ARL,ARL,2015,9,7
ARL,ARL,2015,9,10
ARL,ARL,2015,9,11
ARL,ARL,2015,9,12
ARL,ARL,2015,9,17
ARL,ARL,2015,9,18
ARL,ARL,2015,9,19
ARL,ARL,2015,9,24
ARL,ARL,2015,9,25
ARL,ARL,2015,9,26
BAY,BAY,1998,9,4
BAY,BAY,1998,9,5
BAY,BAY,1998,9,6
BAY,BAY,1998,9,7
BAY,BAY,1998,9,9
BAY,BAY,1998,9,10
BAY,BAY,1998,9,11
BAY,BAY,1998,9,12
BAY,BAY,1998,9,13
BAY,BAY,1998,9,16
BAY,BAY,1998,9,17
BAY,BAY,1998,9,18
BAY,BAY,1998,9,19
BAY,BAY,1998,9,20
BAY,BAY,1998,9,23
BAY,BAY,1998,9,24
BAY,BAY,1998,9,25
BAY,BAY,1998,9,26
BAY,BAY,1998,9,27
BAY,BAY,1998,9,30
BAY,BAY,1998,10,1
BAY,BAY,1998,10,2
BAY,BAY,1998,10,3
BAY,BAY,1998,10,4
BAY,BAY,1998,10,7
BAY,BAY,1998,10,8
BAY,BAY,1998,10,9
BAY,BAY,1998,10,10
BAY,BAY,1998,10,11
BAY,BAY,1998,10,12
BAY,BAY,1998,10,14
BAY,BAY,1998,10,15
BAY,BAY,1998,10,16
BAY,BAY,1998,10,17
BAY,BAY,1998,10,18
BAY,BAY,1998,10,21
BAY,BAY,1998,10,22
BAY,BAY,1998,10,23
BAY,BAY,1998,10,24
BAY,BAY,1998,10,25
BAY,BAY,1998,10,28
BAY,BAY,1998,10,29
BAY,BAY,1998,10,30
BAY,BAY,1998,10,31
BAY,BAY,1998,11,1
BAY,BAY,1998,11,4
BAY,BAY,1998,11,5
BAY,BAY,1998,11,6
BAY,BAY,1998,11,7
BAY,BAY,1998,11,8
BAY,BAY,1998,11,9
BAY,BAY,1998,11,11
BAY,BAY,1998,11,12
BAY,BAY,1998,11,13
BAY,BAY,1998,11,14
BAY,BAY,1998,11,15
BAY,BAY,1999,9,3
BAY,BAY,1999,9,4
BAY,BAY,1999,9,5
BAY,BAY,1999,9,6
BAY,BAY,1999,9,8
BAY,BAY,1999,9,9
BAY,BAY,1999,9,10
BAY,BAY,1999,9,11
BAY,BAY,1999,9,12
BAY,BAY,1999,9,15
BAY,BAY,1999,9,16
BAY,BAY,1999,9,17
BAY,BAY,1999,9,18
BAY,BAY,1999,9,19
BAY,BAY,1999,9,22
BAY,BAY,1999,9,23
BAY,BAY,1999,9,24
BAY,BAY,1999,9,25
BAY,BAY,1999,9,26
BAY,BAY,1999,9,29
BAY,BAY,1999,9,30
BAY,BAY,1999,10,1
BAY,BAY,1999,10,2
BAY,BAY,1999,10,3
BAY,BAY,1999,10,6
BAY,BAY,1999,10,7
BAY,BAY,1999,10,8
BAY,BAY,1999,10,9
BAY,BAY,1999,10,10
BAY,BAY,1999,10,11
BAY,BAY,1999,10,13
BAY,BAY,1999,10,14
BAY,BAY,1999,10,15
BAY,BAY,1999,10,16
BAY,BAY,1999,10,17
BAY,BAY,1999,10,20
BAY,BAY,1999,10,21
BAY,BAY,1999,10,22
BAY,BAY,1999,10,23
BAY,BAY,1999,10,24
BAY,BAY,1999,10,27
BAY,BAY,1999,10,28
BAY,BAY,1999,10,29
BAY,BAY,1999,10,30
BAY,BAY,1999,10,31
BAY,BAY,1999,11,4
BAY,BAY,1999,11,5
BAY,BAY,1999,11,6
BAY,BAY,1999,11,7
BAY,BAY,1999,11,8
BAY,BAY,1999,11,10
BAY,BAY,1999,11,11
BAY,BAY,1999,11,12
BAY,BAY,1999,11,13
BAY,BAY,1999,11,14
BAY,BAY,2000,9,1
BAY,BAY,2000,9,2
BAY,BAY,2000,9,3
BAY,BAY,2000,9,4
BAY,BAY,2000,9,6
BAY,BAY,2000,9,7
BAY,BAY,2000,9,8
BAY,BAY,2000,9,9
BAY,BAY,2000,9,10
BAY,BAY,2000,9,13
BAY,BAY,2000,9,14
BAY,BAY,2000,9,15
BAY,BAY,2000,9,16
BAY,BAY,2000,9,20
BAY,BAY,2000,9,21
BAY,BAY,2000,9,22
BAY,BAY,2000,9,24
BAY,BAY,2000,9,27
BAY,BAY,2000,9,28
BAY,BAY,2000,9,29
BAY,BAY,2000,9,30
BAY,BAY,2000,10,1
BAY,BAY,2000,10,4
BAY,BAY,2000,10,5
BAY,BAY,2000,10,7
BAY,BAY,2000,10,8
BAY,BAY,2000,10,9
BAY,BAY,2000,10,11
BAY,BAY,2000,10,12
BAY,BAY,2000,10,13
BAY,BAY,2000,10,14
BAY,BAY,2000,10,15
BAY,BAY,2000,10,18
BAY,BAY,2000,10,19
BAY,BAY,2000,10,20
BAY,BAY,2000,10,21
BAY,BAY,2000,10,22
BAY,BAY,2000,10,25
BAY,BAY,2000,10,26
BAY,BAY,2000,10,27
BAY,BAY,2000,10,28
BAY,BAY,2000,10,29
BAY,BAY,2000,11,1
BAY,BAY,2000,11,2
BAY,BAY,2000,11,3
BAY,BAY,2000,11,4
BAY,BAY,2000,11,5
BAY,BAY,2000,11,6
BAY,BAY,2000,11,9
BAY,BAY,2000,11,10
BAY,BAY,2000,11,11
BAY,BAY,2000,11,12
BAY,BAY,2001,4,4
BAY,BAY,2001,4,5
BAY,BAY,2001,4,6
BAY,BAY,2001,4,7
BAY,BAY,2001,4,8
BAY,BAY,2001,4,11
BAY,BAY,2001,4,12
BAY,BAY,2001,4,13
BAY,BAY,2001,4,14
BAY,BAY,2001,4,15
BAY,BAY,2001,4,16
BAY,BAY,2001,4,20
BAY,BAY,2001,4,21
BAY,BAY,2001,4,22
BAY,BAY,2001,4,26
BAY,BAY,2001,4,29
BAY,BAY,2001,5,2
BAY,BAY,2001,5,3
BAY,BAY,2001,5,4
BAY,BAY,2001,5,5
BAY,BAY,2001,5,6
BAY,BAY,2001,5,9
BAY,BAY,2001,5,10
BAY,BAY,2001,5,11
BAY,BAY,2001,5,12
BAY,BAY,2001,5,13
BAY,BAY,2001,5,14
BAY,BAY,2001,5,17
BAY,BAY,2001,5,18
BAY,BAY,2001,5,19
BAY,BAY,2001,5,20
BAY,BAY,2001,5,24
BAY,BAY,2001,5,26
BAY,BAY,2001,5,28
BAY,BAY,2001,5,30
BAY,BAY,2001,5,31
BAY,BAY,2001,6,2
BAY,BAY,2001,6,3
BAY,BAY,2001,6,6
BAY,BAY,2001,6,7
BAY,BAY,2001,6,8
BAY,BAY,2001,6,13
BAY,BAY,2001,6,14
BAY,BAY,2001,6,15
BAY,BAY,2001,6,16
BAY,BAY,2001,6,17
BAY,BAY,2001,8,31
BAY,BAY,2001,9,1
BAY,BAY,2001,9,2
BAY,BAY,2001,9,3
BAY,BAY,2001,9,5
BAY,BAY,2001,9,7
BAY,BAY,2001,9,8
BAY,BAY,2001,9,9
BAY,BAY,2001,9,10
BAY,BAY,2001,9,13
BAY,BAY,2001,9,14
BAY,BAY,2001,9,15
BAY,BAY,2001,9,16
BAY,BAY,2001,9,19
BAY,BAY,2001,9,20
BAY,BAY,2001,9,22
BAY,BAY,2001,9,23
BAY,BAY,2001,9,24
BAY,BAY,2001,9,26
BAY,BAY,2001,9,27
BAY,BAY,2001,9,28
BAY,BAY,2001,9,29
BAY,BAY,2001,9,30
BAY,BAY,2001,10,3
BAY,BAY,2001,10,4
BAY,BAY,2001,10,5
BAY,BAY,2001,10,6
BAY,BAY,2001,10,7
BAY,BAY,2001,10,8
BAY,BAY,2001,10,10
BAY,BAY,2001,10,11
BAY,BAY,2001,10,14
BAY,BAY,2001,10,17
BAY,BAY,2001,10,18
BAY,BAY,2001,10,19
BAY,BAY,2001,10,20
BAY,BAY,2001,10,21
BAY,BAY,2001,10,26
BAY,BAY,2001,10,28
BAY,BAY,2001,11,1
BAY,BAY,2001,11,3
BAY,BAY,2001,11,4
BAY,BAY,2001,11,5
BAY,BAY,2002,4,3
BAY,BAY,2002,4,4
BAY,BAY,2002,4,5
BAY,BAY,2002,4,7
BAY,BAY,2002,4,10
BAY,BAY,2002,4,11
BAY,BAY,2002,4,12
BAY,BAY,2002,4,13
BAY,BAY,2002,4,14
BAY,BAY,2002,4,17
BAY,BAY,2002,4,18
BAY,BAY,2002,4,19
BAY,BAY,2002,4,21
BAY,BAY,2002,4,24
BAY,BAY,2002,4,25
BAY,BAY,2002,4,26
BAY,BAY,2002,4,28
BAY,BAY,2002,5,2
BAY,BAY,2002,5,15
BAY,BAY,2002,5,16
BAY,BAY,2002,5,17
BAY,BAY,2002,5,18
BAY,BAY,2002,5,19
BAY,BAY,2002,5,22
BAY,BAY,2002,5,23
BAY,BAY,2002,5,24
BAY,BAY,2002,5,25
BAY,BAY,2002,5,26
BAY,BAY,2002,5,27
BAY,BAY,2002,5,30
BAY,BAY,2002,5,31
BAY,BAY,2002,6,1
BAY,BAY,2002,6,2
BAY,BAY,2002,6,5
BAY,BAY,2002,6,6
BAY,BAY,2002,6,7
BAY,BAY,2002,6,8
BAY,BAY,2002,6,9
BAY,BAY,2002,6,12
BAY,BAY,2002,6,13
BAY,BAY,2002,6,14
BAY,BAY,2002,6,15
BAY,BAY,2002,6,16
BAY,BAY,2002,8,30
BAY,BAY,2002,8,31
BAY,BAY,2002,9,1
BAY,BAY,2002,9,2
BAY,BAY,2002,9,4
BAY,BAY,2002,9,5
BAY,BAY,2002,9,6
BAY,BAY,2002,9,7
BAY,BAY,2002,9,8
BAY,BAY,2002,9,9
BAY,BAY,2002,9,11
BAY,BAY,2002,9,13
BAY,BAY,2002,9,14
BAY,BAY,2002,9,15
BAY,BAY,2002,9,18
BAY,BAY,2002,9,19
BAY,BAY,2002,9,20
BAY,BAY,2002,9,21
BAY,BAY,2002,9,22
BAY,BAY,2002,9,25
BAY,BAY,2002,9,26
BAY,BAY,2002,9,27
BAY,BAY,2002,9,28
BAY,BAY,2002,9,29
BAY,BAY,2002,10,2
BAY,BAY,2002,10,3
BAY,BAY,2002,10,4
BAY,BAY,2002,10,5
BAY,BAY,2002,10,6
BAY,BAY,2002,10,9
BAY,BAY,2002,10,10
BAY,BAY,2002,10,11
BAY,BAY,2002,10,12
BAY,BAY,2002,10,13
BAY,BAY,2002,10,14
BAY,BAY,2002,10,16
BAY,BAY,2002,10,17
BAY,BAY,2002,10,18
BAY,BAY,2002,10,19
BAY,BAY,2002,10,20
BAY,BAY,2002,10,23
BAY,BAY,2002,10,24
BAY,BAY,2002,10,25
BAY,BAY,2002,10,26
BAY,BAY,2002,10,27
BAY,BAY,2002,10,30
BAY,BAY,2002,10,31
BAY,BAY,2002,11,1
BAY,BAY,2002,11,2
BAY,BAY,2002,11,3
BAY,BAY,2003,4,2
BAY,BAY,2003,4,3
BAY,BAY,2003,4,4
BAY,BAY,2003,4,5
BAY,BAY,2003,4,6
BAY,BAY,2003,4,9
BAY,BAY,2003,4,10
BAY,BAY,2003,4,11
BAY,BAY,2003,4,12
BAY,BAY,2003,4,13
BAY,BAY,2003,4,16
BAY,BAY,2003,4,17
BAY,BAY,2003,4,18
BAY,BAY,2003,4,19
BAY,BAY,2003,4,20
BAY,BAY,2003,4,23
BAY,BAY,2003,4,24
BAY,BAY,2003,4,25
BAY,BAY,2003,4,26
BAY,BAY,2003,4,27
BAY,BAY,2003,4,30
BAY,BAY,2003,5,1
BAY,BAY,2003,5,2
BAY,BAY,2003,5,3
BAY,BAY,2003,5,4
BAY,BAY,2003,5,7
BAY,BAY,2003,5,8
BAY,BAY,2003,5,9
BAY,BAY,2003,5,10
BAY,BAY,2003,5,11
BAY,BAY,2003,5,14
BAY,BAY,2003,5,15
BAY,BAY,2003,5,16
BAY,BAY,2003,5,17
BAY,BAY,2003,5,18
BAY,BAY,2003,5,21
BAY,BAY,2003,5,22
BAY,BAY,2003,5,23
BAY,BAY,2003,5,24
BAY,BAY,2003,5,25
BAY,BAY,2003,5,26
BAY,BAY,2003,5,29
BAY,BAY,2003,5,30
BAY,BAY,2003,5,31
BAY,BAY,2003,6,1
BAY,BAY,2003,6,4
BAY,BAY,2003,6,5
BAY,BAY,2003,6,6
BAY,BAY,2003,6,7
BAY,BAY,2003,6,8
BAY,BAY,2003,6,11
BAY,BAY,2003,6,12
BAY,BAY,2003,6,13
BAY,BAY,2003,6,14
BAY,BAY,2003,6,15
BAY,BAY,2003,8,29
BAY,BAY,2003,8,30
BAY,BAY,2003,8,31
BAY,BAY,2003,9,1
BAY,BAY,2003,9,3
BAY,BAY,2003,9,4
BAY,BAY,2003,9,5
BAY,BAY,2003,9,6
BAY,BAY,2003,9,7
BAY,BAY,2003,9,8
BAY,BAY,2003,9,10
BAY,BAY,2003,9,12
BAY,BAY,2003,9,13
BAY,BAY,2003,9,14
BAY,BAY,2003,9,17
BAY,BAY,2003,9,18
BAY,BAY,2003,9,19
BAY,BAY,2003,9,20
BAY,BAY,2003,9,21
BAY,BAY,2003,9,24
BAY,BAY,2003,9,25
BAY,BAY,2003,9,26
BAY,BAY,2003,9,27
BAY,BAY,2003,9,28
BAY,BAY,2003,10,1
BAY,BAY,2003,10,2
BAY,BAY,2003,10,3
BAY,BAY,2003,10,4
BAY,BAY,2003,10,5
BAY,BAY,2003,10,8
BAY,BAY,2003,10,9
BAY,BAY,2003,10,10
BAY,BAY,2003,10,11
BAY,BAY,2003,10,12
BAY,BAY,2003,10,13
BAY,BAY,2003,10,15
BAY,BAY,2003,10,16
BAY,BAY,2003,10,17
BAY,BAY,2003,10,18
BAY,BAY,2003,10,19
BAY,BAY,2003,10,22
BAY,BAY,2003,10,23
BAY,BAY,2003,10,24
BAY,BAY,2003,10,25
BAY,BAY,2003,10,26
BAY,BAY,2003,10,29
BAY,BAY,2003,10,30
BAY,BAY,2003,10,31
BAY,BAY,2003,11,1
BAY,BAY,2003,11,2
BAY,BAY,2004,4,7
BAY,BAY,2004,4,8
BAY,BAY,2004,4,9
BAY,BAY,2004,4,10
BAY,BAY,2004,4,11
BAY,BAY,2004,4,14
BAY,BAY,2004,4,15
BAY,BAY,2004,4,16
BAY,BAY,2004,4,17
BAY,BAY,2004,4,18
BAY,BAY,2004,4,21
BAY,BAY,2004,4,22
BAY,BAY,2004,4,23
BAY,BAY,2004,4,24
BAY,BAY,2004,4,25
BAY,BAY,2004,4,28
BAY,BAY,2004,4,29
BAY,BAY,2004,4,30
BAY,BAY,2004,5,1
BAY,BAY,2004,5,2
BAY,BAY,2004,5,5
BAY,BAY,2004,5,6
BAY,BAY,2004,5,7
BAY,BAY,2004,5,8
BAY,BAY,2004,5,9
BAY,BAY,2004,5,12
BAY,BAY,2004,5,13
BAY,BAY,2004,5,14
BAY,BAY,2004,5,15
BAY,BAY,2004,5,16
BAY,BAY,2004,5,19
BAY,BAY,2004,5,20
BAY,BAY,2004,5,21
BAY,BAY,2004,5,22
BAY,BAY,2004,5,23
BAY,BAY,2004,5,26
BAY,BAY,2004,5,27
BAY,BAY,2004,5,28
BAY,BAY,2004,5,29
BAY,BAY,2004,5,30
BAY,BAY,2004,5,31
BAY,BAY,2004,6,3
BAY,BAY,2004,6,4
BAY,BAY,2004,6,5
BAY,BAY,2004,6,6
BAY,BAY,2004,6,9
BAY,BAY,2004,6,10
BAY,BAY,2004,6,11
BAY,BAY,2004,6,12
BAY,BAY,2004,6,13
BAY,BAY,2004,6,16
BAY,BAY,2004,6,17
BAY,BAY,2004,6,18
BAY,BAY,2004,6,19
BAY,BAY,2004,6,20
BAY,BAY,2004,9,3
BAY,BAY,2004,9,4
BAY,BAY,2004,9,5
BAY,BAY,2004,9,6
BAY,BAY,2004,9,8
BAY,BAY,2004,9,10
BAY,BAY,2004,9,11
BAY,BAY,2004,9,12
BAY,BAY,2004,9,15
BAY,BAY,2004,9,16
BAY,BAY,2004,9,17
BAY,BAY,2004,9,18
BAY,BAY,2004,9,19
BAY,BAY,2004,9,22
BAY,BAY,2004,9,23
BAY,BAY,2004,9,24
BAY,BAY,2004,9,25
BAY,BAY,2004,9,26
BAY,BAY,2004,9,29
BAY,BAY,2004,9,30
BAY,BAY,2004,10,1
BAY,BAY,2004,10,2
BAY,BAY,2004,10,3
BAY,BAY,2004,10,6
BAY,BAY,2004,10,7
BAY,BAY,2004,10,8
BAY,BAY,2004,10,9
BAY,BAY,2004,10,10
BAY,BAY,2004,10,11
BAY,BAY,2004,10,13
BAY,BAY,2004,10,14
BAY,BAY,2004,10,15
BAY,BAY,2004,10,16
BAY,BAY,2004,10,17
BAY,BAY,2004,10,20
BAY,BAY,2004,10,21
BAY,BAY,2004,10,22
BAY,BAY,2004,10,23
BAY,BAY,2004,10,24
BAY,BAY,2004,10,27
BAY,BAY,2004,10,28
BAY,BAY,2004,10,29
BAY,BAY,2004,10,30
BAY,BAY,2004,10,31
BAY,BAY,2004,11,3
BAY,BAY,2004,11,4
BAY,BAY,2004,11,5
BAY,BAY,2004,11,6
BAY,BAY,2004,11,7
BAY,BAY,2005,2,2
BAY,BAY,2005,2,3
BAY,BAY,2005,2,4
BAY,BAY,2005,2,5
BAY,BAY,2005,2,6
BAY,BAY,2005,2,9
BAY,BAY,2005,2,10
BAY,BAY,2005,2,11
BAY,BAY,2005,2,12
BAY,BAY,2005,2,13
BAY,BAY,2005,2,16
BAY,BAY,2005,2,17
BAY,BAY,2005,2,18
BAY,BAY,2005,2,19
BAY,BAY,2005,2,20
BAY,BAY,2005,2,21
BAY,BAY,2005,2,23
BAY,BAY,2005,2,24
BAY,BAY,2005,2,25
BAY,BAY,2005,2,26
BAY,BAY,2005,2,27
BAY,BAY,2005,3,2
BAY,BAY,2005,3,3
BAY,BAY,2005,3,4
BAY,BAY,2005,3,5
BAY,BAY,2005,3,6
BAY,BAY,2005,3,9
BAY,BAY,2005,3,10
BAY,BAY,2005,3,11
BAY,BAY,2005,3,12
BAY,BAY,2005,3,13
BAY,BAY,2005,3,16
BAY,BAY,2005,3,17
BAY,BAY,2005,3,18
BAY,BAY,2005,3,19
BAY,BAY,2005,3,20
BAY,BAY,2005,3,23
BAY,BAY,2005,3,24
BAY,BAY,2005,3,25
BAY,BAY,2005,3,26
BAY,BAY,2005,3,27
BAY,BAY,2005,3,30
BAY,BAY,2005,3,31
BAY,BAY,2005,4,1
BAY,BAY,2005,4,2
BAY,BAY,2005,4,3
BAY,BAY,2005,4,6
BAY,BAY,2005,4,7
BAY,BAY,2005,4,8
BAY,BAY,2005,4,9
BAY,BAY,2005,4,10
BAY,BAY,2005,4,13
BAY,BAY,2005,4,14
BAY,BAY,2005,4,15
BAY,BAY,2005,4,16
BAY,BAY,2005,4,17
BAY,BAY,2005,4,18
BAY,BAY,2005,4,21
BAY,BAY,2005,4,22
BAY,BAY,2005,4,23
BAY,BAY,2005,4,24
BAY,BAY,2005,4,27
BAY,BAY,2005,4,28
BAY,BAY,2005,4,29
BAY,BAY,2005,4,30
BAY,BAY,2005,5,1
BAY,BAY,2005,5,4
BAY,BAY,2005,5,5
BAY,BAY,2005,5,6
BAY,BAY,2005,5,7
BAY,BAY,2005,5,8
BAY,BAY,2005,8,26
BAY,BAY,2005,8,27
BAY,BAY,2005,8,28
BAY,BAY,2005,9,2
BAY,BAY,2005,9,3
BAY,BAY,2005,9,4
BAY,BAY,2005,9,5
BAY,BAY,2005,9,7
BAY,BAY,2005,9,9
BAY,BAY,2005,9,10
BAY,BAY,2005,9,11
BAY,BAY,2005,9,14
BAY,BAY,2005,9,15
BAY,BAY,2005,9,16
BAY,BAY,2005,9,17
BAY,BAY,2005,9,18
BAY,BAY,2005,9,21
BAY,BAY,2005,9,22
BAY,BAY,2005,9,23
BAY,BAY,2005,9,24
BAY,BAY,2005,9,25
BAY,BAY,2005,9,28
BAY,BAY,2005,9,29
BAY,BAY,2005,9,30
BAY,BAY,2005,10,1
BAY,BAY,2005,10,2
BAY,BAY,2005,10,7
BAY,BAY,2005,10,8
BAY,BAY,2005,10,9
BAY,BAY,2005,10,10
BAY,BAY,2005,10,14
BAY,BAY,2005,10,15
BAY,BAY,2005,10,16
BAY,BAY,2005,12,26
BAY,BAY,2005,12,28
BAY,BAY,2005,12,29
BAY,BAY,2005,12,30
BAY,BAY,2005,12,31
BAY,BAY,2006,1,1
BAY,BAY,2006,1,2
BAY,BAY,2006,1,5
BAY,BAY,2006,1,6
BAY,BAY,2006,1,7
BAY,BAY,2006,1,8
BAY,BAY,2006,1,11
BAY,BAY,2006,1,12
BAY,BAY,2006,1,13
BAY,BAY,2006,1,14
BAY,BAY,2006,1,15
BAY,BAY,2006,1,16
BAY,BAY,2006,1,19
BAY,BAY,2006,1,20
BAY,BAY,2006,1,21
BAY,BAY,2006,1,22
BAY,BAY,2006,1,25
BAY,BAY,2006,1,26
BAY,BAY,2006,1,27
BAY,BAY,2006,1,28
BAY,BAY,2006,1,29
BAY,BAY,2006,2,1
BAY,BAY,2006,2,2
BAY,BAY,2006,2,3
BAY,BAY,2006,2,4
BAY,BAY,2006,2,5
BAY,BAY,2006,5,10
BAY,BAY,2006,5,11
BAY,BAY,2006,5,12
BAY,BAY,2006,5,13
BAY,BAY,2006,5,14
BAY,BAY,2006,5,17
BAY,BAY,2006,5,18
BAY,BAY,2006,5,19
BAY,BAY,2006,5,20
BAY,BAY,2006,5,21
BAY,BAY,2006,5,24
BAY,BAY,2006,5,25
BAY,BAY,2006,5,26
BAY,BAY,2006,5,27
BAY,BAY,2006,5,28
BAY,BAY,2006,5,29
BAY,BAY,2006,6,1
BAY,BAY,2006,6,2
BAY,BAY,2006,6,3
BAY,BAY,2006,6,4
BAY,BAY,2006,6,7
BAY,BAY,2006,6,8
BAY,BAY,2006,6,9
BAY,BAY,2006,6,10
BAY,BAY,2006,6,11
BAY,BAY,2006,6,16
BAY,BAY,2006,6,17
BAY,BAY,2006,6,18
BAY,BAY,2006,10,18
BAY,BAY,2006,10,19
BAY,BAY,2006,10,20
BAY,BAY,2006,10,21
BAY,BAY,2006,10,22
BAY,BAY,2006,10,25
BAY,BAY,2006,10,26
BAY,BAY,2006,10,27
BAY,BAY,2006,10,28
BAY,BAY,2006,10,29
BAY,BAY,2006,11,1
BAY,BAY,2006,11,2
BAY,BAY,2006,11,3
BAY,BAY,2006,11,4
BAY,BAY,2006,11,5
BAY,BAY,2006,11,8
BAY,BAY,2006,11,9
BAY,BAY,2006,11,10
BAY,BAY,2006,11,11
BAY,BAY,2006,11,12
BAY,BAY,2006,11,15
BAY,BAY,2006,11,16
BAY,BAY,2006,11,17
BAY,BAY,2006,11,18
BAY,BAY,2006,11,19
BAY,BAY,2006,11,22
BAY,BAY,2006,11,23
BAY,BAY,2006,11,24
BAY,BAY,2006,11,25
BAY,BAY,2006,11,26
BAY,BAY,2006,11,29
BAY,BAY,2006,11,30
BAY,BAY,2006,12,1
BAY,BAY,2006,12,2
BAY,BAY,2006,12,3
BAY,BAY,2006,12,6
BAY,BAY,2006,12,7
BAY,BAY,2006,12,8
BAY,BAY,2006,12,9
BAY,BAY,2006,12,10
BAY,BAY,2006,12,13
BAY,BAY,2006,12,14
BAY,BAY,2006,12,15
BAY,BAY,2006,12,16
BAY,BAY,2006,12,17
BAY,BAY,2006,12,18
BAY,BAY,2007,2,14
BAY,BAY,2007,2,15
BAY,BAY,2007,2,16
BAY,BAY,2007,2,17
BAY,BAY,2007,2,18
BAY,BAY,2007,2,19
BAY,BAY,2007,2,22
BAY,BAY,2007,2,23
BAY,BAY,2007,2,24
BAY,BAY,2007,2,25
BAY,BAY,2007,2,28
BAY,BAY,2007,3,1
BAY,BAY,2007,3,2
BAY,BAY,2007,3,3
BAY,BAY,2007,3,4
BAY,BAY,2007,3,8
BAY,BAY,2007,3,9
BAY,BAY,2007,3,10
BAY,BAY,2007,3,11
BAY,BAY,2007,3,15
BAY,BAY,2007,3,16
BAY,BAY,2007,3,17
BAY,BAY,2007,3,18
BAY,BAY,2007,3,21
BAY,BAY,2007,3,22
BAY,BAY,2007,3,23
BAY,BAY,2007,3,24
BAY,BAY,2007,3,25
BAY,BAY,2007,3,28
BAY,BAY,2007,3,29
BAY,BAY,2007,3,30
BAY,BAY,2007,3,31
BAY,BAY,2007,4,1
BAY,BAY,2007,4,4
BAY,BAY,2007,4,5
BAY,BAY,2007,4,6
BAY,BAY,2007,4,7
BAY,BAY,2007,4,8
BAY,BAY,2007,4,11
BAY,BAY,2007,4,12
BAY,BAY,2007,4,13
BAY,BAY,2007,4,14
BAY,BAY,2007,4,15
BAY,BAY,2007,4,18
BAY,BAY,2007,4,19
BAY,BAY,2007,4,20
BAY,BAY,2007,4,21
BAY,BAY,2007,4,22
BAY,BAY,2007,8,22
BAY,BAY,2007,8,23
BAY,BAY,2007,8,24
BAY,BAY,2007,8,25
BAY,BAY,2007,8,26
BAY,BAY,2007,8,29
BAY,BAY,2007,8,30
BAY,BAY,2007,8,31
BAY,BAY,2007,9,1
BAY,BAY,2007,9,2
BAY,BAY,2007,9,3
BAY,BAY,2007,9,5
BAY,BAY,2007,9,7
BAY,BAY,2007,9,8
BAY,BAY,2007,9,9
BAY,BAY,2007,9,12
BAY,BAY,2007,9,13
BAY,BAY,2007,9,14
BAY,BAY,2007,9,15
BAY,BAY,2007,9,16
BAY,BAY,2007,9,19
BAY,BAY,2007,9,20
BAY,BAY,2007,9,21
BAY,BAY,2007,9,22
BAY,BAY,2007,9,23
BAY,BAY,2007,9,26
BAY,BAY,2007,9,27
BAY,BAY,2007,9,28
BAY,BAY,2007,9,29
BAY,BAY,2007,9,30
BAY,BAY,2007,10,5
BAY,BAY,2007,10,6
BAY,BAY,2007,10,7
BAY,BAY,2007,10,8
BAY,BAY,2007,10,12
BAY,BAY,2007,10,13
BAY,BAY,2007,10,14
BAY,BAY,2007,10,17
BAY,BAY,2007,10,18
BAY,BAY,2007,10,19
BAY,BAY,2007,10,20
BAY,BAY,2007,10,21
BAY,BAY,2007,10,24
BAY,BAY,2007,10,25
BAY,BAY,2007,10,26
BAY,BAY,2007,10,27
BAY,BAY,2007,10,28
BAY,BAY,2007,10,31
BAY,BAY,2007,11,1
BAY,BAY,2007,11,2
BAY,BAY,2007,11,3
BAY,BAY,2007,11,4
BAY,BAY,2008,2,6
BAY,BAY,2008,2,7
BAY,BAY,2008,2,8
BAY,BAY,2008,2,9
BAY,BAY,2008,2,10
BAY,BAY,2008,2,11
BAY,BAY,2008,2,14
BAY,BAY,2008,2,15
BAY,BAY,2008,2,16
BAY,BAY,2008,2,17
BAY,BAY,2008,2,18
BAY,BAY,2008,2,21
BAY,BAY,2008,2,22
BAY,BAY,2008,2,23
BAY,BAY,2008,2,24
BAY,BAY,2008,2,25
BAY,BAY,2008,2,28
BAY,BAY,2008,2,29
BAY,BAY,2008,3,1
BAY,BAY,2008,3,2
BAY,BAY,2008,3,3
BAY,BAY,2008,3,6
BAY,BAY,2008,3,7
BAY,BAY,2008,3,8
BAY,BAY,2008,3,9
BAY,BAY,2008,3,10
BAY,BAY,2008,3,13
BAY,BAY,2008,3,14
BAY,BAY,2008,3,15
BAY,BAY,2008,3,16
BAY,BAY,2008,3,17
BAY,BAY,2008,3,20
BAY,BAY,2008,3,21
BAY,BAY,2008,3,22
BAY,BAY,2008,3,23
BAY,BAY,2008,3,24
BAY,BAY,2008,3,27
BAY,BAY,2008,3,28
BAY,BAY,2008,3,29
BAY,BAY,2008,3,30
BAY,BAY,2008,3,31
BAY,BAY,2008,4,3
BAY,BAY,2008,4,4
BAY,BAY,2008,4,5
BAY,BAY,2008,4,6
BAY,BAY,2008,4,7
BAY,BAY,2008,4,10
BAY,BAY,2008,4,11
BAY,BAY,2008,4,12
BAY,BAY,2008,4,13
BAY,BAY,2008,4,14
BAY,BAY,2008,4,17
BAY,BAY,2008,4,18
BAY,BAY,2008,4,19
BAY,BAY,2008,4,20
BAY,BAY,2008,4,23
BAY,BAY,2008,4,24
BAY,BAY,2008,4,25
BAY,BAY,2008,4,26
BAY,BAY,2008,4,27
BAY,BAY,2008,4,30
BAY,BAY,2008,5,1
BAY,BAY,2008,5,2
BAY,BAY,2008,5,3
BAY,BAY,2008,5,4
BAY,BAY,2008,5,7
BAY,BAY,2008,5,8
BAY,BAY,2008,5,9
BAY,BAY,2008,5,10
BAY,BAY,2008,5,11
BEL,BEL,1998,9,11
BEL,BEL,1998,9,12
BEL,BEL,1998,9,13
BEL,BEL,1998,9,16
BEL,BEL,1998,9,17
BEL,BEL,1998,9,18
BEL,BEL,1998,9,19
BEL,BEL,1998,9,20
BEL,BEL,1998,9,23
BEL,BEL,1998,9,24
BEL,BEL,1998,9,25
BEL,BEL,1998,9,26
BEL,BEL,1998,9,27
BEL,BEL,1998,9,28
BEL,BEL,1998,10,1
BEL,BEL,1998,10,2
BEL,BEL,1998,10,3
BEL,BEL,1998,10,4
BEL,BEL,1998,10,7
BEL,BEL,1998,10,8
BEL,BEL,1998,10,9
BEL,BEL,1998,10,10
BEL,BEL,1998,10,11
BEL,BEL,1998,10,12
BEL,BEL,1998,10,15
BEL,BEL,1998,10,16
BEL,BEL,1998,10,17
BEL,BEL,1998,10,18
BEL,BEL,1998,10,21
BEL,BEL,1998,10,22
BEL,BEL,1998,10,23
BEL,BEL,1998,10,24
BEL,BEL,1998,10,25
BEL,BEL,1999,5,12
BEL,BEL,1999,5,13
BEL,BEL,1999,5,14
BEL,BEL,1999,5,15
BEL,BEL,1999,5,16
BEL,BEL,1999,5,19
BEL,BEL,1999,5,20
BEL,BEL,1999,5,22
BEL,BEL,1999,5,23
BEL,BEL,1999,5,26
BEL,BEL,1999,5,27
BEL,BEL,1999,5,28
BEL,BEL,1999,5,29
BEL,BEL,1999,5,30
BEL,BEL,1999,5,31
BEL,BEL,1999,6,3
BEL,BEL,1999,6,4
BEL,BEL,1999,6,5
BEL,BEL,1999,6,6
BEL,BEL,1999,6,10
BEL,BEL,1999,6,11
BEL,BEL,1999,6,12
BEL,BEL,1999,6,13
BEL,BEL,1999,6,16
BEL,BEL,1999,6,17
BEL,BEL,1999,6,18
BEL,BEL,1999,6,19
BEL,BEL,1999,6,23
BEL,BEL,1999,6,24
BEL,BEL,1999,6,25
BEL,BEL,1999,6,26
BEL,BEL,1999,6,30
BEL,BEL,1999,7,1
BEL,BEL,1999,7,2
BEL,BEL,1999,7,3
BEL,BEL,1999,7,4
BEL,BEL,1999,7,5
BEL,BEL,1999,7,8
BEL,BEL,1999,7,9
BEL,BEL,1999,7,10
BEL,BEL,1999,7,11
BEL,BEL,1999,7,14
BEL,BEL,1999,7,16
BEL,BEL,1999,7,18
BEL,BEL,1999,7,21
BEL,BEL,1999,7,22
BEL,BEL,1999,7,23
BEL,BEL,1999,7,24
BEL,BEL,1999,7,25
BEL,BEL,1999,9,10
BEL,BEL,1999,9,11
BEL,BEL,1999,9,12
BEL,BEL,1999,9,15
BEL,BEL,1999,9,17
BEL,BEL,1999,9,18
BEL,BEL,1999,9,19
BEL,BEL,1999,9,22
BEL,BEL,1999,9,23
BEL,BEL,1999,9,24
BEL,BEL,1999,9,25
BEL,BEL,1999,9,26
BEL,BEL,1999,9,29
BEL,BEL,1999,9,30
BEL,BEL,1999,10,1
BEL,BEL,1999,10,2
BEL,BEL,1999,10,3
BEL,BEL,1999,10,6
BEL,BEL,1999,10,7
BEL,BEL,1999,10,8
BEL,BEL,1999,10,9
BEL,BEL,1999,10,10
BEL,BEL,1999,10,11
BEL,BEL,1999,10,14
BEL,BEL,1999,10,15
BEL,BEL,1999,10,16
BEL,BEL,1999,10,17
BEL,BEL,1999,10,20
BEL,BEL,1999,10,21
BEL,BEL,1999,10,22
BEL,BEL,1999,10,23
BEL,BEL,1999,10,24
BEL,BEL,2000,5,11
BEL,BEL,2000,5,14
BEL,BEL,2000,5,17
BEL,BEL,2000,5,18
BEL,BEL,2000,5,19
BEL,BEL,2000,5,20
BEL,BEL,2000,5,21
BEL,BEL,2000,5,24
BEL,BEL,2000,5,25
BEL,BEL,2000,5,26
BEL,BEL,2000,5,27
BEL,BEL,2000,5,28
BEL,BEL,2000,5,29
BEL,BEL,2000,6,1
BEL,BEL,2000,6,2
BEL,BEL,2000,6,3
BEL,BEL,2000,6,4
BEL,BEL,2000,6,7
BEL,BEL,2000,6,8
BEL,BEL,2000,6,9
BEL,BEL,2000,6,10
BEL,BEL,2000,6,11
BEL,BEL,2000,6,14
BEL,BEL,2000,6,28
BEL,BEL,2000,6,29
BEL,BEL,2000,6,30
BEL,BEL,2000,7,1
BEL,BEL,2000,7,7
BEL,BEL,2000,7,8
BEL,BEL,2000,7,12
BEL,BEL,2000,7,13
BEL,BEL,2000,7,14
BEL,BEL,2000,7,15
BEL,BEL,2000,7,16
BEL,BEL,2000,7,19
BEL,BEL,2000,7,20
BEL,BEL,2000,7,21
BEL,BEL,2000,7,22
BEL,BEL,2000,7,23
BEL,BEL,2000,9,8
BEL,BEL,2000,9,9
BEL,BEL,2000,9,10
BEL,BEL,2000,9,13
BEL,BEL,2000,9,14
BEL,BEL,2000,9,15
BEL,BEL,2000,9,16
BEL,BEL,2000,9,20
BEL,BEL,2000,9,21
BEL,BEL,2000,9,22
BEL,BEL,2000,9,23
BEL,BEL,2000,9,24
BEL,BEL,2000,9,27
BEL,BEL,2000,9,28
BEL,BEL,2000,9,29
BEL,BEL,2000,9,30
BEL,BEL,2000,10,1
BEL,BEL,2000,10,4
BEL,BEL,2000,10,5
BEL,BEL,2000,10,7
BEL,BEL,2000,10,8
BEL,BEL,2000,10,9
BEL,BEL,2000,10,12
BEL,BEL,2000,10,13
BEL,BEL,2000,10,14
BEL,BEL,2000,10,15
BEL,BEL,2000,10,18
BEL,BEL,2000,10,19
BEL,BEL,2000,10,20
BEL,BEL,2000,10,21
BEL,BEL,2000,10,22
BEL,BEL,2001,5,9
BEL,BEL,2001,5,10
BEL,BEL,2001,5,11
BEL,BEL,2001,5,12
BEL,BEL,2001,5,13
BEL,BEL,2001,5,17
BEL,BEL,2001,5,18
BEL,BEL,2001,5,19
BEL,BEL,2001,5,20
BEL,BEL,2001,5,24
BEL,BEL,2001,5,25
BEL,BEL,2001,5,26
BEL,BEL,2001,5,27
BEL,BEL,2001,5,28
BEL,BEL,2001,5,31
BEL,BEL,2001,6,1
BEL,BEL,2001,6,2
BEL,BEL,2001,6,3
BEL,BEL,2001,6,6
BEL,BEL,2001,6,7
BEL,BEL,2001,6,8
BEL,BEL,2001,6,13
BEL,BEL,2001,6,15
BEL,BEL,2001,6,16
BEL,BEL,2001,6,17
BEL,BEL,2001,6,20
BEL,BEL,2001,6,21
BEL,BEL,2001,6,22
BEL,BEL,2001,6,23
BEL,BEL,2001,6,24
BEL,BEL,2001,6,27
BEL,BEL,2001,6,28
BEL,BEL,2001,6,30
BEL,BEL,2001,7,1
BEL,BEL,2001,7,4
BEL,BEL,2001,7,7
BEL,BEL,2001,7,8
BEL,BEL,2001,7,11
BEL,BEL,2001,7,13
BEL,BEL,2001,7,14
BEL,BEL,2001,7,15
BEL,BEL,2001,7,18
BEL,BEL,2001,7,19
BEL,BEL,2001,7,20
BEL,BEL,2001,7,21
BEL,BEL,2001,9,7
BEL,BEL,2001,9,8
BEL,BEL,2001,9,9
BEL,BEL,2001,9,19
BEL,BEL,2001,9,20
BEL,BEL,2001,9,21
BEL,BEL,2001,9,22
BEL,BEL,2001,9,23
BEL,BEL,2001,9,26
BEL,BEL,2001,9,28
BEL,BEL,2001,9,30
BEL,BEL,2001,10,3
BEL,BEL,2001,10,5
BEL,BEL,2001,10,6
BEL,BEL,2001,10,7
BEL,BEL,2001,10,8
BEL,BEL,2001,10,11
BEL,BEL,2001,10,12
BEL,BEL,2001,10,13
BEL,BEL,2001,10,14
BEL,BEL,2001,10,17
BEL,BEL,2001,10,18
BEL,BEL,2001,10,19
BEL,BEL,2001,10,20
BEL,BEL,2001,10,21
BEL,BEL,2001,10,26
BEL,BEL,2001,10,27
BEL,BEL,2001,10,28
BEL,BEL,2002,5,9
BEL,BEL,2002,5,15
BEL,BEL,2002,5,16
BEL,BEL,2002,5,17
BEL,BEL,2002,5,18
BEL,BEL,2002,5,19
BEL,BEL,2002,5,22
BEL,BEL,2002,5,23
BEL,BEL,2002,5,25
BEL,BEL,2002,5,26
BEL,BEL,2002,5,27
BEL,BEL,2002,5,30
BEL,BEL,2002,5,31
BEL,BEL,2002,6,1
BEL,BEL,2002,6,2
BEL,BEL,2002,6,5
BEL,BEL,2002,6,6
BEL,BEL,2002,6,7
BEL,BEL,2002,6,8
BEL,BEL,2002,6,9
BEL,BEL,2002,6,12
BEL,BEL,2002,6,13
BEL,BEL,2002,6,14
BEL,BEL,2002,6,15
BEL,BEL,2002,6,16
BEL,BEL,2002,6,19
BEL,BEL,2002,6,21
BEL,BEL,2002,6,22
BEL,BEL,2002,6,23
BEL,BEL,2002,6,26
BEL,BEL,2002,6,27
BEL,BEL,2002,6,28
BEL,BEL,2002,6,29
BEL,BEL,2002,6,30
BEL,BEL,2002,7,3
BEL,BEL,2002,7,4
BEL,BEL,2002,7,5
BEL,BEL,2002,7,6
BEL,BEL,2002,7,7
BEL,BEL,2002,7,10
BEL,BEL,2002,7,11
BEL,BEL,2002,7,12
BEL,BEL,2002,7,13
BEL,BEL,2002,7,14
BEL,BEL,2002,7,17
BEL,BEL,2002,7,18
BEL,BEL,2002,7,19
BEL,BEL,2002,7,20
BEL,BEL,2002,7,21
BEL,BEL,2002,9,6
BEL,BEL,2002,9,7
BEL,BEL,2002,9,8
BEL,BEL,2002,9,9
BEL,BEL,2002,9,12
BEL,BEL,2002,9,13
BEL,BEL,2002,9,14
BEL,BEL,2002,9,15
BEL,BEL,2002,9,18
BEL,BEL,2002,9,19
BEL,BEL,2002,9,20
BEL,BEL,2002,9,21
BEL,BEL,2002,9,22
BEL,BEL,2002,9,25
BEL,BEL,2002,9,26
BEL,BEL,2002,9,27
BEL,BEL,2002,9,28
BEL,BEL,2002,9,29
BEL,BEL,2002,10,2
BEL,BEL,2002,10,3
BEL,BEL,2002,10,4
BEL,BEL,2002,10,5
BEL,BEL,2002,10,6
BEL,BEL,2002,10,9
BEL,BEL,2002,10,10
BEL,BEL,2002,10,11
BEL,BEL,2002,10,12
BEL,BEL,2002,10,13
BEL,BEL,2002,10,14
BEL,BEL,2002,10,17
BEL,BEL,2002,10,18
BEL,BEL,2002,10,19
BEL,BEL,2002,10,20
BEL,BEL,2003,5,7
BEL,BEL,2003,5,8
BEL,BEL,2003,5,9
BEL,BEL,2003,5,10
BEL,BEL,2003,5,11
BEL,BEL,2003,5,14
BEL,BEL,2003,5,15
BEL,BEL,2003,5,16
BEL,BEL,2003,5,17
BEL,BEL,2003,5,18
BEL,BEL,2003,5,21
BEL,BEL,2003,5,22
BEL,BEL,2003,5,23
BEL,BEL,2003,5,24
BEL,BEL,2003,5,25
BEL,BEL,2003,5,26
BEL,BEL,2003,5,29
BEL,BEL,2003,5,30
BEL,BEL,2003,5,31
BEL,BEL,2003,6,1
BEL,BEL,2003,6,4
BEL,BEL,2003,6,5
BEL,BEL,2003,6,6
BEL,BEL,2003,6,7
BEL,BEL,2003,6,8
BEL,BEL,2003,6,11
BEL,BEL,2003,6,12
BEL,BEL,2003,6,13
BEL,BEL,2003,6,14
BEL,BEL,2003,6,15
BEL,BEL,2003,6,18
BEL,BEL,2003,6,19
BEL,BEL,2003,6,20
BEL,BEL,2003,6,21
BEL,BEL,2003,6,22
BEL,BEL,2003,6,25
BEL,BEL,2003,6,26
BEL,BEL,2003,6,27
BEL,BEL,2003,6,28
BEL,BEL,2003,6,29
BEL,BEL,2003,7,2
BEL,BEL,2003,7,3
BEL,BEL,2003,7,4
BEL,BEL,2003,7,5
BEL,BEL,2003,7,6
BEL,BEL,2003,7,9
BEL,BEL,2003,7,10
BEL,BEL,2003,7,11
BEL,BEL,2003,7,12
BEL,BEL,2003,7,13
BEL,BEL,2003,7,16
BEL,BEL,2003,7,17
BEL,BEL,2003,7,18
BEL,BEL,2003,7,19
BEL,BEL,2003,7,20
BEL,BEL,2003,9,5
BEL,BEL,2003,9,6
BEL,BEL,2003,9,7
BEL,BEL,2003,9,10
BEL,BEL,2003,9,11
BEL,BEL,2003,9,12
BEL,BEL,2003,9,13
BEL,BEL,2003,9,14
BEL,BEL,2003,9,17
BEL,BEL,2003,9,18
BEL,BEL,2003,9,19
BEL,BEL,2003,9,20
BEL,BEL,2003,9,21
BEL,BEL,2003,9,24
BEL,BEL,2003,9,25
BEL,BEL,2003,9,26
BEL,BEL,2003,9,27
BEL,BEL,2003,9,28
BEL,BEL,2003,10,1
BEL,BEL,2003,10,2
BEL,BEL,2003,10,3
BEL,BEL,2003,10,4
BEL,BEL,2003,10,5
BEL,BEL,2003,10,8
BEL,BEL,2003,10,9
BEL,BEL,2003,10,10
BEL,BEL,2003,10,11
BEL,BEL,2003,10,12
BEL,BEL,2003,10,13
BEL,BEL,2003,10,16
BEL,BEL,2003,10,17
BEL,BEL,2003,10,18
BEL,BEL,2003,10,19
BEL,BEL,2003,10,22
BEL,BEL,2003,10,23
BEL,BEL,2003,10,24
BEL,BEL,2003,10,25
BEL,BEL,2003,10,26
BEL,BEL,2004,5,5
BEL,BEL,2004,5,6
BEL,BEL,2004,5,7
BEL,BEL,2004,5,8
BEL,BEL,2004,5,9
BEL,BEL,2004,5,12
BEL,BEL,2004,5,13
BEL,BEL,2004,5,14
BEL,BEL,2004,5,15
BEL,BEL,2004,5,16
BEL,BEL,2004,5,19
BEL,BEL,2004,5,20
BEL,BEL,2004,5,21
BEL,BEL,2004,5,22
BEL,BEL,2004,5,23
BEL,BEL,2004,5,26
BEL,BEL,2004,5,27
BEL,BEL,2004,5,28
BEL,BEL,2004,5,29
BEL,BEL,2004,5,30
BEL,BEL,2004,5,31
BEL,BEL,2004,6,3
BEL,BEL,2004,6,4
BEL,BEL,2004,6,5
BEL,BEL,2004,6,6
BEL,BEL,2004,6,9
BEL,BEL,2004,6,10
BEL,BEL,2004,6,11
BEL,BEL,2004,6,12
BEL,BEL,2004,6,13
BEL,BEL,2004,6,16
BEL,BEL,2004,6,17
BEL,BEL,2004,6,18
BEL,BEL,2004,6,19
BEL,BEL,2004,6,20
BEL,BEL,2004,6,23
BEL,BEL,2004,6,24
BEL,BEL,2004,6,25
BEL,BEL,2004,6,26
BEL,BEL,2004,6,27
BEL,BEL,2004,6,30
BEL,BEL,2004,7,1
BEL,BEL,2004,7,2
BEL,BEL,2004,7,3
BEL,BEL,2004,7,4
BEL,BEL,2004,7,5
BEL,BEL,2004,7,8
BEL,BEL,2004,7,9
BEL,BEL,2004,7,10
BEL,BEL,2004,7,11
BEL,BEL,2004,7,14
BEL,BEL,2004,7,15
BEL,BEL,2004,7,16
BEL,BEL,2004,7,17
BEL,BEL,2004,7,18
BEL,BEL,2004,7,21
BEL,BEL,2004,7,22
BEL,BEL,2004,7,23
BEL,BEL,2004,7,24
BEL,BEL,2004,7,25
BEL,BEL,2004,9,10
BEL,BEL,2004,9,11
BEL,BEL,2004,9,12
BEL,BEL,2004,9,15
BEL,BEL,2004,9,16
BEL,BEL,2004,9,17
BEL,BEL,2004,9,18
BEL,BEL,2004,9,19
BEL,BEL,2004,9,22
BEL,BEL,2004,9,23
BEL,BEL,2004,9,24
BEL,BEL,2004,9,25
BEL,BEL,2004,9,26
BEL,BEL,2004,9,29
BEL,BEL,2004,9,30
BEL,BEL,2004,10,1
BEL,BEL,2004,10,2
BEL,BEL,2004,10,3
BEL,BEL,2004,10,6
BEL,BEL,2004,10,7
BEL,BEL,2004,10,8
BEL,BEL,2004,10,9
BEL,BEL,2004,10,10
BEL,BEL,2004,10,11
BEL,BEL,2004,10,14
BEL,BEL,2004,10,15
BEL,BEL,2004,10,16
BEL,BEL,2004,10,17
BEL,BEL,2004,10,20
BEL,BEL,2004,10,21
BEL,BEL,2004,10,22
BEL,BEL,2004,10,23
BEL,BEL,2004,10,24
BEL,BEL,2005,5,4
BEL,BEL,2005,5,5
BEL,BEL,2005,5,6
BEL,BEL,2005,5,7
BEL,BEL,2005,5,8
BEL,BEL,2005,5,11
BEL,BEL,2005,5,12
BEL,BEL,2005,5,13
BEL,BEL,2005,5,14
BEL,BEL,2005,5,15
BEL,BEL,2005,5,18
BEL,BEL,2005,5,19
BEL,BEL,2005,5,20
BEL,BEL,2005,5,21
BEL,BEL,2005,5,22
BEL,BEL,2005,5,25
BEL,BEL,2005,5,26
BEL,BEL,2005,5,27
BEL,BEL,2005,5,28
BEL,BEL,2005,5,29
BEL,BEL,2005,5,30
BEL,BEL,2005,6,2
BEL,BEL,2005,6,3
BEL,BEL,2005,6,4
BEL,BEL,2005,6,5
BEL,BEL,2005,6,8
BEL,BEL,2005,6,9
BEL,BEL,2005,6,10
BEL,BEL,2005,6,11
BEL,BEL,2005,6,12
BEL,BEL,2005,6,15
BEL,BEL,2005,6,16
BEL,BEL,2005,6,17
BEL,BEL,2005,6,18
BEL,BEL,2005,6,19
BEL,BEL,2005,6,22
BEL,BEL,2005,6,23
BEL,BEL,2005,6,24
BEL,BEL,2005,6,25
BEL,BEL,2005,6,26
BEL,BEL,2005,6,29
BEL,BEL,2005,6,30
BEL,BEL,2005,7,1
BEL,BEL,2005,7,2
BEL,BEL,2005,7,3
BEL,BEL,2005,7,4
BEL,BEL,2005,7,7
BEL,BEL,2005,7,8
BEL,BEL,2005,7,9
BEL,BEL,2005,7,10
BEL,BEL,2005,7,13
BEL,BEL,2005,7,14
BEL,BEL,2005,7,15
BEL,BEL,2005,7,16
BEL,BEL,2005,7,17
BEL,BEL,2005,7,20
BEL,BEL,2005,7,21
BEL,BEL,2005,7,22
BEL,BEL,2005,7,23
BEL,BEL,2005,7,24
BEL,BEL,2005,9,9
BEL,BEL,2005,9,10
BEL,BEL,2005,9,11
BEL,BEL,2005,9,14
BEL,BEL,2005,9,15
BEL,BEL,2005,9,16
BEL,BEL,2005,9,17
BEL,BEL,2005,9,18
BEL,BEL,2005,9,21
BEL,BEL,2005,9,22
BEL,BEL,2005,9,23
BEL,BEL,2005,9,24
BEL,BEL,2005,9,25
BEL,BEL,2005,9,28
BEL,BEL,2005,9,29
BEL,BEL,2005,9,30
BEL,BEL,2005,10,1
BEL,BEL,2005,10,2
BEL,BEL,2005,10,5
BEL,BEL,2005,10,6
BEL,BEL,2005,10,7
BEL,BEL,2005,10,8
BEL,BEL,2005,10,9
BEL,BEL,2005,10,10
BEL,BEL,2005,10,14
BEL,BEL,2005,10,15
BEL,BEL,2005,10,16
BEL,BEL,2005,10,19
BEL,BEL,2005,10,20
BEL,BEL,2005,10,21
BEL,BEL,2005,10,22
BEL,BEL,2005,10,23
BEL,BEL,2005,10,26
BEL,BEL,2005,10,27
BEL,BEL,2005,10,28
BEL,BEL,2005,10,29
BEL,BEL,2005,10,30
BEL,BEL,2006,5,3
BEL,BEL,2006,5,4
BEL,BEL,2006,5,5
BEL,BEL,2006,5,6
BEL,BEL,2006,5,7
BEL,BEL,2006,5,10
BEL,BEL,2006,5,11
BEL,BEL,2006,5,12
BEL,BEL,2006,5,13
BEL,BEL,2006,5,14
BEL,BEL,2006,5,17
BEL,BEL,2006,5,18
BEL,BEL,2006,5,19
BEL,BEL,2006,5,20
BEL,BEL,2006,5,21
BEL,BEL,2006,5,24
BEL,BEL,2006,5,25
BEL,BEL,2006,5,26
BEL,BEL,2006,5,27
BEL,BEL,2006,5,28
BEL,BEL,2006,5,29
BEL,BEL,2006,6,1
BEL,BEL,2006,6,2
BEL,BEL,2006,6,3
BEL,BEL,2006,6,4
BEL,BEL,2006,6,7
BEL,BEL,2006,6,8
BEL,BEL,2006,6,9
BEL,BEL,2006,6,10
BEL,BEL,2006,6,11
BEL,BEL,2006,6,14
BEL,BEL,2006,6,15
BEL,BEL,2006,6,16
BEL,BEL,2006,6,17
BEL,BEL,2006,6,18
BEL,BEL,2006,6,21
BEL,BEL,2006,6,22
BEL,BEL,2006,6,23
BEL,BEL,2006,6,24
BEL,BEL,2006,6,25
BEL,BEL,2006,6,28
BEL,BEL,2006,6,29
BEL,BEL,2006,6,30
BEL,BEL,2006,7,1
BEL,BEL,2006,7,2
BEL,BEL,2006,7,3
BEL,BEL,2006,7,4
BEL,BEL,2006,7,7
BEL,BEL,2006,7,8
BEL,BEL,2006,7,9
BEL,BEL,2006,7,12
BEL,BEL,2006,7,13
BEL,BEL,2006,7,14
BEL,BEL,2006,7,15
BEL,BEL,2006,7,16
BEL,BEL,2006,7,19
BEL,BEL,2006,7,20
BEL,BEL,2006,7,21
BEL,BEL,2006,7,22
BEL,BEL,2006,9,8
BEL,BEL,2006,9,9
BEL,BEL,2006,9,10
BEL,BEL,2006,9,13
BEL,BEL,2006,9,14
BEL,BEL,2006,9,15
BEL,BEL,2006,9,16
BEL,BEL,2006,9,17
BEL,BEL,2006,9,20
BEL,BEL,2006,9,21
BEL,BEL,2006,9,22
BEL,BEL,2006,9,23
BEL,BEL,2006,9,24
BEL,BEL,2006,9,27
BEL,BEL,2006,9,28
BEL,BEL,2006,9,29
BEL,BEL,2006,9,30
BEL,BEL,2006,10,1
BEL,BEL,2006,10,4
BEL,BEL,2006,10,5
BEL,BEL,2006,10,6
BEL,BEL,2006,10,7
BEL,BEL,2006,10,8
BEL,BEL,2006,10,9
BEL,BEL,2006,10,12
BEL,BEL,2006,10,13
BEL,BEL,2006,10,14
BEL,BEL,2006,10,15
BEL,BEL,2006,10,18
BEL,BEL,2006,10,19
BEL,BEL,2006,10,20
BEL,BEL,2006,10,21
BEL,BEL,2006,10,22
BEL,BEL,2007,5,2
BEL,BEL,2007,5,3
BEL,BEL,2007,5,4
BEL,BEL,2007,5,5
BEL,BEL,2007,5,6
BEL,BEL,2007,5,9
BEL,BEL,2007,5,10
BEL,BEL,2007,5,11
BEL,BEL,2007,5,12
BEL,BEL,2007,5,13
BEL,BEL,2007,5,16
BEL,BEL,2007,5,17
BEL,BEL,2007,5,18
BEL,BEL,2007,5,19
BEL,BEL,2007,5,20
BEL,BEL,2007,5,23
BEL,BEL,2007,5,24
BEL,BEL,2007,5,25
BEL,BEL,2007,5,26
BEL,BEL,2007,5,27
BEL,BEL,2007,5,28
BEL,BEL,2007,5,31
BEL,BEL,2007,6,1
BEL,BEL,2007,6,2
BEL,BEL,2007,6,3
BEL,BEL,2007,6,6
BEL,BEL,2007,6,7
BEL,BEL,2007,6,8
BEL,BEL,2007,6,9
BEL,BEL,2007,6,10
BEL,BEL,2007,6,13
BEL,BEL,2007,6,14
BEL,BEL,2007,6,15
BEL,BEL,2007,6,16
BEL,BEL,2007,6,17
BEL,BEL,2007,6,20
BEL,BEL,2007,6,21
BEL,BEL,2007,6,22
BEL,BEL,2007,6,23
BEL,BEL,2007,6,24
BEL,BEL,2007,6,27
BEL,BEL,2007,6,28
BEL,BEL,2007,6,29
BEL,BEL,2007,6,30
BEL,BEL,2007,7,1
BEL,BEL,2007,7,4
BEL,BEL,2007,7,5
BEL,BEL,2007,7,6
BEL,BEL,2007,7,7
BEL,BEL,2007,7,8
BEL,BEL,2007,7,11
BEL,BEL,2007,7,12
BEL,BEL,2007,7,13
BEL,BEL,2007,7,14
BEL,BEL,2007,7,15
BEL,BEL,2007,7,19
BEL,BEL,2007,7,20
BEL,BEL,2007,7,21
BEL,BEL,2007,7,22
BEL,BEL,2007,9,7
BEL,BEL,2007,9,8
BEL,BEL,2007,9,9
BEL,BEL,2007,9,12
BEL,BEL,2007,9,13
BEL,BEL,2007,9,14
BEL,BEL,2007,9,15
BEL,BEL,2007,9,16
BEL,BEL,2007,9,19
BEL,BEL,2007,9,20
BEL,BEL,2007,9,21
BEL,BEL,2007,9,22
BEL,BEL,2007,9,23
BEL,BEL,2007,9,26
BEL,BEL,2007,9,27
BEL,BEL,2007,9,28
BEL,BEL,2007,9,29
BEL,BEL,2007,9,30
BEL,BEL,2007,10,3
BEL,BEL,2007,10,4
BEL,BEL,2007,10,5
BEL,BEL,2007,10,6
BEL,BEL,2007,10,7
BEL,BEL,2007,10,8
BEL,BEL,2007,10,11
BEL,BEL,2007,10,12
BEL,BEL,2007,10,13
BEL,BEL,2007,10,14
BEL,BEL,2007,10,17
BEL,BEL,2007,10,18
BEL,BEL,2007,10,19
BEL,BEL,2007,10,20
BEL,BEL,2007,10,21
BEL,BEL,2008,4,30
BEL,BEL,2008,5,1
BEL,BEL,2008,5,2
BEL,BEL,2008,5,3
BEL,BEL,2008,5,4
BEL,BEL,2008,5,7
BEL,BEL,2008,5,8
BEL,BEL,2008,5,9
BEL,BEL,2008,5,10
BEL,BEL,2008,5,11
BEL,BEL,2008,5,14
BEL,BEL,2008,5,15
BEL,BEL,2008,5,16
BEL,BEL,2008,5,17
BEL,BEL,2008,5,18
BEL,BEL,2008,5,21
BEL,BEL,2008,5,22
BEL,BEL,2008,5,23
BEL,BEL,2008,5,24
BEL,BEL,2008,5,25
BEL,BEL,2008,5,26
BEL,BEL,2008,5,29
BEL,BEL,2008,5,30
BEL,BEL,2008,5,31
BEL,BEL,2008,6,1
BEL,BEL,2008,6,4
BEL,BEL,2008,6,5
BEL,BEL,2008,6,6
BEL,BEL,2008,6,7
BEL,BEL,2008,6,11
BEL,BEL,2008,6,12
BEL,BEL,2008,6,13
BEL,BEL,2008,6,14
BEL,BEL,2008,6,15
BEL,BEL,2008,6,18
BEL,BEL,2008,6,19
BEL,BEL,2008,6,20
BEL,BEL,2008,6,21
BEL,BEL,2008,6,22
BEL,BEL,2008,6,25
BEL,BEL,2008,6,26
BEL,BEL,2008,6,27
BEL,BEL,2008,6,28
BEL,BEL,2008,6,29
BEL,BEL,2008,7,2
BEL,BEL,2008,7,3
BEL,BEL,2008,7,4
BEL,BEL,2008,7,5
BEL,BEL,2008,7,6
BEL,BEL,2008,7,9
BEL,BEL,2008,7,10
BEL,BEL,2008,7,11
BEL,BEL,2008,7,12
BEL,BEL,2008,7,13
BEL,BEL,2008,7,16
BEL,BEL,2008,7,17
BEL,BEL,2008,7,18
BEL,BEL,2008,7,19
BEL,BEL,2008,9,5
BEL,BEL,2008,9,6
BEL,BEL,2008,9,7
BEL,BEL,2008,9,10
BEL,BEL,2008,9,11
BEL,BEL,2008,9,12
BEL,BEL,2008,9,13
BEL,BEL,2008,9,14
BEL,BEL,2008,9,17
BEL,BEL,2008,9,18
BEL,BEL,2008,9,19
BEL,BEL,2008,9,20
BEL,BEL,2008,9,21
BEL,BEL,2008,9,24
BEL,BEL,2008,9,25
BEL,BEL,2008,9,27
BEL,BEL,2008,9,28
BEL,BEL,2008,10,1
BEL,BEL,2008,10,2
BEL,BEL,2008,10,3
BEL,BEL,2008,10,4
BEL,BEL,2008,10,5
BEL,BEL,2008,10,8
BEL,BEL,2008,10,9
BEL,BEL,2008,10,10
BEL,BEL,2008,10,11
BEL,BEL,2008,10,12
BEL,BEL,2008,10,13
BEL,BEL,2008,10,16
BEL,BEL,2008,10,17
BEL,BEL,2008,10,18
BEL,BEL,2008,10,19
BEL,BEL,2008,10,22
BEL,BEL,2008,10,23
BEL,BEL,2008,10,24
BEL,BEL,2008,10,25
BEL,BEL,2008,10,26
BEL,BEL,2009,4,29
BEL,BEL,2009,4,30
BEL,BEL,2009,5,1
BEL,BEL,2009,5,2
BEL,BEL,2009,5,3
BEL,BEL,2009,5,6
BEL,BEL,2009,5,7
BEL,BEL,2009,5,8
BEL,BEL,2009,5,9
BEL,BEL,2009,5,10
BEL,BEL,2009,5,13
BEL,BEL,2009,5,14
BEL,BEL,2009,5,15
BEL,BEL,2009,5,16
BEL,BEL,2009,5,17
BEL,BEL,2009,5,20
BEL,BEL,2009,5,21
BEL,BEL,2009,5,22
BEL,BEL,2009,5,23
BEL,BEL,2009,5,24
BEL,BEL,2009,5,25
BEL,BEL,2009,5,28
BEL,BEL,2009,5,29
BEL,BEL,2009,5,30
BEL,BEL,2009,5,31
BEL,BEL,2009,6,3
BEL,BEL,2009,6,4
BEL,BEL,2009,6,5
BEL,BEL,2009,6,6
BEL,BEL,2009,6,10
BEL,BEL,2009,6,11
BEL,BEL,2009,6,12
BEL,BEL,2009,6,13
BEL,BEL,2009,6,14
BEL,BEL,2009,6,17
BEL,BEL,2009,6,18
BEL,BEL,2009,6,19
BEL,BEL,2009,6,20
BEL,BEL,2009,6,21
BEL,BEL,2009,6,24
BEL,BEL,2009,6,25
BEL,BEL,2009,6,26
BEL,BEL,2009,6,27
BEL,BEL,2009,6,28
BEL,BEL,2009,7,1
BEL,BEL,2009,7,2
BEL,BEL,2009,7,3
BEL,BEL,2009,7,4
BEL,BEL,2009,7,5
BEL,BEL,2009,7,8
BEL,BEL,2009,7,9
BEL,BEL,2009,7,10
BEL,BEL,2009,7,11
BEL,BEL,2009,7,12
BEL,BEL,2009,7,15
BEL,BEL,2009,7,16
BEL,BEL,2009,7,17
BEL,BEL,2009,7,18
BEL,BEL,2009,7,19
BEL,BEL,2009,7,22
BEL,BEL,2009,7,23
BEL,BEL,2009,7,24
BEL,BEL,2009,7,25
BEL,BEL,2009,7,26
BEL,BEL,2009,9,11
BEL,BEL,2009,9,12
BEL,BEL,2009,9,13
BEL,BEL,2009,9,16
BEL,BEL,2009,9,17
BEL,BEL,2009,9,18
BEL,BEL,2009,9,19
BEL,BEL,2009,9,20
BEL,BEL,2009,9,23
BEL,BEL,2009,9,24
BEL,BEL,2009,9,25
BEL,BEL,2009,9,26
BEL,BEL,2009,9,27
BEL,BEL,2009,9,30
BEL,BEL,2009,10,1
BEL,BEL,2009,10,2
BEL,BEL,2009,10,3
BEL,BEL,2009,10,4
BEL,BEL,2009,10,7
BEL,BEL,2009,10,8
BEL,BEL,2009,10,9
BEL,BEL,2009,10,10
BEL,BEL,2009,10,11
BEL,BEL,2009,10,12
BEL,BEL,2009,10,15
BEL,BEL,2009,10,16
BEL,BEL,2009,10,17
BEL,BEL,2009,10,18
BEL,BEL,2009,10,21
BEL,BEL,2009,10,22
BEL,BEL,2009,10,23
BEL,BEL,2009,10,24
BEL,BEL,2009,10,25
BEL,BEL,2010,4,30
BEL,BEL,2010,5,1
BEL,BEL,2010,5,2
BEL,BEL,2010,5,5
BEL,BEL,2010,5,6
BEL,BEL,2010,5,7
BEL,BEL,2010,5,8
BEL,BEL,2010,5,9
BEL,BEL,2010,5,12
BEL,BEL,2010,5,13
BEL,BEL,2010,5,14
BEL,BEL,2010,5,15
BEL,BEL,2010,5,16
BEL,BEL,2010,5,19
BEL,BEL,2010,5,20
BEL,BEL,2010,5,21
BEL,BEL,2010,5,22
BEL,BEL,2010,5,23
BEL,BEL,2010,5,26
BEL,BEL,2010,5,27
BEL,BEL,2010,5,28
BEL,BEL,2010,5,29
BEL,BEL,2010,5,30
BEL,BEL,2010,5,31
BEL,BEL,2010,6,2
BEL,BEL,2010,6,3
BEL,BEL,2010,6,4
BEL,BEL,2010,6,5
BEL,BEL,2010,6,9
BEL,BEL,2010,6,10
BEL,BEL,2010,6,11
BEL,BEL,2010,6,12
BEL,BEL,2010,6,13
BEL,BEL,2010,6,16
BEL,BEL,2010,6,17
BEL,BEL,2010,6,18
BEL,BEL,2010,6,19
BEL,BEL,2010,6,20
BEL,BEL,2010,6,23
BEL,BEL,2010,6,24
BEL,BEL,2010,6,25
BEL,BEL,2010,6,26
BEL,BEL,2010,6,27
BEL,BEL,2010,6,30
BEL,BEL,2010,7,1
BEL,BEL,2010,7,2
BEL,BEL,2010,7,3
BEL,BEL,2010,7,4
BEL,BEL,2010,7,5
BEL,BEL,2010,7,8
BEL,BEL,2010,7,9
BEL,BEL,2010,7,10
BEL,BEL,2010,7,11
BEL,BEL,2010,7,14
BEL,BEL,2010,7,15
BEL,BEL,2010,7,17
BEL,BEL,2010,7,18
BEL,BEL,2010,9,11
BEL,BEL,2010,9,12
BEL,BEL,2010,9,15
BEL,BEL,2010,9,16
BEL,BEL,2010,9,17
BEL,BEL,2010,9,18
BEL,BEL,2010,9,19
BEL,BEL,2010,9,22
BEL,BEL,2010,9,23
BEL,BEL,2010,9,24
BEL,BEL,2010,9,25
BEL,BEL,2010,9,26
BEL,BEL,2010,9,29
BEL,BEL,2010,10,2
BEL,BEL,2010,10,3
BEL,BEL,2010,10,6
BEL,BEL,2010,10,7
BEL,BEL,2010,10,8
BEL,BEL,2010,10,9
BEL,BEL,2010,10,10
BEL,BEL,2010,10,11
BEL,BEL,2010,10,14
BEL,BEL,2010,10,15
BEL,BEL,2010,10,16
BEL,BEL,2010,10,17
BEL,BEL,2010,10,20
BEL,BEL,2010,10,21
BEL,BEL,2010,10,22
BEL,BEL,2010,10,23
BEL,BEL,2010,10,24
BEL,BEL,2010,10,27
BEL,BEL,2010,10,28
BEL,BEL,2010,10,29
BEL,BEL,2010,10,30
BEL,BEL,2010,10,31
BEL,BEL,2011,4,29
BEL,BEL,2011,4,30
BEL,BEL,2011,5,1
BEL,BEL,2011,5,4
BEL,BEL,2011,5,5
BEL,BEL,2011,5,6
BEL,BEL,2011,5,7
BEL,BEL,2011,5,8
BEL,BEL,2011,5,11
BEL,BEL,2011,5,12
BEL,BEL,2011,5,13
BEL,BEL,2011,5,14
BEL,BEL,2011,5,15
BEL,BEL,2011,5,18
BEL,BEL,2011,5,19
BEL,BEL,2011,5,20
BEL,BEL,2011,5,21
BEL,BEL,2011,5,22
BEL,BEL,2011,5,25
BEL,BEL,2011,5,26
BEL,BEL,2011,5,27
BEL,BEL,2011,5,28
BEL,BEL,2011,5,29
BEL,BEL,2011,5,30
BEL,BEL,2011,6,2
BEL,BEL,2011,6,3
BEL,BEL,2011,6,4
BEL,BEL,2011,6,5
BEL,BEL,2011,6,8
BEL,BEL,2011,6,10
BEL,BEL,2011,6,11
BEL,BEL,2011,6,15
BEL,BEL,2011,6,16
BEL,BEL,2011,6,17
BEL,BEL,2011,6,18
BEL,BEL,2011,6,19
BEL,BEL,2011,6,22
BEL,BEL,2011,6,23
BEL,BEL,2011,6,24
BEL,BEL,2011,6,25
BEL,BEL,2011,6,26
BEL,BEL,2011,6,29
BEL,BEL,2011,6,30
BEL,BEL,2011,7,1
BEL,BEL,2011,7,2
BEL,BEL,2011,7,3
BEL,BEL,2011,7,4
BEL,BEL,2011,7,7
BEL,BEL,2011,7,8
BEL,BEL,2011,7,9
BEL,BEL,2011,7,10
BEL,BEL,2011,7,14
BEL,BEL,2011,7,15
BEL,BEL,2011,7,16
BEL,BEL,2011,7,17
BEL,BEL,2011,9,10
BEL,BEL,2011,9,11
BEL,BEL,2011,9,14
BEL,BEL,2011,9,15
BEL,BEL,2011,9,16
BEL,BEL,2011,9,17
BEL,BEL,2011,9,18
BEL,BEL,2011,9,21
BEL,BEL,2011,9,22
BEL,BEL,2011,9,23
BEL,BEL,2011,9,24
BEL,BEL,2011,9,25
BEL,BEL,2011,9,28
BEL,BEL,2011,9,29
BEL,BEL,2011,9,30
BEL,BEL,2011,10,1
BEL,BEL,2011,10,2
BEL,BEL,2011,10,5
BEL,BEL,2011,10,6
BEL,BEL,2011,10,7
BEL,BEL,2011,10,8
BEL,BEL,2011,10,9
BEL,BEL,2011,10,10
BEL,BEL,2011,10,13
BEL,BEL,2011,10,14
BEL,BEL,2011,10,15
BEL,BEL,2011,10,16
BEL,BEL,2011,10,19
BEL,BEL,2011,10,20
BEL,BEL,2011,10,21
BEL,BEL,2011,10,22
BEL,BEL,2011,10,23
BEL,BEL,2011,10,26
BEL,BEL,2011,10,27
BEL,BEL,2011,10,28
BEL,BEL,2011,10,29
BEL,BEL,2012,4,27
BEL,BEL,2012,4,28
BEL,BEL,2012,4,29
BEL,BEL,2012,5,2
BEL,BEL,2012,5,3
BEL,BEL,2012,5,4
BEL,BEL,2012,5,5
BEL,BEL,2012,5,6
BEL,BEL,2012,5,9
BEL,BEL,2012,5,10
BEL,BEL,2012,5,11
BEL,BEL,2012,5,12
BEL,BEL,2012,5,13
BEL,BEL,2012,5,16
BEL,BEL,2012,5,17
BEL,BEL,2012,5,18
BEL,BEL,2012,5,19
BEL,BEL,2012,5,20
BEL,BEL,2012,5,23
BEL,BEL,2012,5,24
BEL,BEL,2012,5,25
BEL,BEL,2012,5,26
BEL,BEL,2012,5,27
BEL,BEL,2012,5,28
BEL,BEL,2012,5,31
BEL,BEL,2012,6,1
BEL,BEL,2012,6,2
BEL,BEL,2012,6,3
BEL,BEL,2012,6,6
BEL,BEL,2012,6,7
BEL,BEL,2012,6,8
BEL,BEL,2012,6,9
BEL,BEL,2012,6,13
BEL,BEL,2012,6,14
BEL,BEL,2012,6,15
BEL,BEL,2012,6,16
BEL,BEL,2012,6,17
BEL,BEL,2012,6,20
BEL,BEL,2012,6,22
BEL,BEL,2012,6,23
BEL,BEL,2012,6,24
BEL,BEL,2012,6,27
BEL,BEL,2012,6,28
BEL,BEL,2012,6,29
BEL,BEL,2012,6,30
BEL,BEL,2012,7,1
BEL,BEL,2012,7,4
BEL,BEL,2012,7,5
BEL,BEL,2012,7,6
BEL,BEL,2012,7,7
BEL,BEL,2012,7,8
BEL,BEL,2012,7,12
BEL,BEL,2012,7,13
BEL,BEL,2012,7,14
BEL,BEL,2012,7,15
BEL,BEL,2012,9,8
BEL,BEL,2012,9,9
BEL,BEL,2012,9,12
BEL,BEL,2012,9,13
BEL,BEL,2012,9,14
BEL,BEL,2012,9,15
BEL,BEL,2012,9,16
BEL,BEL,2012,9,19
BEL,BEL,2012,9,20
BEL,BEL,2012,9,21
BEL,BEL,2012,9,22
BEL,BEL,2012,9,23
BEL,BEL,2012,9,26
BEL,BEL,2012,9,27
BEL,BEL,2012,9,29
BEL,BEL,2012,9,30
BEL,BEL,2012,10,3
BEL,BEL,2012,10,4
BEL,BEL,2012,10,5
BEL,BEL,2012,10,6
BEL,BEL,2012,10,7
BEL,BEL,2012,10,8
BEL,BEL,2012,10,11
BEL,BEL,2012,10,12
BEL,BEL,2012,10,13
BEL,BEL,2012,10,14
BEL,BEL,2012,10,17
BEL,BEL,2012,10,18
BEL,BEL,2012,10,19
BEL,BEL,2012,10,20
BEL,BEL,2012,10,21
BEL,BEL,2012,10,24
BEL,BEL,2012,10,25
BEL,BEL,2012,10,26
BEL,BEL,2012,10,27
BEL,BEL,2012,10,28
BEL,BEL,2013,4,26
BEL,BEL,2013,4,27
BEL,BEL,2013,4,28
BEL,BEL,2013,5,1
BEL,BEL,2013,5,2
BEL,BEL,2013,5,3
BEL,BEL,2013,5,4
BEL,BEL,2013,5,5
BEL,BEL,2013,5,8
BEL,BEL,2013,5,9
BEL,BEL,2013,5,10
BEL,BEL,2013,5,11
BEL,BEL,2013,5,12
BEL,BEL,2013,5,15
BEL,BEL,2013,5,16
BEL,BEL,2013,5,17
BEL,BEL,2013,5,18
BEL,BEL,2013,5,19
BEL,BEL,2013,5,22
BEL,BEL,2013,5,23
BEL,BEL,2013,5,24
BEL,BEL,2013,5,25
BEL,BEL,2013,5,26
BEL,BEL,2013,5,27
BEL,BEL,2013,5,30
BEL,BEL,2013,5,31
BEL,BEL,2013,6,1
BEL,BEL,2013,6,2
BEL,BEL,2013,6,5
BEL,BEL,2013,6,6
BEL,BEL,2013,6,7
BEL,BEL,2013,6,8
BEL,BEL,2013,6,12
BEL,BEL,2013,6,13
BEL,BEL,2013,6,14
BEL,BEL,2013,6,15
BEL,BEL,2013,6,16
BEL,BEL,2013,6,19
BEL,BEL,2013,6,20
BEL,BEL,2013,6,21
BEL,BEL,2013,6,22
BEL,BEL,2013,6,23
BEL,BEL,2013,6,26
BEL,BEL,2013,6,27
BEL,BEL,2013,6,28
BEL,BEL,2013,6,29
BEL,BEL,2013,6,30
BEL,BEL,2013,7,3
BEL,BEL,2013,7,4
BEL,BEL,2013,7,5
BEL,BEL,2013,7,6
BEL,BEL,2013,7,7
BEL,BEL,2013,7,11
BEL,BEL,2013,7,12
BEL,BEL,2013,7,13
BEL,BEL,2013,7,14
BEL,BEL,2013,9,7
BEL,BEL,2013,9,8
BEL,BEL,2013,9,11
BEL,BEL,2013,9,12
BEL,BEL,2013,9,13
BEL,BEL,2013,9,14
BEL,BEL,2013,9,15
BEL,BEL,2013,9,18
BEL,BEL,2013,9,19
BEL,BEL,2013,9,20
BEL,BEL,2013,9,21
BEL,BEL,2013,9,22
BEL,BEL,2013,9,25
BEL,BEL,2013,9,26
BEL,BEL,2013,9,27
BEL,BEL,2013,9,28
BEL,BEL,2013,9,29
BEL,BEL,2013,10,2
BEL,BEL,2013,10,3
BEL,BEL,2013,10,4
BEL,BEL,2013,10,5
BEL,BEL,2013,10,6
BEL,BEL,2013,10,9
BEL,BEL,2013,10,10
BEL,BEL,2013,10,11
BEL,BEL,2013,10,12
BEL,BEL,2013,10,13
BEL,BEL,2013,10,14
BEL,BEL,2013,10,17
BEL,BEL,2013,10,18
BEL,BEL,2013,10,19
BEL,BEL,2013,10,20
BEL,BEL,2013,10,23
BEL,BEL,2013,10,24
BEL,BEL,2013,10,25
BEL,BEL,2013,10,26
BEL,BEL,2013,10,27
BEL,BEL,2014,5,1
BEL,BEL,2014,5,2
BEL,BEL,2014,5,3
BEL,BEL,2014,5,4
BEL,BEL,2014,5,7
BEL,BEL,2014,5,8
BEL,BEL,2014,5,9
BEL,BEL,2014,5,10
BEL,BEL,2014,5,11
BEL,BEL,2014,5,14
BEL,BEL,2014,5,15
BEL,BEL,2014,5,16
BEL,BEL,2014,5,17
BEL,BEL,2014,5,18
BEL,BEL,2014,5,21
BEL,BEL,2014,5,22
BEL,BEL,2014,5,23
BEL,BEL,2014,5,24
BEL,BEL,2014,5,25
BEL,BEL,2014,5,26
BEL,BEL,2014,5,29
BEL,BEL,2014,5,30
BEL,BEL,2014,5,31
BEL,BEL,2014,6,1
BEL,BEL,2014,6,4
BEL,BEL,2014,6,5
BEL,BEL,2014,6,6
BEL,BEL,2014,6,7
BEL,BEL,2014,6,8
BEL,BEL,2014,6,11
BEL,BEL,2014,6,12
BEL,BEL,2014,6,13
BEL,BEL,2014,6,14
BEL,BEL,2014,6,15
BEL,BEL,2014,6,18
BEL,BEL,2014,6,19
BEL,BEL,2014,6,20
BEL,BEL,2014,6,21
BEL,BEL,2014,6,22
BEL,BEL,2014,6,25
BEL,BEL,2014,6,26
BEL,BEL,2014,6,27
BEL,BEL,2014,6,28
BEL,BEL,2014,6,29
BEL,BEL,2014,7,2
BEL,BEL,2014,7,3
BEL,BEL,2014,7,4
BEL,BEL,2014,7,5
BEL,BEL,2014,7,6
BEL,BEL,2014,7,9
BEL,BEL,2014,7,10
BEL,BEL,2014,7,11
BEL,BEL,2014,7,12
BEL,BEL,2014,7,13
BEL,BEL,2014,9,5
BEL,BEL,2014,9,6
BEL,BEL,2014,9,7
BEL,BEL,2014,9,10
BEL,BEL,2014,9,11
BEL,BEL,2014,9,12
BEL,BEL,2014,9,13
BEL,BEL,2014,9,14
BEL,BEL,2014,9,17
BEL,BEL,2014,9,18
BEL,BEL,2014,9,19
BEL,BEL,2014,9,20
BEL,BEL,2014,9,21
BEL,BEL,2014,9,24
BEL,BEL,2014,9,25
BEL,BEL,2014,9,26
BEL,BEL,2014,9,27
BEL,BEL,2014,9,28
BEL,BEL,2014,10,1
BEL,BEL,2014,10,2
BEL,BEL,2014,10,3
BEL,BEL,2014,10,4
BEL,BEL,2014,10,5
BEL,BEL,2014,10,8
BEL,BEL,2014,10,9
BEL,BEL,2014,10,10
BEL,BEL,2014,10,11
BEL,BEL,2014,10,12
BEL,BEL,2014,10,13
BEL,BEL,2014,10,16
BEL,BEL,2014,10,17
BEL,BEL,2014,10,18
BEL,BEL,2014,10,19
BEL,BEL,2014,10,22
BEL,BEL,2014,10,23
BEL,BEL,2014,10,24
BEL,BEL,2014,10,25
BEL,BEL,2014,10,26
BEL,BEL,2015,4,29
BEL,BEL,2015,4,30
BEL,BEL,2015,5,1
BEL,BEL,2015,5,2
BEL,BEL,2015,5,3
BEL,BEL,2015,5,6
BEL,BEL,2015,5,7
BEL,BEL,2015,5,8
BEL,BEL,2015,5,9
BEL,BEL,2015,5,10
BEL,BEL,2015,5,13
BEL,BEL,2015,5,14
BEL,BEL,2015,5,15
BEL,BEL,2015,5,16
BEL,BEL,2015,5,17
BEL,BEL,2015,5,20
BEL,BEL,2015,5,21
BEL,BEL,2015,5,22
BEL,BEL,2015,5,23
BEL,BEL,2015,5,24
BEL,BEL,2015,5,25
BEL,BEL,2015,5,28
BEL,BEL,2015,5,29
BEL,BEL,2015,5,30
BEL,BEL,2015,5,31
BEL,BEL,2015,6,4
BEL,BEL,2015,6,5
BEL,BEL,2015,6,6
BEL,BEL,2015,6,7
BEL,BEL,2015,6,10
BEL,BEL,2015,6,11
BEL,BEL,2015,6,12
BEL,BEL,2015,6,13
BEL,BEL,2015,6,14
BEL,BEL,2015,6,17
BEL,BEL,2015,6,18
BEL,BEL,2015,6,19
BEL,BEL,2015,6,20
BEL,BEL,2015,6,21
BEL,BEL,2015,6,24
BEL,BEL,2015,6,25
BEL,BEL,2015,6,26
BEL,BEL,2015,6,27
BEL,BEL,2015,6,28
BEL,BEL,2015,7,1
BEL,BEL,2015,7,2
BEL,BEL,2015,7,3
BEL,BEL,2015,7,4
BEL,BEL,2015,7,5
BEL,BEL,2015,7,8
BEL,BEL,2015,7,9
BEL,BEL,2015,7,10
BEL,BEL,2015,7,11
BEL,BEL,2015,7,12
BEL,BEL,2015,7,15
BEL,BEL,2015,7,16
BEL,BEL,2015,7,17
BEL,BEL,2015,7,18
BEL,BEL,2015,7,19
BEL,BEL,2015,9,11
BEL,BEL,2015,9,12
BEL,BEL,2015,9,13
BEL,BEL,2015,9,16
BEL,BEL,2015,9,17
BEL,BEL,2015,9,18
BEL,BEL,2015,9,19
BEL,BEL,2015,9,20
BEL,BEL,2015,9,23
BEL,BEL,2015,9,24
BEL,BEL,2015,9,25
BEL,BEL,2015,9,26
BEL,BEL,2015,9,27
BEL,BEL,2015,9,30
BEL,BEL,2015,10,1
BEL,BEL,2015,10,2
BEL,BEL,2015,10,3
BEL,BEL,2015,10,4
BEL,BEL,2015,10,7
BEL,BEL,2015,10,8
BEL,BEL,2015,10,9
BEL,BEL,2015,10,10
BEL,BEL,2015,10,11
BEL,BEL,2015,10,12
BEL,BEL,2015,10,15
BEL,BEL,2015,10,16
BEL,BEL,2015,10,17
BEL,BEL,2015,10,18
BEL,BEL,2015,10,21
BEL,BEL,2015,10,22
BEL,BEL,2015,10,23
BEL,BEL,2015,10,24
BEL,BEL,2015,10,25
BEL,BEL,2015,10,28
BEL,BEL,2015,10,29
BEL,BEL,2015,10,30
BEL,BEL,2015,10,31
BEL,BEL,2015,11,1
BEU,BEU,1998,12,18
BEU,BEU,1998,12,19
BEU,BEU,1998,12,20
BEU,BEU,1998,12,21
BEU,BEU,1999,4,23
BEU,BEU,2003,4,26
BEU,BEU,2003,4,27
BEU,BEU,2003,5,2
BEU,BEU,2003,5,3
BEU,BEU,2004,1,13
BEU,BEU,2004,1,16
BEU,BEU,2004,1,17
BEU,BEU,2004,1,18
BEU,BEU,2004,1,20
BEU,BEU,2004,1,21
BEU,BEU,2004,1,23
BEU,BEU,2004,1,24
BEU,BEU,2004,1,25
BEU,BEU,2004,1,26
BEU,BEU,2004,1,30
BEU,BEU,2004,1,31
BEU,BEU,2004,2,1
BEU,BEU,2004,2,2
BEU,BEU,2004,2,8
BEU,BEU,2004,2,9
BEU,BEU,2004,2,10
BEU,BEU,2004,2,13
BEU,BEU,2004,2,14
BEU,BEU,2004,2,15
BEU,BEU,2004,2,17
BEU,BEU,2004,2,18
BEU,BEU,2004,2,20
BEU,BEU,2004,2,21
BEU,BEU,2004,2,22
BEU,BEU,2004,2,23
BEU,BEU,2004,2,24
BEU,BEU,2004,2,27
BEU,BEU,2004,2,28
BEU,BEU,2004,2,29
BEU,BEU,2004,3,1
BEU,BEU,2004,3,2
BEU,BEU,2004,3,5
BEU,BEU,2004,3,6
BEU,BEU,2004,3,7
BEU,BEU,2004,3,8
BEU,BEU,2004,3,9
BEU,BEU,2004,3,12
BEU,BEU,2004,3,13
BEU,BEU,2004,3,14
BEU,BEU,2004,3,15
BEU,BEU,2004,3,19
BEU,BEU,2004,3,20
BEU,BEU,2004,3,21
BEU,BEU,2004,3,22
BEU,BEU,2004,3,23
BEU,BEU,2004,3,26
BEU,BEU,2004,3,27
BEU,BEU,2004,3,28
BEU,BEU,2004,3,29
BEU,BEU,2004,3,30
BEU,BEU,2004,4,2
BEU,BEU,2004,4,3
BEU,BEU,2004,4,4
BEU,BEU,2004,4,5
BEU,BEU,2004,4,6
BEU,BEU,2004,4,9
BEU,BEU,2004,4,10
BEU,BEU,2004,4,13
BEU,BEU,2004,4,16
BEU,BEU,2004,4,17
BEU,BEU,2004,4,18
BEU,BEU,2004,4,23
BEU,BEU,2004,4,24
BEU,BEU,2004,4,25
BEU,BEU,2004,4,30
BEU,BEU,2004,5,1
BEU,BEU,2004,9,21
BEU,BEU,2004,9,28
BEU,BEU,2004,10,5
BEU,BEU,2004,10,12
BEU,BEU,2004,10,19
BEU,BEU,2004,10,26
BEU,BEU,2004,11,2
BEU,BEU,2004,11,9
BEU,BEU,2004,11,16
BEU,BEU,2004,11,23
BEU,BEU,2004,11,30
BEU,BEU,2004,12,7
BEU,BEU,2004,12,14
BEU,BEU,2004,12,21
BEU,BEU,2005,1,8
BEU,BEU,2005,1,10
BEU,BEU,2005,1,11
BEU,BEU,2005,1,12
BEU,BEU,2005,1,14
BEU,BEU,2005,1,15
BEU,BEU,2005,1,18
BEU,BEU,2005,1,19
BEU,BEU,2005,1,24
BEU,BEU,2005,1,25
BEU,BEU,2005,1,26
BEU,BEU,2005,1,28
BEU,BEU,2005,1,29
BEU,BEU,2005,1,31
BEU,BEU,2005,2,1
BEU,BEU,2005,2,2
BEU,BEU,2005,2,4
BEU,BEU,2005,2,5
BEU,BEU,2005,2,7
BEU,BEU,2005,2,8
BEU,BEU,2005,2,11
BEU,BEU,2005,2,12
BEU,BEU,2005,2,14
BEU,BEU,2005,2,15
BEU,BEU,2005,2,16
BEU,BEU,2005,2,18
BEU,BEU,2005,2,19
BEU,BEU,2005,2,21
BEU,BEU,2005,2,22
BEU,BEU,2005,2,23
BEU,BEU,2005,2,25
BEU,BEU,2005,2,26
BEU,BEU,2005,2,28
BEU,BEU,2005,3,1
BEU,BEU,2005,3,2
BEU,BEU,2005,3,4
BEU,BEU,2005,3,5
BEU,BEU,2005,3,7
BEU,BEU,2005,3,8
BEU,BEU,2005,3,9
BEU,BEU,2005,3,11
BEU,BEU,2005,3,12
BEU,BEU,2005,3,14
BEU,BEU,2005,3,15
BEU,BEU,2005,3,16
BEU,BEU,2005,3,18
BEU,BEU,2005,3,19
BEU,BEU,2005,3,21
BEU,BEU,2005,3,22
BEU,BEU,2005,3,23
BEU,BEU,2005,3,25
BEU,BEU,2005,3,26
BEU,BEU,2005,3,28
BEU,BEU,2005,3,29
BEU,BEU,2005,3,30
BEU,BEU,2005,4,1
BEU,BEU,2005,4,2
BEU,BEU,2005,4,4
BEU,BEU,2005,4,5
BEU,BEU,2005,4,6
BEU,BEU,2005,4,12
BEU,BEU,2005,4,13
BEU,BEU,2005,4,19
BEU,BEU,2005,4,20
BEU,BEU,2005,4,26
BEU,BEU,2005,4,27
BEU,BEU,2005,5,4
BEU,BEU,2005,5,6
BEU,BEU,2005,5,7
BEU,BEU,2005,10,11
BEU,BEU,2005,10,18
BEU,BEU,2005,10,25
BEU,BEU,2005,11,1
BEU,BEU,2005,11,8
BEU,BEU,2005,11,15
BEU,BEU,2005,11,29
BEU,BEU,2005,12,6
BEU,BEU,2005,12,13
BEU,BEU,2005,12,20
BEU,BEU,2006,1,7
BEU,BEU,2006,1,9
BEU,BEU,2006,1,10
BEU,BEU,2006,1,11
BEU,BEU,2006,1,13
BEU,BEU,2006,1,14
BEU,BEU,2006,1,16
BEU,BEU,2006,1,17
BEU,BEU,2006,1,18
BEU,BEU,2006,1,20
BEU,BEU,2006,1,21
BEU,BEU,2006,1,23
BEU,BEU,2006,1,24
BEU,BEU,2006,1,25
BEU,BEU,2006,1,27
BEU,BEU,2006,1,28
BEU,BEU,2006,1,30
BEU,BEU,2006,1,31
BEU,BEU,2006,2,1
BEU,BEU,2006,2,3
BEU,BEU,2006,2,4
BEU,BEU,2006,2,6
BEU,BEU,2006,2,7
BEU,BEU,2006,2,8
BEU,BEU,2006,2,10
BEU,BEU,2006,2,11
BEU,BEU,2006,2,13
BEU,BEU,2006,2,14
BEU,BEU,2006,2,15
BEU,BEU,2006,2,17
BEU,BEU,2006,2,18
BEU,BEU,2006,2,20
BEU,BEU,2006,2,21
BEU,BEU,2006,2,22
BEU,BEU,2006,2,24
BEU,BEU,2006,2,25
BEU,BEU,2006,2,27
BEU,BEU,2006,2,28
BEU,BEU,2006,3,1
BEU,BEU,2006,3,3
BEU,BEU,2006,3,4
BEU,BEU,2006,3,6
BEU,BEU,2006,3,7
BEU,BEU,2006,3,8
BEU,BEU,2006,3,10
BEU,BEU,2006,3,11
BEU,BEU,2006,3,13
BEU,BEU,2006,3,14
BEU,BEU,2006,3,15
BEU,BEU,2006,3,17
BEU,BEU,2006,3,18
BEU,BEU,2006,3,20
BEU,BEU,2006,3,21
BEU,BEU,2006,3,22
BEU,BEU,2006,3,25
BEU,BEU,2006,3,27
BEU,BEU,2006,3,28
BEU,BEU,2006,3,29
BEU,BEU,2006,4,1
BEU,BEU,2006,4,3
BEU,BEU,2006,4,4
BEU,BEU,2006,4,5
BEU,BEU,2006,4,8
BEU,BEU,2006,4,10
BEU,BEU,2006,4,11
BEU,BEU,2006,4,12
BEU,BEU,2006,4,17
BEU,BEU,2006,4,19
BEU,BEU,2006,4,24
BEU,BEU,2006,4,26
BEU,BEU,2006,4,29
BEU,BEU,2006,5,3
BEU,BEU,2006,5,6
BEU,BEU,2006,10,9
BEU,BEU,2006,10,10
BEU,BEU,2006,10,11
BEU,BEU,2006,10,17
BEU,BEU,2006,10,18
BEU,BEU,2006,10,24
BEU,BEU,2006,10,25
BEU,BEU,2006,10,31
BEU,BEU,2006,11,1
BEU,BEU,2006,11,7
BEU,BEU,2006,11,8
BEU,BEU,2006,11,14
BEU,BEU,2006,11,15
BEU,BEU,2006,11,21
BEU,BEU,2006,11,22
BEU,BEU,2006,11,28
BEU,BEU,2006,11,29
BEU,BEU,2006,12,1
BEU,BEU,2006,12,2
BEU,BEU,2006,12,4
BEU,BEU,2006,12,5
BEU,BEU,2006,12,6
BEU,BEU,2006,12,8
BEU,BEU,2006,12,9
BEU,BEU,2006,12,11
BEU,BEU,2006,12,12
BEU,BEU,2006,12,13
BEU,BEU,2006,12,15
BEU,BEU,2006,12,16
BEU,BEU,2006,12,18
BEU,BEU,2006,12,19
BEU,BEU,2006,12,20
BEU,BEU,2006,12,22
BEU,BEU,2007,1,6
BEU,BEU,2007,1,8
BEU,BEU,2007,1,9
BEU,BEU,2007,1,10
BEU,BEU,2007,1,12
BEU,BEU,2007,1,13
BEU,BEU,2007,1,15
BEU,BEU,2007,1,16
BEU,BEU,2007,1,17
BEU,BEU,2007,1,19
BEU,BEU,2007,1,20
BEU,BEU,2007,1,22
BEU,BEU,2007,1,23
BEU,BEU,2007,1,24
BEU,BEU,2007,1,26
BEU,BEU,2007,1,27
BEU,BEU,2007,1,29
BEU,BEU,2007,1,30
BEU,BEU,2007,1,31
BEU,BEU,2007,2,2
BEU,BEU,2007,2,3
BEU,BEU,2007,2,7
BEU,BEU,2007,2,9
BEU,BEU,2007,2,10
BEU,BEU,2007,2,12
BEU,BEU,2007,2,16
BEU,BEU,2007,2,19
BEU,BEU,2007,2,20
BEU,BEU,2007,2,21
BEU,BEU,2007,2,23
BEU,BEU,2007,2,24
BEU,BEU,2007,2,26
BEU,BEU,2007,2,27
BEU,BEU,2007,2,28
BEU,BEU,2007,3,2
BEU,BEU,2007,3,3
BEU,BEU,2007,3,5
BEU,BEU,2007,3,6
BEU,BEU,2007,3,7
BEU,BEU,2007,3,9
BEU,BEU,2007,3,10
BEU,BEU,2007,3,12
BEU,BEU,2007,3,13
BEU,BEU,2007,3,14
BEU,BEU,2007,3,16
BEU,BEU,2007,3,17
BEU,BEU,2007,3,19
BEU,BEU,2007,3,20
BEU,BEU,2007,3,21
BEU,BEU,2007,3,23
BEU,BEU,2007,3,24
BEU,BEU,2007,3,26
BEU,BEU,2007,3,27
BEU,BEU,2007,3,28
BEU,BEU,2007,3,30
BEU,BEU,2007,3,31
BEU,BEU,2007,4,2
BEU,BEU,2007,4,3
BEU,BEU,2007,4,4
BEU,BEU,2007,4,7
BEU,BEU,2007,4,9
BEU,BEU,2007,4,11
BEU,BEU,2007,4,16
BEU,BEU,2007,4,18
BEU,BEU,2007,4,23
BEU,BEU,2007,4,25
BEU,BEU,2007,4,28
BEU,BEU,2007,4,30
BEU,BEU,2007,5,2
BEU,BEU,2007,5,5
BEU,BEU,2007,10,9
BEU,BEU,2007,10,10
BEU,BEU,2007,10,16
BEU,BEU,2007,10,17
BEU,BEU,2007,10,23
BEU,BEU,2007,10,24
BEU,BEU,2007,10,30
BEU,BEU,2007,10,31
BEU,BEU,2007,11,6
BEU,BEU,2007,11,7
BEU,BEU,2007,11,13
BEU,BEU,2007,11,14
BEU,BEU,2007,11,20
BEU,BEU,2007,11,23
BEU,BEU,2007,11,27
BEU,BEU,2007,11,30
BEU,BEU,2007,12,4
BEU,BEU,2007,12,7
BEU,BEU,2007,12,14
BEU,BEU,2007,12,18
BEU,BEU,2007,12,20
BEU,BEU,2007,12,21
BEU,BEU,2007,12,22
BEU,BEU,2008,1,7
BEU,BEU,2008,1,8
BEU,BEU,2008,1,9
BEU,BEU,2008,1,11
BEU,BEU,2008,1,12
BEU,BEU,2008,1,14
BEU,BEU,2008,1,15
BEU,BEU,2008,1,16
BEU,BEU,2008,1,18
BEU,BEU,2008,1,19
BEU,BEU,2008,1,21
BEU,BEU,2008,1,22
BEU,BEU,2008,1,23
BEU,BEU,2008,1,25
BEU,BEU,2008,1,26
BEU,BEU,2008,1,28
BEU,BEU,2008,1,29
BEU,BEU,2008,1,30
BEU,BEU,2008,2,1
BEU,BEU,2008,2,2
BEU,BEU,2008,2,6
BEU,BEU,2008,2,8
BEU,BEU,2008,2,9
BEU,BEU,2008,2,11
BEU,BEU,2008,2,15
BEU,BEU,2008,2,16
BEU,BEU,2008,2,19
BEU,BEU,2008,2,20
BEU,BEU,2008,2,22
BEU,BEU,2008,2,23
BEU,BEU,2008,2,25
BEU,BEU,2008,2,27
BEU,BEU,2008,2,29
BEU,BEU,2008,3,1
BEU,BEU,2008,3,17
BEU,BEU,2008,3,18
BEU,BEU,2008,3,19
BEU,BEU,2008,3,21
BEU,BEU,2008,3,22
BEU,BEU,2008,3,24
BEU,BEU,2008,3,25
BEU,BEU,2008,3,26
BEU,BEU,2008,3,28
BEU,BEU,2008,3,29
BEU,BEU,2008,3,31
BEU,BEU,2008,4,1
BEU,BEU,2008,4,2
BEU,BEU,2008,4,4
BEU,BEU,2008,4,5
BEU,BEU,2008,4,7
BEU,BEU,2008,4,8
BEU,BEU,2008,4,9
BEU,BEU,2008,4,12
BEU,BEU,2008,4,14
BEU,BEU,2008,4,16
BEU,BEU,2008,4,21
BEU,BEU,2008,4,23
BEU,BEU,2008,4,28
BEU,BEU,2008,4,30
BEU,BEU,2008,5,3
BEU,BEU,2008,10,14
BEU,BEU,2008,10,27
BEU,BEU,2008,10,28
BEU,BEU,2008,10,29
BEU,BEU,2008,10,31
BEU,BEU,2008,11,1
BEU,BEU,2008,11,3
BEU,BEU,2008,11,4
BEU,BEU,2008,11,5
BEU,BEU,2008,11,7
BEU,BEU,2008,11,8
BEU,BEU,2008,11,10
BEU,BEU,2008,11,11
BEU,BEU,2008,11,12
BEU,BEU,2008,11,14
BEU,BEU,2008,11,15
BEU,BEU,2008,11,17
BEU,BEU,2008,11,18
BEU,BEU,2008,11,19
BEU,BEU,2008,11,21
BEU,BEU,2008,11,22
BEU,BEU,2008,11,24
BEU,BEU,2008,11,25
BEU,BEU,2008,11,26
BEU,BEU,2008,11,28
BEU,BEU,2008,11,29
BEU,BEU,2008,12,1
BEU,BEU,2008,12,2
BEU,BEU,2008,12,3
BEU,BEU,2008,12,5
BEU,BEU,2008,12,6
BEU,BEU,2008,12,8
BEU,BEU,2008,12,9
BEU,BEU,2008,12,10
BEU,BEU,2008,12,12
BEU,BEU,2008,12,13
BEU,BEU,2008,12,15
BEU,BEU,2008,12,16
BEU,BEU,2008,12,17
BEU,BEU,2008,12,20
BEU,BEU,2009,1,10
BEU,BEU,2009,1,12
BEU,BEU,2009,1,13
BEU,BEU,2009,1,19
BEU,BEU,2009,1,20
BEU,BEU,2009,1,21
BEU,BEU,2009,1,24
BEU,BEU,2009,1,26
BEU,BEU,2009,1,27
BEU,BEU,2009,1,30
BEU,BEU,2009,1,31
BEU,BEU,2009,2,2
BEU,BEU,2009,2,3
BEU,BEU,2009,2,6
BEU,BEU,2009,2,9
BEU,BEU,2009,2,10
BEU,BEU,2009,2,11
BEU,BEU,2009,2,13
BEU,BEU,2009,2,14
BEU,BEU,2009,2,16
BEU,BEU,2009,2,17
BEU,BEU,2009,2,18
BEU,BEU,2009,2,20
BEU,BEU,2009,2,21
BEU,BEU,2009,2,23
BEU,BEU,2009,2,24
BEU,BEU,2009,2,25
BEU,BEU,2009,2,27
BEU,BEU,2009,2,28
BEU,BEU,2009,3,2
BEU,BEU,2009,3,3
BEU,BEU,2009,3,4
BEU,BEU,2009,3,6
BEU,BEU,2009,3,7
BEU,BEU,2009,3,9
BEU,BEU,2009,3,10
BEU,BEU,2009,3,11
BEU,BEU,2009,3,13
BEU,BEU,2009,3,14
BEU,BEU,2009,3,16
BEU,BEU,2009,3,17
BEU,BEU,2009,3,18
BEU,BEU,2009,3,20
BEU,BEU,2009,3,21
BEU,BEU,2009,3,23
BEU,BEU,2009,3,24
BEU,BEU,2009,3,25
BEU,BEU,2009,3,27
BEU,BEU,2009,3,28
BEU,BEU,2009,3,30
BEU,BEU,2009,3,31
BEU,BEU,2009,4,1
BEU,BEU,2009,4,4
BEU,BEU,2009,4,6
BEU,BEU,2009,4,7
BEU,BEU,2009,4,8
BEU,BEU,2009,4,11
BEU,BEU,2009,4,13
BEU,BEU,2009,4,14
BEU,BEU,2009,4,15
BEU,BEU,2009,4,18
BEU,BEU,2009,4,20
BEU,BEU,2009,4,21
BEU,BEU,2009,4,25
BEU,BEU,2009,4,27
BEU,BEU,2009,4,28
BEU,BEU,2009,5,2
BEU,BEU,2009,10,13
BEU,BEU,2009,10,14
BEU,BEU,2009,10,21
BEU,BEU,2009,10,28
BEU,BEU,2009,11,2
BEU,BEU,2009,11,3
BEU,BEU,2009,11,4
BEU,BEU,2009,11,6
BEU,BEU,2009,11,7
BEU,BEU,2009,11,9
BEU,BEU,2009,11,10
BEU,BEU,2009,11,11
BEU,BEU,2009,11,13
BEU,BEU,2009,11,14
BEU,BEU,2009,11,16
BEU,BEU,2009,11,17
BEU,BEU,2009,11,18
BEU,BEU,2009,11,20
BEU,BEU,2009,11,21
BEU,BEU,2009,11,23
BEU,BEU,2009,11,24
BEU,BEU,2009,11,25
BEU,BEU,2009,11,27
BEU,BEU,2009,11,28
BEU,BEU,2009,11,30
BEU,BEU,2009,12,1
BEU,BEU,2009,12,2
BEU,BEU,2009,12,4
BEU,BEU,2009,12,5
BEU,BEU,2009,12,7
BEU,BEU,2009,12,8
BEU,BEU,2009,12,9
BEU,BEU,2009,12,11
BEU,BEU,2009,12,12
BEU,BEU,2009,12,14
BEU,BEU,2009,12,15
BEU,BEU,2009,12,16
BEU,BEU,2009,12,18
BEU,BEU,2009,12,19
BEU,BEU,2009,12,21
BEU,BEU,2009,12,22
BEU,BEU,2009,12,23
BEU,BEU,2010,1,9
BEU,BEU,2010,1,11
BEU,BEU,2010,1,12
BEU,BEU,2010,1,13
BEU,BEU,2010,1,15
BEU,BEU,2010,1,16
BEU,BEU,2010,1,18
BEU,BEU,2010,1,19
BEU,BEU,2010,1,20
BEU,BEU,2010,1,22
BEU,BEU,2010,1,23
BEU,BEU,2010,1,25
BEU,BEU,2010,1,26
BEU,BEU,2010,1,27
BEU,BEU,2010,1,29
BEU,BEU,2010,1,30
BEU,BEU,2010,2,1
BEU,BEU,2010,2,2
BEU,BEU,2010,2,3
BEU,BEU,2010,2,8
BEU,BEU,2010,2,9
BEU,BEU,2010,2,12
BEU,BEU,2010,2,13
BEU,BEU,2010,2,17
BEU,BEU,2010,2,19
BEU,BEU,2010,2,20
BEU,BEU,2010,2,22
BEU,BEU,2010,2,23
BEU,BEU,2010,2,24
BEU,BEU,2010,2,26
BEU,BEU,2010,2,27
BEU,BEU,2010,3,1
BEU,BEU,2010,3,2
BEU,BEU,2010,3,3
BEU,BEU,2010,3,5
BEU,BEU,2010,3,6
BEU,BEU,2010,3,8
BEU,BEU,2010,3,9
BEU,BEU,2010,3,10
BEU,BEU,2010,3,12
BEU,BEU,2010,3,13
BEU,BEU,2010,3,15
BEU,BEU,2010,3,16
BEU,BEU,2010,3,17
BEU,BEU,2010,3,19
BEU,BEU,2010,3,20
BEU,BEU,2010,3,22
BEU,BEU,2010,3,23
BEU,BEU,2010,3,24
BEU,BEU,2010,3,26
BEU,BEU,2010,3,27
BEU,BEU,2010,3,29
BEU,BEU,2010,3,30
BEU,BEU,2010,3,31
BEU,BEU,2010,4,3
BEU,BEU,2010,4,5
BEU,BEU,2010,4,6
BEU,BEU,2010,4,7
BEU,BEU,2010,4,10
BEU,BEU,2010,4,12
BEU,BEU,2010,4,13
BEU,BEU,2010,4,14
BEU,BEU,2010,4,17
BEU,BEU,2010,4,19
BEU,BEU,2010,4,20
BEU,BEU,2010,4,24
BEU,BEU,2010,4,26
BEU,BEU,2010,4,27
BEU,BEU,2010,5,1
BEU,BEU,2010,10,12
BEU,BEU,2010,10,13
BEU,BEU,2010,10,15
BEU,BEU,2010,10,16
BEU,BEU,2010,10,18
BEU,BEU,2010,10,19
BEU,BEU,2010,10,20
BEU,BEU,2010,10,22
BEU,BEU,2010,10,23
BEU,BEU,2010,10,25
BEU,BEU,2010,10,26
BEU,BEU,2010,10,27
BEU,BEU,2010,10,29
BEU,BEU,2010,10,30
BEU,BEU,2010,11,1
BEU,BEU,2010,11,2
BEU,BEU,2010,11,3
BEU,BEU,2010,11,5
BEU,BEU,2010,11,6
BEU,BEU,2010,11,8
BEU,BEU,2010,11,9
BEU,BEU,2010,11,10
BEU,BEU,2010,11,12
BEU,BEU,2010,11,13
BEU,BEU,2010,11,15
BEU,BEU,2010,11,16
BEU,BEU,2010,11,17
BEU,BEU,2010,11,19
BEU,BEU,2010,11,20
BEU,BEU,2010,11,22
BEU,BEU,2010,11,23
BEU,BEU,2010,11,24
BEU,BEU,2010,11,26
BEU,BEU,2010,11,27
BEU,BEU,2010,11,29
BEU,BEU,2010,11,30
BEU,BEU,2010,12,1
BEU,BEU,2010,12,3
BEU,BEU,2010,12,4
BEU,BEU,2010,12,6
BEU,BEU,2010,12,7
BEU,BEU,2010,12,8
BEU,BEU,2010,12,10
BEU,BEU,2010,12,11
BEU,BEU,2010,12,20
BEU,BEU,2010,12,21
BEU,BEU,2010,12,22
BEU,BEU,2011,1,18
BEU,BEU,2011,1,19
BEU,BEU,2011,1,21
BEU,BEU,2011,1,22
BEU,BEU,2011,1,24
BEU,BEU,2011,1,25
BEU,BEU,2011,1,26
BEU,BEU,2011,1,28
BEU,BEU,2011,1,29
BEU,BEU,2011,1,31
BEU,BEU,2011,2,4
BEU,BEU,2011,2,5
BEU,BEU,2011,2,7
BEU,BEU,2011,2,8
BEU,BEU,2011,2,9
BEU,BEU,2011,2,11
BEU,BEU,2011,2,12
BEU,BEU,2011,2,15
BEU,BEU,2011,2,16
BEU,BEU,2011,2,18
BEU,BEU,2011,2,19
BEU,BEU,2011,2,21
BEU,BEU,2011,2,22
BEU,BEU,2011,2,23
BEU,BEU,2011,2,25
BEU,BEU,2011,2,26
BEU,BEU,2011,2,28
BEU,BEU,2011,3,1
BEU,BEU,2011,3,5
BEU,BEU,2011,3,7
BEU,BEU,2011,3,8
BEU,BEU,2011,3,11
BEU,BEU,2011,3,12
BEU,BEU,2011,3,14
BEU,BEU,2011,3,15
BEU,BEU,2011,3,18
BEU,BEU,2011,3,19
BEU,BEU,2011,3,21
BEU,BEU,2011,3,22
BEU,BEU,2011,3,25
BEU,BEU,2011,3,26
BEU,BEU,2011,3,28
BEU,BEU,2011,3,29
BEU,BEU,2011,4,2
BEU,BEU,2011,4,4
BEU,BEU,2011,4,5
BEU,BEU,2011,4,9
BEU,BEU,2011,4,11
BEU,BEU,2011,4,12
BEU,BEU,2011,4,16
BEU,BEU,2011,4,18
BEU,BEU,2011,4,19
BEU,BEU,2011,4,23
BEU,BEU,2011,4,25
BEU,BEU,2011,4,26
BEU,BEU,2011,4,30
BEU,BEU,2011,5,2
BEU,BEU,2011,5,3
BEU,BEU,2011,5,7
BEU,BEU,2011,10,10
BEU,BEU,2011,10,11
BEU,BEU,2011,10,12
BEU,BEU,2011,10,14
BEU,BEU,2011,10,15
BEU,BEU,2011,10,17
BEU,BEU,2011,10,18
BEU,BEU,2011,10,19
BEU,BEU,2011,10,21
BEU,BEU,2011,10,22
BEU,BEU,2011,10,24
BEU,BEU,2011,10,25
BEU,BEU,2011,10,26
BEU,BEU,2011,10,28
BEU,BEU,2011,10,29
BEU,BEU,2011,10,31
BEU,BEU,2011,11,1
BEU,BEU,2011,11,2
BEU,BEU,2011,11,4
BEU,BEU,2011,11,5
BEU,BEU,2011,11,7
BEU,BEU,2011,11,8
BEU,BEU,2011,11,9
BEU,BEU,2011,11,11
BEU,BEU,2011,11,12
BEU,BEU,2011,11,14
BEU,BEU,2011,11,15
BEU,BEU,2011,11,16
BEU,BEU,2011,11,18
BEU,BEU,2011,11,19
BEU,BEU,2011,11,21
BEU,BEU,2011,11,22
BEU,BEU,2011,11,23
BEU,BEU,2011,11,25
BEU,BEU,2011,11,26
BEU,BEU,2011,11,28
BEU,BEU,2011,11,29
BEU,BEU,2011,11,30
BEU,BEU,2011,12,2
BEU,BEU,2011,12,3
BEU,BEU,2011,12,5
BEU,BEU,2011,12,6
BEU,BEU,2011,12,7
BEU,BEU,2011,12,9
BEU,BEU,2011,12,10
BEU,BEU,2011,12,12
BEU,BEU,2011,12,13
BEU,BEU,2011,12,14
BEU,BEU,2011,12,16
BEU,BEU,2011,12,17
BEU,BEU,2011,12,19
BEU,BEU,2011,12,20
BEU,BEU,2011,12,21
BEU,BEU,2012,1,9
BEU,BEU,2012,1,10
BEU,BEU,2012,1,11
BEU,BEU,2012,1,13
BEU,BEU,2012,1,14
BEU,BEU,2012,1,16
BEU,BEU,2012,1,17
BEU,BEU,2012,1,18
BEU,BEU,2012,1,20
BEU,BEU,2012,1,21
BEU,BEU,2012,1,23
BEU,BEU,2012,1,24
BEU,BEU,2012,1,25
BEU,BEU,2012,1,27
BEU,BEU,2012,1,28
BEU,BEU,2012,1,30
BEU,BEU,2012,1,31
BEU,BEU,2012,2,1
BEU,BEU,2012,2,3
BEU,BEU,2012,2,4
BEU,BEU,2012,2,6
BEU,BEU,2012,2,7
BEU,BEU,2012,2,8
BEU,BEU,2012,2,10
BEU,BEU,2012,2,11
BEU,BEU,2012,2,13
BEU,BEU,2012,2,14
BEU,BEU,2012,2,15
BEU,BEU,2012,2,17
BEU,BEU,2012,2,18
BEU,BEU,2012,2,20
BEU,BEU,2012,2,21
BEU,BEU,2012,2,22
BEU,BEU,2012,2,24
BEU,BEU,2012,2,25
BEU,BEU,2012,2,27
BEU,BEU,2012,2,28
BEU,BEU,2012,2,29
BEU,BEU,2012,3,3
BEU,BEU,2012,3,5
BEU,BEU,2012,3,6
BEU,BEU,2012,3,7
BEU,BEU,2012,3,10
BEU,BEU,2012,3,12
BEU,BEU,2012,3,13
BEU,BEU,2012,3,14
BEU,BEU,2012,3,17
BEU,BEU,2012,3,19
BEU,BEU,2012,3,20
BEU,BEU,2012,3,21
BEU,BEU,2012,3,24
BEU,BEU,2012,3,26
BEU,BEU,2012,3,27
BEU,BEU,2012,3,28
BEU,BEU,2012,3,31
BEU,BEU,2012,4,2
BEU,BEU,2012,4,3
BEU,BEU,2012,4,7
BEU,BEU,2012,4,9
BEU,BEU,2012,4,10
BEU,BEU,2012,4,14
BEU,BEU,2012,4,16
BEU,BEU,2012,4,17
BEU,BEU,2012,4,21
BEU,BEU,2012,4,23
BEU,BEU,2012,4,24
BEU,BEU,2012,4,28
BEU,BEU,2012,4,30
BEU,BEU,2012,5,1
BEU,BEU,2012,5,5
BEU,BEU,2012,10,8
BEU,BEU,2012,10,9
BEU,BEU,2012,10,10
BEU,BEU,2012,10,13
BEU,BEU,2012,10,15
BEU,BEU,2012,10,16
BEU,BEU,2012,10,17
BEU,BEU,2012,10,20
BEU,BEU,2012,10,22
BEU,BEU,2012,10,23
BEU,BEU,2012,10,24
BEU,BEU,2012,10,27
BEU,BEU,2012,10,29
BEU,BEU,2012,10,30
BEU,BEU,2012,10,31
BEU,BEU,2012,11,3
BEU,BEU,2012,11,5
BEU,BEU,2012,11,6
BEU,BEU,2012,11,7
BEU,BEU,2012,11,10
BEU,BEU,2012,11,12
BEU,BEU,2012,11,13
BEU,BEU,2012,11,14
BEU,BEU,2012,11,17
BEU,BEU,2012,11,19
BEU,BEU,2012,11,20
BEU,BEU,2012,11,21
BEU,BEU,2012,11,24
BEU,BEU,2012,11,26
BEU,BEU,2012,11,27
BEU,BEU,2012,11,28
BEU,BEU,2012,12,1
BEU,BEU,2012,12,3
BEU,BEU,2012,12,4
BEU,BEU,2012,12,5
BEU,BEU,2012,12,8
BEU,BEU,2012,12,10
BEU,BEU,2012,12,11
BEU,BEU,2012,12,12
BEU,BEU,2012,12,15
BEU,BEU,2012,12,17
BEU,BEU,2012,12,18
BEU,BEU,2012,12,19
BEU,BEU,2012,12,22
BEU,BEU,2013,1,7
BEU,BEU,2013,1,8
BEU,BEU,2013,1,9
BEU,BEU,2013,1,12
BEU,BEU,2013,1,14
BEU,BEU,2013,1,15
BEU,BEU,2013,1,16
BEU,BEU,2013,1,19
BEU,BEU,2013,1,21
BEU,BEU,2013,1,22
BEU,BEU,2013,1,23
BEU,BEU,2013,1,26
BEU,BEU,2013,1,28
BEU,BEU,2013,1,29
BEU,BEU,2013,1,30
BEU,BEU,2013,2,2
BEU,BEU,2013,2,4
BEU,BEU,2013,2,5
BEU,BEU,2013,2,6
BEU,BEU,2013,2,9
BEU,BEU,2013,2,11
BEU,BEU,2013,2,12
BEU,BEU,2013,2,13
BEU,BEU,2013,2,16
BEU,BEU,2013,2,18
BEU,BEU,2013,2,19
BEU,BEU,2013,2,20
BEU,BEU,2013,2,23
BEU,BEU,2013,2,25
BEU,BEU,2013,2,26
BEU,BEU,2013,2,27
BEU,BEU,2013,3,2
BEU,BEU,2013,3,4
BEU,BEU,2013,3,5
BEU,BEU,2013,3,6
BEU,BEU,2013,3,9
BEU,BEU,2013,3,11
BEU,BEU,2013,3,12
BEU,BEU,2013,3,13
BEU,BEU,2013,3,16
BEU,BEU,2013,3,18
BEU,BEU,2013,3,19
BEU,BEU,2013,3,20
BEU,BEU,2013,3,23
BEU,BEU,2013,3,25
BEU,BEU,2013,3,26
BEU,BEU,2013,3,27
BEU,BEU,2013,3,30
BEU,BEU,2013,4,1
BEU,BEU,2013,4,2
BEU,BEU,2013,4,3
BEU,BEU,2013,4,6
BEU,BEU,2013,4,8
BEU,BEU,2013,4,9
BEU,BEU,2013,4,10
BEU,BEU,2013,4,13
BEU,BEU,2013,4,15
BEU,BEU,2013,4,16
BEU,BEU,2013,4,17
BEU,BEU,2013,4,20
BEU,BEU,2013,4,22
BEU,BEU,2013,4,23
BEU,BEU,2013,4,24
BEU,BEU,2013,4,27
BEU,BEU,2013,4,29
BEU,BEU,2013,4,30
BEU,BEU,2013,5,1
BEU,BEU,2013,5,4
BEU,BEU,2013,11,2
BEU,BEU,2013,11,4
BEU,BEU,2013,11,9
BEU,BEU,2013,11,11
BEU,BEU,2013,11,12
BEU,BEU,2013,11,16
BEU,BEU,2013,11,18
BEU,BEU,2013,11,19
BEU,BEU,2013,11,23
BEU,BEU,2013,11,25
BEU,BEU,2013,11,26
BEU,BEU,2013,11,30
BEU,BEU,2013,12,2
BEU,BEU,2013,12,3
BEU,BEU,2013,12,7
BEU,BEU,2013,12,9
BEU,BEU,2013,12,10
BEU,BEU,2013,12,16
BEU,BEU,2013,12,17
BEU,BEU,2014,1,8
BEU,BEU,2014,1,11
BEU,BEU,2014,1,13
BEU,BEU,2014,1,14
BEU,BEU,2014,1,15
BEU,BEU,2014,1,18
BEU,BEU,2014,1,20
BEU,BEU,2014,1,21
BEU,BEU,2014,1,22
BEU,BEU,2014,1,25
BEU,BEU,2014,1,27
BEU,BEU,2014,1,29
BEU,BEU,2014,2,1
BEU,BEU,2014,2,3
BEU,BEU,2014,2,4
BEU,BEU,2014,2,8
BEU,BEU,2014,2,10
BEU,BEU,2014,2,11
BEU,BEU,2014,2,12
BEU,BEU,2014,2,15
BEU,BEU,2014,2,17
BEU,BEU,2014,2,22
BEU,BEU,2014,2,24
BEU,BEU,2014,2,25
BEU,BEU,2014,2,26
BEU,BEU,2014,3,1
BEU,BEU,2014,3,3
BEU,BEU,2014,3,4
BEU,BEU,2014,3,8
BEU,BEU,2014,3,10
BEU,BEU,2014,3,11
BEU,BEU,2014,3,15
BEU,BEU,2014,3,17
BEU,BEU,2014,3,18
BEU,BEU,2014,3,22
BEU,BEU,2014,3,24
BEU,BEU,2014,3,25
BEU,BEU,2014,3,29
BEU,BEU,2014,3,31
BEU,BEU,2014,4,1
BEU,BEU,2014,4,5
BEU,BEU,2014,4,7
BEU,BEU,2014,4,8
BEU,BEU,2014,4,12
BEU,BEU,2014,4,14
BEU,BEU,2014,4,15
BEU,BEU,2014,4,19
BEU,BEU,2014,4,21
BEU,BEU,2014,4,22
BEU,BEU,2014,4,26
BEU,BEU,2014,4,28
BEU,BEU,2014,4,29
BEU,BEU,2014,5,3
CAL,CAL,1998,8,14
CAL,CAL,1998,8,15
CAL,CAL,1998,8,17
CAL,CAL,1998,8,21
CAL,CAL,1998,8,22
CAL,CAL,1998,8,23
CAL,CAL,1998,8,24
CAL,CAL,1998,8,27
CAL,CAL,1998,8,28
CAL,CAL,1998,8,29
CAL,CAL,1998,8,30
CAL,CAL,1998,8,31
CAL,CAL,1998,9,3
CAL,CAL,1998,9,4
CAL,CAL,1998,9,5
CAL,CAL,1998,9,6
CAL,CAL,1998,9,7
CAL,CAL,1998,9,9
CAL,CAL,1998,9,10
CAL,CAL,1998,9,11
CAL,CAL,1998,9,12
CAL,CAL,1998,9,13
CAL,CAL,1998,9,14
CAL,CAL,1998,9,17
CAL,CAL,1998,9,18
CAL,CAL,1998,9,19
CAL,CAL,1998,9,20
CAL,CAL,1998,9,21
CAL,CAL,1998,9,24
CAL,CAL,1998,9,26
CAL,CAL,1998,9,27
CAL,CAL,1998,9,28
CAL,CAL,1998,10,1
CAL,CAL,1998,10,2
CAL,CAL,1998,10,3
CAL,CAL,1998,10,4
CAL,CAL,1998,10,5
CAL,CAL,1998,10,6
CAL,CAL,1998,10,8
CAL,CAL,1998,10,9
CAL,CAL,1998,10,10
CAL,CAL,1998,10,11
CAL,CAL,1998,10,12
CAL,CAL,1998,10,15
CAL,CAL,1998,10,16
CAL,CAL,1998,10,17
CAL,CAL,1998,10,18
CAL,CAL,1998,10,19
CAL,CAL,1998,10,20
CAL,CAL,1998,10,22
CAL,CAL,1998,10,23
CAL,CAL,1998,10,24
CAL,CAL,1998,10,25
CAL,CAL,1998,10,26
CAL,CAL,1998,10,27
CAL,CAL,1998,10,29
CAL,CAL,1998,10,30
CAL,CAL,1998,10,31
CAL,CAL,1998,11,1
CAL,CAL,1998,11,2
CAL,CAL,1998,11,3
CAL,CAL,1998,11,5
CAL,CAL,1998,11,6
CAL,CAL,1998,11,7
CAL,CAL,1998,11,8
CAL,CAL,1998,11,9
CAL,CAL,1998,11,11
CAL,CAL,1998,11,12
CAL,CAL,1998,11,13
CAL,CAL,1998,11,14
CAL,CAL,1998,11,15
CAL,CAL,1998,11,16
CAL,CAL,1998,11,17
CAL,CAL,1998,11,19
CAL,CAL,1998,11,20
CAL,CAL,1998,11,21
CAL,CAL,1998,11,22
CAL,CAL,1998,11,23
CAL,CAL,1998,11,24
CAL,CAL,1998,11,26
CAL,CAL,1998,11,27
CAL,CAL,1998,11,28
CAL,CAL,1998,11,29
CAL,CAL,1998,11,30
CAL,CAL,1998,12,1
CAL,CAL,1998,12,3
CAL,CAL,1998,12,4
CAL,CAL,1998,12,5
CAL,CAL,1998,12,6
CAL,CAL,1998,12,7
CAL,CAL,1998,12,8
CAL,CAL,1998,12,10
CAL,CAL,1998,12,11
CAL,CAL,1998,12,12
CAL,CAL,1998,12,13
CAL,CAL,1998,12,14
CAL,CAL,1998,12,15
CAL,CAL,1998,12,17
CAL,CAL,1998,12,18
CAL,CAL,1998,12,19
CAL,CAL,1998,12,20
CAL,CAL,1998,12,21
CAL,CAL,1998,12,23
CAL,CAL,1998,12,24
CAL,CAL,1998,12,26
CAL,CAL,1998,12,27
CAL,CAL,1998,12,28
CAL,CAL,1998,12,29
CAL,CAL,1998,12,30
CAL,CAL,1999,5,23
CAL,CAL,1999,5,24
CAL,CAL,1999,5,27
CAL,CAL,1999,5,28
CAL,CAL,1999,5,29
CAL,CAL,1999,5,30
CAL,CAL,1999,5,31
CAL,CAL,1999,6,3
CAL,CAL,1999,6,4
CAL,CAL,1999,6,5
CAL,CAL,1999,6,6
CAL,CAL,1999,6,7
CAL,CAL,1999,6,10
CAL,CAL,1999,6,11
CAL,CAL,1999,6,12
CAL,CAL,1999,6,13
CAL,CAL,1999,6,14
CAL,CAL,1999,6,17
CAL,CAL,1999,6,18
CAL,CAL,1999,6,19
CAL,CAL,1999,6,24
CAL,CAL,1999,6,25
CAL,CAL,1999,6,26
CAL,CAL,1999,6,28
CAL,CAL,1999,7,1
CAL,CAL,1999,7,2
CAL,CAL,1999,7,3
CAL,CAL,1999,7,4
CAL,CAL,1999,7,5
CAL,CAL,1999,7,8
CAL,CAL,1999,7,9
CAL,CAL,1999,7,10
CAL,CAL,1999,7,11
CAL,CAL,1999,7,16
CAL,CAL,1999,7,18
CAL,CAL,1999,7,22
CAL,CAL,1999,7,23
CAL,CAL,1999,7,24
CAL,CAL,1999,7,25
CAL,CAL,1999,7,26
CAL,CAL,1999,7,29
CAL,CAL,1999,7,30
CAL,CAL,1999,7,31
CAL,CAL,1999,8,1
CAL,CAL,1999,8,2
CAL,CAL,1999,8,5
CAL,CAL,1999,8,9
CAL,CAL,1999,8,15
CAL,CAL,1999,8,16
CAL,CAL,1999,8,19
CAL,CAL,1999,8,20
CAL,CAL,1999,8,21
CAL,CAL,1999,8,22
CAL,CAL,1999,8,23
CAL,CAL,1999,8,26
CAL,CAL,1999,8,30
CAL,CAL,1999,9,2
CAL,CAL,1999,9,3
CAL,CAL,1999,9,4
CAL,CAL,1999,9,5
CAL,CAL,1999,9,6
CAL,CAL,1999,9,8
CAL,CAL,1999,9,9
CAL,CAL,1999,9,10
CAL,CAL,1999,9,11
CAL,CAL,1999,9,12
CAL,CAL,1999,9,13
CAL,CAL,1999,9,16
CAL,CAL,1999,9,17
CAL,CAL,1999,9,18
CAL,CAL,1999,9,19
CAL,CAL,1999,9,20
CAL,CAL,1999,9,23
CAL,CAL,1999,9,24
CAL,CAL,1999,9,25
CAL,CAL,1999,9,26
CAL,CAL,1999,9,27
CAL,CAL,1999,9,30
CAL,CAL,1999,10,1
CAL,CAL,1999,10,2
CAL,CAL,1999,10,3
CAL,CAL,1999,10,4
CAL,CAL,1999,10,7
CAL,CAL,1999,10,8
CAL,CAL,1999,10,9
CAL,CAL,1999,10,10
CAL,CAL,1999,10,11
CAL,CAL,1999,10,13
CAL,CAL,1999,10,14
CAL,CAL,1999,10,17
CAL,CAL,1999,10,18
CAL,CAL,1999,10,20
CAL,CAL,1999,10,21
CAL,CAL,1999,10,22
CAL,CAL,1999,10,23
CAL,CAL,1999,10,24
CAL,CAL,1999,10,25
CAL,CAL,1999,10,27
CAL,CAL,1999,10,28
CAL,CAL,1999,10,29
CAL,CAL,1999,10,30
CAL,CAL,1999,10,31
CAL,CAL,1999,11,1
CAL,CAL,1999,11,2
CAL,CAL,1999,11,3
CAL,CAL,1999,11,8
CAL,CAL,1999,11,10
CAL,CAL,1999,11,11
CAL,CAL,1999,11,12
CAL,CAL,1999,11,13
CAL,CAL,1999,11,14
CAL,CAL,1999,11,15
CAL,CAL,1999,11,18
CAL,CAL,1999,11,19
CAL,CAL,1999,11,24
CAL,CAL,1999,11,25
CAL,CAL,1999,11,26
CAL,CAL,1999,11,27
CAL,CAL,1999,11,28
CAL,CAL,1999,11,29
CAL,CAL,1999,11,30
CAL,CAL,1999,12,3
CAL,CAL,1999,12,4
CAL,CAL,1999,12,5
CAL,CAL,1999,12,7
CAL,CAL,1999,12,9
CAL,CAL,1999,12,10
CAL,CAL,1999,12,12
CAL,CAL,1999,12,13
CAL,CAL,1999,12,14
CAL,CAL,1999,12,16
CAL,CAL,1999,12,19
CAL,CAL,1999,12,20
CAL,CAL,1999,12,21
CAL,CAL,1999,12,23
CAL,CAL,1999,12,24
CAL,CAL,1999,12,26
CAL,CAL,1999,12,27
CAL,CAL,1999,12,28
CAL,CAL,1999,12,30
CAL,CAL,2000,5,23
CAL,CAL,2000,5,26
CAL,CAL,2000,5,27
CAL,CAL,2000,5,28
CAL,CAL,2000,5,29
CAL,CAL,2000,5,30
CAL,CAL,2000,6,2
CAL,CAL,2000,6,3
CAL,CAL,2000,6,4
CAL,CAL,2000,6,5
CAL,CAL,2000,6,6
CAL,CAL,2000,6,9
CAL,CAL,2000,6,10
CAL,CAL,2000,6,11
CAL,CAL,2000,6,12
CAL,CAL,2000,6,13
CAL,CAL,2000,6,26
CAL,CAL,2000,6,27
CAL,CAL,2000,6,30
CAL,CAL,2000,7,1
CAL,CAL,2000,7,7
CAL,CAL,2000,7,8
CAL,CAL,2000,7,10
CAL,CAL,2000,7,11
CAL,CAL,2000,7,14
CAL,CAL,2000,7,15
CAL,CAL,2000,7,16
CAL,CAL,2000,7,17
CAL,CAL,2000,7,18
CAL,CAL,2000,7,21
CAL,CAL,2000,7,22
CAL,CAL,2000,7,23
CAL,CAL,2000,7,25
CAL,CAL,2000,7,28
CAL,CAL,2000,7,29
CAL,CAL,2000,7,30
CAL,CAL,2000,7,31
CAL,CAL,2000,8,1
CAL,CAL,2000,8,4
CAL,CAL,2000,8,5
CAL,CAL,2000,8,6
CAL,CAL,2000,8,7
CAL,CAL,2000,8,8
CAL,CAL,2000,8,11
CAL,CAL,2000,8,12
CAL,CAL,2000,8,13
CAL,CAL,2000,8,14
CAL,CAL,2000,8,15
CAL,CAL,2000,8,18
CAL,CAL,2000,8,21
CAL,CAL,2000,8,22
CAL,CAL,2000,8,25
CAL,CAL,2000,8,26
CAL,CAL,2000,8,28
CAL,CAL,2000,8,29
CAL,CAL,2000,9,1
CAL,CAL,2000,9,2
CAL,CAL,2000,9,3
CAL,CAL,2000,9,4
CAL,CAL,2000,9,6
CAL,CAL,2000,9,9
CAL,CAL,2000,9,10
CAL,CAL,2000,9,12
CAL,CAL,2000,9,15
CAL,CAL,2000,9,16
CAL,CAL,2000,9,19
CAL,CAL,2000,9,22
CAL,CAL,2000,9,23
CAL,CAL,2000,9,24
CAL,CAL,2000,9,25
CAL,CAL,2000,9,26
CAL,CAL,2000,9,29
CAL,CAL,2000,9,30
CAL,CAL,2000,10,1
CAL,CAL,2000,10,2
CAL,CAL,2000,10,3
CAL,CAL,2000,10,7
CAL,CAL,2000,10,8
CAL,CAL,2000,10,9
CAL,CAL,2000,10,10
CAL,CAL,2000,10,11
CAL,CAL,2000,10,13
CAL,CAL,2000,10,14
CAL,CAL,2000,10,15
CAL,CAL,2000,10,16
CAL,CAL,2000,10,17
CAL,CAL,2000,10,18
CAL,CAL,2000,10,20
CAL,CAL,2000,10,21
CAL,CAL,2000,10,22
CAL,CAL,2000,10,23
CAL,CAL,2000,10,24
CAL,CAL,2000,10,25
CAL,CAL,2000,10,27
CAL,CAL,2000,10,28
CAL,CAL,2000,10,29
CAL,CAL,2000,10,30
CAL,CAL,2000,11,1
CAL,CAL,2000,11,2
CAL,CAL,2000,11,3
CAL,CAL,2000,11,4
CAL,CAL,2000,11,5
CAL,CAL,2000,11,6
CAL,CAL,2000,11,8
CAL,CAL,2000,11,10
CAL,CAL,2000,11,11
CAL,CAL,2000,11,12
CAL,CAL,2000,11,13
CAL,CAL,2000,11,15
CAL,CAL,2000,11,16
CAL,CAL,2000,11,17
CAL,CAL,2000,11,18
CAL,CAL,2000,11,19
CAL,CAL,2000,11,20
CAL,CAL,2000,11,22
CAL,CAL,2000,11,23
CAL,CAL,2000,11,24
CAL,CAL,2000,11,25
CAL,CAL,2000,11,26
CAL,CAL,2000,11,29
CAL,CAL,2000,11,30
CAL,CAL,2000,12,1
CAL,CAL,2000,12,2
CAL,CAL,2000,12,3
CAL,CAL,2000,12,4
CAL,CAL,2000,12,6
CAL,CAL,2000,12,7
CAL,CAL,2000,12,8
CAL,CAL,2000,12,9
CAL,CAL,2000,12,10
CAL,CAL,2000,12,11
CAL,CAL,2000,12,13
CAL,CAL,2000,12,14
CAL,CAL,2000,12,15
CAL,CAL,2000,12,16
CAL,CAL,2000,12,21
CAL,CAL,2000,12,22
CAL,CAL,2000,12,23
CAL,CAL,2000,12,24
CAL,CAL,2000,12,26
CAL,CAL,2000,12,27
CAL,CAL,2000,12,28
CAL,CAL,2000,12,29
CAL,CAL,2000,12,30
CAL,CAL,2000,12,31
CAL,CAL,2001,1,1
CAL,CAL,2001,1,2
CAL,CAL,2001,5,24
CAL,CAL,2001,5,25
CAL,CAL,2001,5,26
CAL,CAL,2001,5,27
CAL,CAL,2001,5,28
CAL,CAL,2001,5,29
CAL,CAL,2001,6,1
CAL,CAL,2001,6,2
CAL,CAL,2001,6,3
CAL,CAL,2001,6,4
CAL,CAL,2001,6,5
CAL,CAL,2001,6,8
CAL,CAL,2001,6,12
CAL,CAL,2001,6,15
CAL,CAL,2001,6,16
CAL,CAL,2001,6,17
CAL,CAL,2001,6,18
CAL,CAL,2001,6,19
CAL,CAL,2001,6,22
CAL,CAL,2001,6,23
CAL,CAL,2001,6,24
CAL,CAL,2001,6,25
CAL,CAL,2001,6,26
CAL,CAL,2001,6,30
CAL,CAL,2001,7,1
CAL,CAL,2001,7,2
CAL,CAL,2001,7,3
CAL,CAL,2001,7,6
CAL,CAL,2001,7,7
CAL,CAL,2001,7,8
CAL,CAL,2001,7,10
CAL,CAL,2001,7,13
CAL,CAL,2001,7,14
CAL,CAL,2001,7,15
CAL,CAL,2001,7,16
CAL,CAL,2001,7,17
CAL,CAL,2001,7,20
CAL,CAL,2001,7,21
CAL,CAL,2001,7,24
CAL,CAL,2001,7,28
CAL,CAL,2001,8,7
CAL,CAL,2001,8,10
CAL,CAL,2001,8,11
CAL,CAL,2001,8,12
CAL,CAL,2001,8,17
CAL,CAL,2001,8,18
CAL,CAL,2001,8,19
CAL,CAL,2001,8,20
CAL,CAL,2001,8,21
CAL,CAL,2001,8,24
CAL,CAL,2001,8,25
CAL,CAL,2001,8,26
CAL,CAL,2001,8,27
CAL,CAL,2001,8,28
CAL,CAL,2001,8,31
CAL,CAL,2001,9,1
CAL,CAL,2001,9,2
CAL,CAL,2001,9,3
CAL,CAL,2001,9,6
CAL,CAL,2001,9,7
CAL,CAL,2001,9,8
CAL,CAL,2001,9,9
CAL,CAL,2001,9,10
CAL,CAL,2001,9,13
CAL,CAL,2001,9,14
CAL,CAL,2001,9,15
CAL,CAL,2001,9,16
CAL,CAL,2001,9,17
CAL,CAL,2001,9,20
CAL,CAL,2001,9,21
CAL,CAL,2001,9,22
CAL,CAL,2001,9,24
CAL,CAL,2001,9,27
CAL,CAL,2001,9,28
CAL,CAL,2001,9,29
CAL,CAL,2001,9,30
CAL,CAL,2001,10,1
CAL,CAL,2001,10,4
CAL,CAL,2001,10,5
CAL,CAL,2001,10,6
CAL,CAL,2001,10,7
CAL,CAL,2001,10,8
CAL,CAL,2001,10,11
CAL,CAL,2001,10,13
CAL,CAL,2001,10,14
CAL,CAL,2001,10,15
CAL,CAL,2001,10,18
CAL,CAL,2001,10,19
CAL,CAL,2001,10,20
CAL,CAL,2001,10,21
CAL,CAL,2001,10,22
CAL,CAL,2001,10,26
CAL,CAL,2001,10,27
CAL,CAL,2001,10,29
CAL,CAL,2001,11,1
CAL,CAL,2001,11,3
CAL,CAL,2001,11,4
CAL,CAL,2001,11,5
CAL,CAL,2001,11,8
CAL,CAL,2001,11,9
CAL,CAL,2001,11,10
CAL,CAL,2001,11,11
CAL,CAL,2001,11,12
CAL,CAL,2001,11,16
CAL,CAL,2001,11,18
CAL,CAL,2001,11,19
CAL,CAL,2001,11,21
CAL,CAL,2001,11,22
CAL,CAL,2001,11,24
CAL,CAL,2001,11,25
CAL,CAL,2001,11,26
CAL,CAL,2001,11,28
CAL,CAL,2001,11,29
CAL,CAL,2001,11,30
CAL,CAL,2001,12,1
CAL,CAL,2001,12,2
CAL,CAL,2001,12,3
CAL,CAL,2001,12,5
CAL,CAL,2001,12,6
CAL,CAL,2001,12,7
CAL,CAL,2001,12,9
CAL,CAL,2001,12,10
CAL,CAL,2001,12,12
CAL,CAL,2001,12,14
CAL,CAL,2001,12,15
CAL,CAL,2001,12,16
CAL,CAL,2001,12,17
CAL,CAL,2001,12,19
CAL,CAL,2001,12,20
CAL,CAL,2001,12,21
CAL,CAL,2001,12,23
CAL,CAL,2001,12,24
CAL,CAL,2001,12,26
CAL,CAL,2001,12,27
CAL,CAL,2001,12,29
CAL,CAL,2001,12,30
CAL,CAL,2001,12,31
CAL,CAL,2002,1,1
CAL,CAL,2002,1,2
CAL,CAL,2002,4,26
CAL,CAL,2002,4,28
CAL,CAL,2002,4,30
CAL,CAL,2002,5,6
CAL,CAL,2002,5,10
CAL,CAL,2002,5,13
CAL,CAL,2002,5,14
CAL,CAL,2002,5,17
CAL,CAL,2002,5,18
CAL,CAL,2002,5,19
CAL,CAL,2002,5,20
CAL,CAL,2002,5,21
CAL,CAL,2002,5,25
CAL,CAL,2002,5,26
CAL,CAL,2002,5,27
CAL,CAL,2002,5,28
CAL,CAL,2002,5,31
CAL,CAL,2002,6,1
CAL,CAL,2002,6,2
CAL,CAL,2002,6,3
CAL,CAL,2002,6,4
CAL,CAL,2002,6,7
CAL,CAL,2002,6,8
CAL,CAL,2002,6,9
CAL,CAL,2002,6,10
CAL,CAL,2002,6,11
CAL,CAL,2002,6,14
CAL,CAL,2002,6,15
CAL,CAL,2002,6,16
CAL,CAL,2002,6,17
CAL,CAL,2002,6,18
CAL,CAL,2002,6,21
CAL,CAL,2002,6,22
CAL,CAL,2002,6,23
CAL,CAL,2002,6,24
CAL,CAL,2002,6,25
CAL,CAL,2002,6,28
CAL,CAL,2002,6,29
CAL,CAL,2002,6,30
CAL,CAL,2002,7,1
CAL,CAL,2002,7,4
CAL,CAL,2002,7,5
CAL,CAL,2002,7,6
CAL,CAL,2002,7,7
CAL,CAL,2002,7,8
CAL,CAL,2002,7,9
CAL,CAL,2002,7,12
CAL,CAL,2002,7,13
CAL,CAL,2002,7,14
CAL,CAL,2002,7,15
CAL,CAL,2002,7,16
CAL,CAL,2002,7,19
CAL,CAL,2002,7,20
CAL,CAL,2002,7,21
CAL,CAL,2002,7,22
CAL,CAL,2002,7,23
CAL,CAL,2002,7,26
CAL,CAL,2002,7,27
CAL,CAL,2002,7,28
CAL,CAL,2002,8,3
CAL,CAL,2002,8,4
CAL,CAL,2002,8,5
CAL,CAL,2002,8,6
CAL,CAL,2002,8,9
CAL,CAL,2002,8,10
CAL,CAL,2002,8,11
CAL,CAL,2002,8,12
CAL,CAL,2002,8,13
CAL,CAL,2002,8,16
CAL,CAL,2002,8,17
CAL,CAL,2002,8,18
CAL,CAL,2002,8,19
CAL,CAL,2002,8,20
CAL,CAL,2002,8,23
CAL,CAL,2002,8,24
CAL,CAL,2002,8,25
CAL,CAL,2002,8,26
CAL,CAL,2002,8,30
CAL,CAL,2002,8,31
CAL,CAL,2002,9,1
CAL,CAL,2002,9,2
CAL,CAL,2002,9,5
CAL,CAL,2002,9,6
CAL,CAL,2002,9,7
CAL,CAL,2002,9,8
CAL,CAL,2002,9,9
CAL,CAL,2002,9,12
CAL,CAL,2002,9,13
CAL,CAL,2002,9,14
CAL,CAL,2002,9,15
CAL,CAL,2002,9,16
CAL,CAL,2002,9,19
CAL,CAL,2002,9,20
CAL,CAL,2002,9,21
CAL,CAL,2002,9,22
CAL,CAL,2002,9,23
CAL,CAL,2002,9,26
CAL,CAL,2002,9,27
CAL,CAL,2002,9,28
CAL,CAL,2002,9,29
CAL,CAL,2002,9,30
CAL,CAL,2002,10,3
CAL,CAL,2002,10,4
CAL,CAL,2002,10,5
CAL,CAL,2002,10,6
CAL,CAL,2002,10,7
CAL,CAL,2002,10,10
CAL,CAL,2002,10,11
CAL,CAL,2002,10,12
CAL,CAL,2002,10,13
CAL,CAL,2002,10,14
CAL,CAL,2002,10,17
CAL,CAL,2002,10,18
CAL,CAL,2002,10,19
CAL,CAL,2002,10,20
CAL,CAL,2002,10,21
CAL,CAL,2002,10,24
CAL,CAL,2002,10,25
CAL,CAL,2002,10,26
CAL,CAL,2002,10,27
CAL,CAL,2002,10,28
CAL,CAL,2002,10,31
CAL,CAL,2002,11,1
CAL,CAL,2002,11,2
CAL,CAL,2002,11,3
CAL,CAL,2002,11,4
CAL,CAL,2002,11,7
CAL,CAL,2002,11,8
CAL,CAL,2002,11,9
CAL,CAL,2002,11,10
CAL,CAL,2002,11,11
CAL,CAL,2002,11,14
CAL,CAL,2002,11,15
CAL,CAL,2002,11,16
CAL,CAL,2002,11,17
CAL,CAL,2002,11,18
CAL,CAL,2002,11,21
CAL,CAL,2002,11,22
CAL,CAL,2002,11,23
CAL,CAL,2002,11,24
CAL,CAL,2002,11,25
CAL,CAL,2002,11,28
CAL,CAL,2002,11,29
CAL,CAL,2002,11,30
CAL,CAL,2002,12,1
CAL,CAL,2002,12,2
CAL,CAL,2002,12,5
CAL,CAL,2002,12,6
CAL,CAL,2002,12,7
CAL,CAL,2002,12,8
CAL,CAL,2002,12,9
CAL,CAL,2002,12,11
CAL,CAL,2002,12,12
CAL,CAL,2002,12,13
CAL,CAL,2002,12,14
CAL,CAL,2002,12,15
CAL,CAL,2002,12,16
CAL,CAL,2002,12,18
CAL,CAL,2002,12,19
CAL,CAL,2002,12,20
CAL,CAL,2002,12,21
CAL,CAL,2002,12,22
CAL,CAL,2002,12,23
CAL,CAL,2002,12,26
CAL,CAL,2002,12,27
CAL,CAL,2002,12,28
CAL,CAL,2002,12,29
CAL,CAL,2002,12,30
CAL,CAL,2002,12,31
CAL,CAL,2003,1,1
CAL,CAL,2003,1,2
CAL,CAL,2003,4,25
CAL,CAL,2003,4,26
CAL,CAL,2003,4,27
CAL,CAL,2003,4,28
CAL,CAL,2003,4,29
CAL,CAL,2003,5,2
CAL,CAL,2003,5,3
CAL,CAL,2003,5,4
CAL,CAL,2003,5,5
CAL,CAL,2003,5,6
CAL,CAL,2003,5,9
CAL,CAL,2003,5,10
CAL,CAL,2003,5,11
CAL,CAL,2003,5,12
CAL,CAL,2003,5,13
CAL,CAL,2003,5,16
CAL,CAL,2003,5,17
CAL,CAL,2003,5,18
CAL,CAL,2003,5,19
CAL,CAL,2003,5,20
CAL,CAL,2003,5,23
CAL,CAL,2003,5,24
CAL,CAL,2003,5,25
CAL,CAL,2003,5,26
CAL,CAL,2003,5,27
CAL,CAL,2003,5,30
CAL,CAL,2003,5,31
CAL,CAL,2003,6,1
CAL,CAL,2003,6,2
CAL,CAL,2003,6,3
CAL,CAL,2003,6,6
CAL,CAL,2003,6,7
CAL,CAL,2003,6,8
CAL,CAL,2003,6,9
CAL,CAL,2003,6,10
CAL,CAL,2003,6,13
CAL,CAL,2003,6,14
CAL,CAL,2003,6,15
CAL,CAL,2003,6,16
CAL,CAL,2003,6,17
CAL,CAL,2003,6,20
CAL,CAL,2003,6,21
CAL,CAL,2003,6,22
CAL,CAL,2003,6,23
CAL,CAL,2003,6,24
CAL,CAL,2003,6,27
CAL,CAL,2003,6,28
CAL,CAL,2003,6,29
CAL,CAL,2003,6,30
CAL,CAL,2003,7,1
CAL,CAL,2003,7,4
CAL,CAL,2003,7,5
CAL,CAL,2003,7,6
CAL,CAL,2003,7,7
CAL,CAL,2003,7,8
CAL,CAL,2003,7,11
CAL,CAL,2003,7,12
CAL,CAL,2003,7,13
CAL,CAL,2003,7,14
CAL,CAL,2003,7,15
CAL,CAL,2003,7,18
CAL,CAL,2003,7,19
CAL,CAL,2003,7,20
CAL,CAL,2003,7,21
CAL,CAL,2003,7,22
CAL,CAL,2003,7,25
CAL,CAL,2003,7,26
CAL,CAL,2003,7,27
CAL,CAL,2003,8,2
CAL,CAL,2003,8,3
CAL,CAL,2003,8,4
CAL,CAL,2003,8,5
CAL,CAL,2003,8,8
CAL,CAL,2003,8,9
CAL,CAL,2003,8,10
CAL,CAL,2003,8,11
CAL,CAL,2003,8,12
CAL,CAL,2003,8,15
CAL,CAL,2003,8,16
CAL,CAL,2003,8,17
CAL,CAL,2003,8,18
CAL,CAL,2003,8,19
CAL,CAL,2003,8,22
CAL,CAL,2003,8,23
CAL,CAL,2003,8,24
CAL,CAL,2003,8,25
CAL,CAL,2003,8,26
CAL,CAL,2003,8,29
CAL,CAL,2003,8,30
CAL,CAL,2003,8,31
CAL,CAL,2003,9,1
CAL,CAL,2003,9,4
CAL,CAL,2003,9,5
CAL,CAL,2003,9,6
CAL,CAL,2003,9,7
CAL,CAL,2003,9,8
CAL,CAL,2003,9,11
CAL,CAL,2003,9,12
CAL,CAL,2003,9,13
CAL,CAL,2003,9,14
CAL,CAL,2003,9,15
CAL,CAL,2003,9,18
CAL,CAL,2003,9,19
CAL,CAL,2003,9,20
CAL,CAL,2003,9,21
CAL,CAL,2003,9,22
CAL,CAL,2003,9,25
CAL,CAL,2003,9,26
CAL,CAL,2003,9,27
CAL,CAL,2003,9,28
CAL,CAL,2003,9,29
CAL,CAL,2003,10,2
CAL,CAL,2003,10,3
CAL,CAL,2003,10,4
CAL,CAL,2003,10,5
CAL,CAL,2003,10,6
CAL,CAL,2003,10,9
CAL,CAL,2003,10,10
CAL,CAL,2003,10,11
CAL,CAL,2003,10,12
CAL,CAL,2003,10,13
CAL,CAL,2003,10,16
CAL,CAL,2003,10,17
CAL,CAL,2003,10,18
CAL,CAL,2003,10,19
CAL,CAL,2003,10,20
CAL,CAL,2003,10,23
CAL,CAL,2003,10,24
CAL,CAL,2003,10,25
CAL,CAL,2003,10,26
CAL,CAL,2003,10,27
CAL,CAL,2003,10,30
CAL,CAL,2003,10,31
CAL,CAL,2003,11,1
CAL,CAL,2003,11,2
CAL,CAL,2003,11,3
CAL,CAL,2003,11,6
CAL,CAL,2003,11,7
CAL,CAL,2003,11,8
CAL,CAL,2003,11,9
CAL,CAL,2003,11,10
CAL,CAL,2003,11,13
CAL,CAL,2003,11,14
CAL,CAL,2003,11,15
CAL,CAL,2003,11,16
CAL,CAL,2003,11,17
CAL,CAL,2003,11,20
CAL,CAL,2003,11,21
CAL,CAL,2003,11,22
CAL,CAL,2003,11,23
CAL,CAL,2003,11,24
CAL,CAL,2003,11,27
CAL,CAL,2003,11,28
CAL,CAL,2003,11,29
CAL,CAL,2003,11,30
CAL,CAL,2003,12,1
CAL,CAL,2003,12,4
CAL,CAL,2003,12,5
CAL,CAL,2003,12,6
CAL,CAL,2003,12,7
CAL,CAL,2003,12,8
CAL,CAL,2003,12,11
CAL,CAL,2003,12,12
CAL,CAL,2003,12,13
CAL,CAL,2003,12,14
CAL,CAL,2003,12,15
CAL,CAL,2003,12,17
CAL,CAL,2003,12,18
CAL,CAL,2003,12,19
CAL,CAL,2003,12,20
CAL,CAL,2003,12,21
CAL,CAL,2003,12,22
CAL,CAL,2003,12,23
CAL,CAL,2003,12,26
CAL,CAL,2003,12,27
CAL,CAL,2003,12,28
CAL,CAL,2003,12,29
CAL,CAL,2003,12,30
CAL,CAL,2003,12,31
CAL,CAL,2004,1,1
CAL,CAL,2004,1,2
CAL,CAL,2004,4,26
CAL,CAL,2004,4,27
CAL,CAL,2004,4,30
CAL,CAL,2004,5,1
CAL,CAL,2004,5,2
CAL,CAL,2004,5,3
CAL,CAL,2004,5,4
CAL,CAL,2004,5,7
CAL,CAL,2004,5,8
CAL,CAL,2004,5,9
CAL,CAL,2004,5,10
CAL,CAL,2004,5,11
CAL,CAL,2004,5,14
CAL,CAL,2004,5,15
CAL,CAL,2004,5,16
CAL,CAL,2004,5,17
CAL,CAL,2004,5,18
CAL,CAL,2004,5,21
CAL,CAL,2004,5,22
CAL,CAL,2004,5,23
CAL,CAL,2004,5,24
CAL,CAL,2004,5,25
CAL,CAL,2004,5,28
CAL,CAL,2004,5,29
CAL,CAL,2004,5,30
CAL,CAL,2004,5,31
CAL,CAL,2004,6,1
CAL,CAL,2004,6,4
CAL,CAL,2004,6,5
CAL,CAL,2004,6,6
CAL,CAL,2004,6,7
CAL,CAL,2004,6,8
CAL,CAL,2004,6,11
CAL,CAL,2004,6,12
CAL,CAL,2004,6,13
CAL,CAL,2004,6,14
CAL,CAL,2004,6,15
CAL,CAL,2004,6,18
CAL,CAL,2004,6,19
CAL,CAL,2004,6,20
CAL,CAL,2004,6,21
CAL,CAL,2004,6,22
CAL,CAL,2004,6,25
CAL,CAL,2004,6,26
CAL,CAL,2004,6,27
CAL,CAL,2004,6,28
CAL,CAL,2004,6,29
CAL,CAL,2004,7,2
CAL,CAL,2004,7,3
CAL,CAL,2004,7,4
CAL,CAL,2004,7,5
CAL,CAL,2004,7,6
CAL,CAL,2004,7,9
CAL,CAL,2004,7,10
CAL,CAL,2004,7,11
CAL,CAL,2004,7,12
CAL,CAL,2004,7,13
CAL,CAL,2004,7,16
CAL,CAL,2004,7,17
CAL,CAL,2004,7,18
CAL,CAL,2004,7,19
CAL,CAL,2004,7,20
CAL,CAL,2004,7,23
CAL,CAL,2004,7,24
CAL,CAL,2004,7,25
CAL,CAL,2004,7,31
CAL,CAL,2004,8,1
CAL,CAL,2004,8,2
CAL,CAL,2004,8,3
CAL,CAL,2004,8,6
CAL,CAL,2004,8,7
CAL,CAL,2004,8,8
CAL,CAL,2004,8,9
CAL,CAL,2004,8,10
CAL,CAL,2004,8,13
CAL,CAL,2004,8,14
CAL,CAL,2004,8,15
CAL,CAL,2004,8,16
CAL,CAL,2004,8,17
CAL,CAL,2004,8,20
CAL,CAL,2004,8,21
CAL,CAL,2004,8,22
CAL,CAL,2004,8,23
CAL,CAL,2004,8,24
CAL,CAL,2004,8,27
CAL,CAL,2004,8,28
CAL,CAL,2004,8,29
CAL,CAL,2004,8,30
CAL,CAL,2004,8,31
CAL,CAL,2004,9,6
CAL,CAL,2004,9,9
CAL,CAL,2004,9,10
CAL,CAL,2004,9,11
CAL,CAL,2004,9,12
CAL,CAL,2004,9,13
CAL,CAL,2004,9,16
CAL,CAL,2004,9,17
CAL,CAL,2004,9,18
CAL,CAL,2004,9,19
CAL,CAL,2004,9,20
CAL,CAL,2004,9,23
CAL,CAL,2004,9,24
CAL,CAL,2004,9,25
CAL,CAL,2004,9,26
CAL,CAL,2004,9,27
CAL,CAL,2004,9,30
CAL,CAL,2004,10,1
CAL,CAL,2004,10,2
CAL,CAL,2004,10,3
CAL,CAL,2004,10,4
CAL,CAL,2004,10,7
CAL,CAL,2004,10,8
CAL,CAL,2004,10,9
CAL,CAL,2004,10,10
CAL,CAL,2004,10,11
CAL,CAL,2004,10,14
CAL,CAL,2004,10,15
CAL,CAL,2004,10,16
CAL,CAL,2004,10,17
CAL,CAL,2004,10,18
CAL,CAL,2004,10,21
CAL,CAL,2004,10,22
CAL,CAL,2004,10,23
CAL,CAL,2004,10,24
CAL,CAL,2004,10,25
CAL,CAL,2004,10,28
CAL,CAL,2004,10,29
CAL,CAL,2004,10,30
CAL,CAL,2004,11,1
CAL,CAL,2004,11,4
CAL,CAL,2004,11,5
CAL,CAL,2004,11,6
CAL,CAL,2004,11,7
CAL,CAL,2004,11,8
CAL,CAL,2004,11,11
CAL,CAL,2004,11,12
CAL,CAL,2004,11,13
CAL,CAL,2004,11,14
CAL,CAL,2004,11,15
CAL,CAL,2004,11,18
CAL,CAL,2004,11,19
CAL,CAL,2004,11,20
CAL,CAL,2004,11,21
CAL,CAL,2004,11,22
CAL,CAL,2004,11,25
CAL,CAL,2004,11,26
CAL,CAL,2004,11,27
CAL,CAL,2004,11,28
CAL,CAL,2004,11,29
CAL,CAL,2004,12,2
CAL,CAL,2004,12,3
CAL,CAL,2004,12,4
CAL,CAL,2004,12,5
CAL,CAL,2004,12,6
CAL,CAL,2004,12,8
CAL,CAL,2004,12,9
CAL,CAL,2004,12,10
CAL,CAL,2004,12,11
CAL,CAL,2004,12,12
CAL,CAL,2004,12,13
CAL,CAL,2004,12,15
CAL,CAL,2004,12,16
CAL,CAL,2004,12,17
CAL,CAL,2004,12,18
CAL,CAL,2004,12,19
CAL,CAL,2004,12,20
CAL,CAL,2004,12,22
CAL,CAL,2004,12,23
CAL,CAL,2004,12,24
CAL,CAL,2004,12,26
CAL,CAL,2004,12,27
CAL,CAL,2004,12,28
CAL,CAL,2004,12,29
CAL,CAL,2004,12,30
CAL,CAL,2004,12,31
CAL,CAL,2005,1,1
CAL,CAL,2005,1,2
CAL,CAL,2005,4,25
CAL,CAL,2005,4,26
CAL,CAL,2005,4,29
CAL,CAL,2005,4,30
CAL,CAL,2005,5,1
CAL,CAL,2005,5,2
CAL,CAL,2005,5,3
CAL,CAL,2005,5,6
CAL,CAL,2005,5,7
CAL,CAL,2005,5,8
CAL,CAL,2005,5,9
CAL,CAL,2005,5,10
CAL,CAL,2005,5,13
CAL,CAL,2005,5,14
CAL,CAL,2005,5,15
CAL,CAL,2005,5,16
CAL,CAL,2005,5,17
CAL,CAL,2005,5,20
CAL,CAL,2005,5,21
CAL,CAL,2005,5,22
CAL,CAL,2005,5,23
CAL,CAL,2005,5,24
CAL,CAL,2005,5,27
CAL,CAL,2005,5,28
CAL,CAL,2005,5,29
CAL,CAL,2005,5,30
CAL,CAL,2005,5,31
CAL,CAL,2005,6,3
CAL,CAL,2005,6,4
CAL,CAL,2005,6,5
CAL,CAL,2005,6,6
CAL,CAL,2005,6,7
CAL,CAL,2005,6,10
CAL,CAL,2005,6,11
CAL,CAL,2005,6,12
CAL,CAL,2005,6,13
CAL,CAL,2005,6,14
CAL,CAL,2005,6,17
CAL,CAL,2005,6,18
CAL,CAL,2005,6,19
CAL,CAL,2005,6,20
CAL,CAL,2005,6,21
CAL,CAL,2005,6,24
CAL,CAL,2005,6,25
CAL,CAL,2005,6,26
CAL,CAL,2005,6,27
CAL,CAL,2005,6,28
CAL,CAL,2005,7,1
CAL,CAL,2005,7,2
CAL,CAL,2005,7,3
CAL,CAL,2005,7,4
CAL,CAL,2005,7,5
CAL,CAL,2005,7,8
CAL,CAL,2005,7,10
CAL,CAL,2005,7,11
CAL,CAL,2005,7,12
CAL,CAL,2005,7,15
CAL,CAL,2005,7,16
CAL,CAL,2005,7,17
CAL,CAL,2005,7,18
CAL,CAL,2005,7,19
CAL,CAL,2005,7,22
CAL,CAL,2005,7,23
CAL,CAL,2005,7,24
CAL,CAL,2005,7,25
CAL,CAL,2005,7,26
CAL,CAL,2005,7,29
CAL,CAL,2005,7,30
CAL,CAL,2005,7,31
CAL,CAL,2005,8,6
CAL,CAL,2005,8,7
CAL,CAL,2005,8,8
CAL,CAL,2005,8,9
CAL,CAL,2005,8,12
CAL,CAL,2005,8,13
CAL,CAL,2005,8,14
CAL,CAL,2005,8,15
CAL,CAL,2005,8,16
CAL,CAL,2005,8,19
CAL,CAL,2005,8,20
CAL,CAL,2005,8,21
CAL,CAL,2005,8,22
CAL,CAL,2005,8,23
CAL,CAL,2005,8,27
CAL,CAL,2005,8,28
CAL,CAL,2005,8,29
CAL,CAL,2005,8,30
CAL,CAL,2005,9,2
CAL,CAL,2005,9,3
CAL,CAL,2005,9,4
CAL,CAL,2005,9,5
CAL,CAL,2005,9,8
CAL,CAL,2005,9,9
CAL,CAL,2005,9,10
CAL,CAL,2005,9,11
CAL,CAL,2005,9,12
CAL,CAL,2005,9,15
CAL,CAL,2005,9,16
CAL,CAL,2005,9,17
CAL,CAL,2005,9,18
CAL,CAL,2005,9,19
CAL,CAL,2005,9,22
CAL,CAL,2005,9,23
CAL,CAL,2005,9,24
CAL,CAL,2005,9,25
CAL,CAL,2005,9,26
CAL,CAL,2005,9,29
CAL,CAL,2005,9,30
CAL,CAL,2005,10,1
CAL,CAL,2005,10,2
CAL,CAL,2005,10,3
CAL,CAL,2005,10,6
CAL,CAL,2005,10,7
CAL,CAL,2005,10,8
CAL,CAL,2005,10,9
CAL,CAL,2005,10,10
CAL,CAL,2005,10,13
CAL,CAL,2005,10,14
CAL,CAL,2005,10,15
CAL,CAL,2005,10,16
CAL,CAL,2005,10,17
CAL,CAL,2005,10,20
CAL,CAL,2005,10,21
CAL,CAL,2005,10,22
CAL,CAL,2005,10,23
CAL,CAL,2005,10,30
CAL,CAL,2005,10,31
CAL,CAL,2005,11,3
CAL,CAL,2005,11,4
CAL,CAL,2005,11,5
CAL,CAL,2005,11,6
CAL,CAL,2005,11,7
CAL,CAL,2005,11,10
CAL,CAL,2005,11,11
CAL,CAL,2005,11,12
CAL,CAL,2005,11,13
CAL,CAL,2005,11,14
CAL,CAL,2005,11,17
CAL,CAL,2005,11,18
CAL,CAL,2005,11,19
CAL,CAL,2005,11,20
CAL,CAL,2005,11,21
CAL,CAL,2005,11,24
CAL,CAL,2005,11,25
CAL,CAL,2005,11,26
CAL,CAL,2005,11,27
CAL,CAL,2005,11,28
CAL,CAL,2005,12,1
CAL,CAL,2005,12,2
CAL,CAL,2005,12,3
CAL,CAL,2005,12,4
CAL,CAL,2005,12,5
CAL,CAL,2005,12,8
CAL,CAL,2005,12,9
CAL,CAL,2005,12,10
CAL,CAL,2005,12,11
CAL,CAL,2005,12,12
CAL,CAL,2005,12,14
CAL,CAL,2005,12,15
CAL,CAL,2005,12,16
CAL,CAL,2005,12,17
CAL,CAL,2005,12,18
CAL,CAL,2005,12,19
CAL,CAL,2005,12,21
CAL,CAL,2005,12,22
CAL,CAL,2005,12,23
CAL,CAL,2005,12,24
CAL,CAL,2005,12,26
CAL,CAL,2005,12,27
CAL,CAL,2005,12,28
CAL,CAL,2005,12,29
CAL,CAL,2005,12,30
CAL,CAL,2005,12,31
CAL,CAL,2006,1,1
CAL,CAL,2006,1,2
CAL,CAL,2006,4,25
CAL,CAL,2006,4,28
CAL,CAL,2006,4,29
CAL,CAL,2006,4,30
CAL,CAL,2006,5,1
CAL,CAL,2006,5,2
CAL,CAL,2006,5,5
CAL,CAL,2006,5,6
CAL,CAL,2006,5,7
CAL,CAL,2006,5,8
CAL,CAL,2006,5,9
CAL,CAL,2006,5,12
CAL,CAL,2006,5,13
CAL,CAL,2006,5,14
CAL,CAL,2006,5,15
CAL,CAL,2006,5,16
CAL,CAL,2006,5,19
CAL,CAL,2006,5,20
CAL,CAL,2006,5,21
CAL,CAL,2006,5,22
CAL,CAL,2006,5,23
CAL,CAL,2006,5,26
CAL,CAL,2006,5,27
CAL,CAL,2006,5,28
CAL,CAL,2006,5,29
CAL,CAL,2006,5,30
CAL,CAL,2006,6,2
CAL,CAL,2006,6,3
CAL,CAL,2006,6,4
CAL,CAL,2006,6,5
CAL,CAL,2006,6,6
CAL,CAL,2006,6,9
CAL,CAL,2006,6,10
CAL,CAL,2006,6,11
CAL,CAL,2006,6,12
CAL,CAL,2006,6,13
CAL,CAL,2006,6,16
CAL,CAL,2006,6,17
CAL,CAL,2006,6,18
CAL,CAL,2006,6,19
CAL,CAL,2006,6,20
CAL,CAL,2006,6,23
CAL,CAL,2006,6,24
CAL,CAL,2006,6,25
CAL,CAL,2006,6,26
CAL,CAL,2006,6,27
CAL,CAL,2006,6,30
CAL,CAL,2006,7,1
CAL,CAL,2006,7,2
CAL,CAL,2006,7,3
CAL,CAL,2006,7,4
CAL,CAL,2006,7,7
CAL,CAL,2006,7,8
CAL,CAL,2006,7,9
CAL,CAL,2006,7,10
CAL,CAL,2006,7,11
CAL,CAL,2006,7,14
CAL,CAL,2006,7,15
CAL,CAL,2006,7,16
CAL,CAL,2006,7,21
CAL,CAL,2006,7,22
CAL,CAL,2006,7,23
CAL,CAL,2006,7,28
CAL,CAL,2006,7,29
CAL,CAL,2006,7,30
CAL,CAL,2006,8,4
CAL,CAL,2006,8,5
CAL,CAL,2006,8,6
CAL,CAL,2006,8,11
CAL,CAL,2006,8,12
CAL,CAL,2006,8,13
CAL,CAL,2006,8,18
CAL,CAL,2006,8,19
CAL,CAL,2006,8,20
CAL,CAL,2006,8,25
CAL,CAL,2006,8,26
CAL,CAL,2006,8,27
CAL,CAL,2006,8,28
CAL,CAL,2006,8,29
CAL,CAL,2006,9,1
CAL,CAL,2006,9,2
CAL,CAL,2006,9,3
CAL,CAL,2006,9,4
CAL,CAL,2006,9,7
CAL,CAL,2006,9,8
CAL,CAL,2006,9,9
CAL,CAL,2006,9,10
CAL,CAL,2006,9,11
CAL,CAL,2006,9,14
CAL,CAL,2006,9,15
CAL,CAL,2006,9,16
CAL,CAL,2006,9,17
CAL,CAL,2006,9,18
CAL,CAL,2006,9,21
CAL,CAL,2006,9,22
CAL,CAL,2006,9,23
CAL,CAL,2006,9,24
CAL,CAL,2006,9,25
CAL,CAL,2006,9,28
CAL,CAL,2006,9,29
CAL,CAL,2006,9,30
CAL,CAL,2006,10,1
CAL,CAL,2006,10,2
CAL,CAL,2006,10,5
CAL,CAL,2006,10,6
CAL,CAL,2006,10,7
CAL,CAL,2006,10,8
CAL,CAL,2006,10,9
CAL,CAL,2006,10,12
CAL,CAL,2006,10,13
CAL,CAL,2006,10,14
CAL,CAL,2006,10,15
CAL,CAL,2006,10,16
CAL,CAL,2006,10,19
CAL,CAL,2006,10,20
CAL,CAL,2006,10,21
CAL,CAL,2006,10,22
CAL,CAL,2006,10,23
CAL,CAL,2006,10,26
CAL,CAL,2006,10,27
CAL,CAL,2006,10,28
CAL,CAL,2006,10,29
CAL,CAL,2006,10,30
CAL,CAL,2006,11,2
CAL,CAL,2006,11,3
CAL,CAL,2006,11,4
CAL,CAL,2006,11,5
CAL,CAL,2006,11,6
CAL,CAL,2006,11,9
CAL,CAL,2006,11,10
CAL,CAL,2006,11,11
CAL,CAL,2006,11,12
CAL,CAL,2006,11,13
CAL,CAL,2006,11,16
CAL,CAL,2006,11,17
CAL,CAL,2006,11,18
CAL,CAL,2006,11,19
CAL,CAL,2006,11,20
CAL,CAL,2006,11,23
CAL,CAL,2006,11,24
CAL,CAL,2006,11,25
CAL,CAL,2006,11,26
CAL,CAL,2006,11,27
CAL,CAL,2006,11,30
CAL,CAL,2006,12,1
CAL,CAL,2006,12,2
CAL,CAL,2006,12,3
CAL,CAL,2006,12,4
CAL,CAL,2006,12,7
CAL,CAL,2006,12,8
CAL,CAL,2006,12,9
CAL,CAL,2006,12,10
CAL,CAL,2006,12,11
CAL,CAL,2006,12,13
CAL,CAL,2006,12,14
CAL,CAL,2006,12,15
CAL,CAL,2006,12,16
CAL,CAL,2006,12,17
CAL,CAL,2006,12,18
CAL,CAL,2006,12,20
CAL,CAL,2006,12,21
CAL,CAL,2006,12,22
CAL,CAL,2006,12,23
CAL,CAL,2006,12,24
CAL,CAL,2006,12,26
CAL,CAL,2006,12,27
CAL,CAL,2006,12,28
CAL,CAL,2006,12,29
CAL,CAL,2006,12,30
CAL,CAL,2006,12,31
CAL,CAL,2007,1,1
CAL,CAL,2007,1,2
CAL,CAL,2007,4,25
CAL,CAL,2007,4,27
CAL,CAL,2007,4,28
CAL,CAL,2007,4,29
CAL,CAL,2007,5,4
CAL,CAL,2007,5,5
CAL,CAL,2007,5,6
CAL,CAL,2007,5,11
CAL,CAL,2007,5,12
CAL,CAL,2007,5,13
CAL,CAL,2007,5,14
CAL,CAL,2007,5,17
CAL,CAL,2007,5,18
CAL,CAL,2007,5,19
CAL,CAL,2007,5,20
CAL,CAL,2007,5,21
CAL,CAL,2007,5,24
CAL,CAL,2007,5,25
CAL,CAL,2007,5,26
CAL,CAL,2007,5,27
CAL,CAL,2007,5,28
CAL,CAL,2007,5,31
CAL,CAL,2007,6,1
CAL,CAL,2007,6,2
CAL,CAL,2007,6,3
CAL,CAL,2007,6,4
CAL,CAL,2007,6,7
CAL,CAL,2007,6,8
CAL,CAL,2007,6,9
CAL,CAL,2007,6,10
CAL,CAL,2007,6,11
CAL,CAL,2007,6,14
CAL,CAL,2007,6,15
CAL,CAL,2007,6,16
CAL,CAL,2007,6,17
CAL,CAL,2007,6,18
CAL,CAL,2007,6,21
CAL,CAL,2007,6,22
CAL,CAL,2007,6,23
CAL,CAL,2007,6,24
CAL,CAL,2007,6,25
CAL,CAL,2007,6,28
CAL,CAL,2007,6,29
CAL,CAL,2007,6,30
CAL,CAL,2007,7,1
CAL,CAL,2007,7,4
CAL,CAL,2007,7,5
CAL,CAL,2007,7,6
CAL,CAL,2007,7,7
CAL,CAL,2007,7,8
CAL,CAL,2007,7,9
CAL,CAL,2007,7,12
CAL,CAL,2007,7,13
CAL,CAL,2007,7,14
CAL,CAL,2007,7,15
CAL,CAL,2007,7,16
CAL,CAL,2007,7,19
CAL,CAL,2007,7,20
CAL,CAL,2007,7,21
CAL,CAL,2007,7,22
CAL,CAL,2007,7,27
CAL,CAL,2007,7,28
CAL,CAL,2007,7,29
CAL,CAL,2007,8,3
CAL,CAL,2007,8,4
CAL,CAL,2007,8,5
CAL,CAL,2007,8,10
CAL,CAL,2007,8,11
CAL,CAL,2007,8,12
CAL,CAL,2007,8,17
CAL,CAL,2007,8,18
CAL,CAL,2007,8,19
CAL,CAL,2007,8,20
CAL,CAL,2007,8,23
CAL,CAL,2007,8,24
CAL,CAL,2007,8,25
CAL,CAL,2007,8,26
CAL,CAL,2007,8,27
CAL,CAL,2007,8,30
CAL,CAL,2007,8,31
CAL,CAL,2007,9,1
CAL,CAL,2007,9,2
CAL,CAL,2007,9,3
CAL,CAL,2007,9,6
CAL,CAL,2007,9,7
CAL,CAL,2007,9,8
CAL,CAL,2007,9,9
CAL,CAL,2007,9,10
CAL,CAL,2007,9,13
CAL,CAL,2007,9,14
CAL,CAL,2007,9,15
CAL,CAL,2007,9,16
CAL,CAL,2007,9,17
CAL,CAL,2007,9,20
CAL,CAL,2007,9,21
CAL,CAL,2007,9,22
CAL,CAL,2007,9,23
CAL,CAL,2007,9,24
CAL,CAL,2007,9,27
CAL,CAL,2007,9,28
CAL,CAL,2007,9,29
CAL,CAL,2007,9,30
CAL,CAL,2007,10,1
CAL,CAL,2007,10,4
CAL,CAL,2007,10,5
CAL,CAL,2007,10,6
CAL,CAL,2007,10,7
CAL,CAL,2007,10,8
CAL,CAL,2007,10,11
CAL,CAL,2007,10,12
CAL,CAL,2007,10,13
CAL,CAL,2007,10,14
CAL,CAL,2007,10,15
CAL,CAL,2007,10,18
CAL,CAL,2007,10,19
CAL,CAL,2007,10,20
CAL,CAL,2007,10,21
CAL,CAL,2007,10,22
CAL,CAL,2007,10,25
CAL,CAL,2007,10,26
CAL,CAL,2007,10,27
CAL,CAL,2007,10,28
CAL,CAL,2007,10,29
CAL,CAL,2007,11,1
CAL,CAL,2007,11,2
CAL,CAL,2007,11,3
CAL,CAL,2007,11,4
CAL,CAL,2007,11,5
CAL,CAL,2007,11,8
CAL,CAL,2007,11,9
CAL,CAL,2007,11,10
CAL,CAL,2007,11,11
CAL,CAL,2007,11,12
CAL,CAL,2007,11,15
CAL,CAL,2007,11,16
CAL,CAL,2007,11,17
CAL,CAL,2007,11,18
CAL,CAL,2007,11,22
CAL,CAL,2007,11,23
CAL,CAL,2007,11,25
CAL,CAL,2007,11,29
CAL,CAL,2007,11,30
CAL,CAL,2007,12,2
CAL,CAL,2007,12,6
CAL,CAL,2007,12,7
CAL,CAL,2007,12,9
CAL,CAL,2007,12,13
CAL,CAL,2007,12,14
CAL,CAL,2007,12,16
CAL,CAL,2007,12,20
CAL,CAL,2007,12,21
CAL,CAL,2007,12,22
CAL,CAL,2007,12,23
CAL,CAL,2007,12,24
CAL,CAL,2007,12,26
CAL,CAL,2007,12,27
CAL,CAL,2007,12,28
CAL,CAL,2007,12,29
CAL,CAL,2007,12,30
CAL,CAL,2007,12,31
CAL,CAL,2008,1,1
CAL,CAL,2008,1,2
CAL,CAL,2008,7,10
CAL,CAL,2008,7,11
CAL,CAL,2008,7,12
CAL,CAL,2008,7,13
CAL,CAL,2008,7,14
CAL,CAL,2008,7,17
CAL,CAL,2008,7,18
CAL,CAL,2008,7,19
CAL,CAL,2008,7,20
CAL,CAL,2008,7,21
CAL,CAL,2008,7,24
CAL,CAL,2008,7,25
CAL,CAL,2008,7,26
CAL,CAL,2008,7,27
CAL,CAL,2008,7,28
CAL,CAL,2008,7,31
CAL,CAL,2008,8,1
CAL,CAL,2008,8,2
CAL,CAL,2008,8,3
CAL,CAL,2008,8,7
CAL,CAL,2008,8,8
CAL,CAL,2008,8,9
CAL,CAL,2008,8,10
CAL,CAL,2008,8,14
CAL,CAL,2008,8,15
CAL,CAL,2008,8,16
CAL,CAL,2008,8,17
CAL,CAL,2008,8,21
CAL,CAL,2008,8,22
CAL,CAL,2008,8,23
CAL,CAL,2008,8,24
CAL,CAL,2008,8,28
CAL,CAL,2008,8,29
CAL,CAL,2008,8,30
CAL,CAL,2008,8,31
CAL,CAL,2008,9,1
CAL,CAL,2008,9,5
CAL,CAL,2008,9,6
CAL,CAL,2008,9,7
CAL,CAL,2008,9,11
CAL,CAL,2008,9,12
CAL,CAL,2008,9,13
CAL,CAL,2008,9,14
CAL,CAL,2008,9,18
CAL,CAL,2008,9,19
CAL,CAL,2008,9,20
CAL,CAL,2008,9,21
CAL,CAL,2008,9,25
CAL,CAL,2008,9,26
CAL,CAL,2008,9,27
CAL,CAL,2008,9,28
CAL,CAL,2008,10,2
CAL,CAL,2008,10,3
CAL,CAL,2008,10,4
CAL,CAL,2008,10,5
CAL,CAL,2008,10,9
CAL,CAL,2008,10,10
CAL,CAL,2008,10,11
CAL,CAL,2008,10,12
CAL,CAL,2008,10,13
CAL,CAL,2008,10,17
CAL,CAL,2008,10,18
CAL,CAL,2008,10,19
CAL,CAL,2008,10,23
CAL,CAL,2008,10,24
CAL,CAL,2008,10,25
CAL,CAL,2008,10,26
CAL,CAL,2008,10,30
CAL,CAL,2008,10,31
CAL,CAL,2008,11,1
CAL,CAL,2008,11,2
CAL,CAL,2008,11,6
CAL,CAL,2008,11,7
CAL,CAL,2008,11,8
CAL,CAL,2008,11,9
CAL,CAL,2008,11,10
CAL,CAL,2008,11,11
CAL,CAL,2008,11,14
CAL,CAL,2008,11,15
CAL,CAL,2008,11,16
CAL,CAL,2008,11,20
CAL,CAL,2008,11,21
CAL,CAL,2008,11,22
CAL,CAL,2008,11,23
CAL,CAL,2008,11,24
CAL,CAL,2008,11,27
CAL,CAL,2008,11,28
CAL,CAL,2008,11,29
CAL,CAL,2008,11,30
CAL,CAL,2008,12,1
CAL,CAL,2008,12,4
CAL,CAL,2008,12,5
CAL,CAL,2008,12,6
CAL,CAL,2008,12,7
CAL,CAL,2008,12,8
CAL,CAL,2008,12,10
CAL,CAL,2008,12,11
CAL,CAL,2008,12,12
CAL,CAL,2008,12,13
CAL,CAL,2008,12,14
CAL,CAL,2008,12,15
CAL,CAL,2008,12,18
CAL,CAL,2008,12,19
CAL,CAL,2008,12,20
CAL,CAL,2008,12,21
CAL,CAL,2008,12,22
CAL,CAL,2008,12,23
CAL,CAL,2008,12,26
CAL,CAL,2008,12,27
CAL,CAL,2008,12,28
CAL,CAL,2008,12,29
CAL,CAL,2008,12,31
CAL,CAL,2009,1,1
CAL,CAL,2009,1,2
CAL,CAL,2009,4,25
CAL,CAL,2009,4,26
CAL,CAL,2009,5,1
CAL,CAL,2009,5,2
CAL,CAL,2009,5,3
CAL,CAL,2009,5,7
CAL,CAL,2009,5,8
CAL,CAL,2009,5,9
CAL,CAL,2009,5,10
CAL,CAL,2009,5,11
CAL,CAL,2009,5,14
CAL,CAL,2009,5,15
CAL,CAL,2009,5,16
CAL,CAL,2009,5,17
CAL,CAL,2009,5,18
CAL,CAL,2009,5,21
CAL,CAL,2009,5,22
CAL,CAL,2009,5,23
CAL,CAL,2009,5,24
CAL,CAL,2009,5,25
CAL,CAL,2009,5,28
CAL,CAL,2009,5,29
CAL,CAL,2009,5,30
CAL,CAL,2009,5,31
CAL,CAL,2009,6,4
CAL,CAL,2009,6,5
CAL,CAL,2009,6,6
CAL,CAL,2009,6,7
CAL,CAL,2009,6,11
CAL,CAL,2009,6,12
CAL,CAL,2009,6,13
CAL,CAL,2009,6,14
CAL,CAL,2009,6,18
CAL,CAL,2009,6,19
CAL,CAL,2009,6,20
CAL,CAL,2009,6,21
CAL,CAL,2009,6,25
CAL,CAL,2009,6,26
CAL,CAL,2009,6,27
CAL,CAL,2009,6,28
CAL,CAL,2009,7,2
CAL,CAL,2009,7,3
CAL,CAL,2009,7,4
CAL,CAL,2009,7,5
CAL,CAL,2009,7,9
CAL,CAL,2009,7,10
CAL,CAL,2009,7,11
CAL,CAL,2009,7,12
CAL,CAL,2009,7,16
CAL,CAL,2009,7,17
CAL,CAL,2009,7,18
CAL,CAL,2009,7,19
CAL,CAL,2009,7,23
CAL,CAL,2009,7,24
CAL,CAL,2009,7,25
CAL,CAL,2009,7,26
CAL,CAL,2009,7,30
CAL,CAL,2009,7,31
CAL,CAL,2009,8,1
CAL,CAL,2009,8,2
CAL,CAL,2009,8,6
CAL,CAL,2009,8,7
CAL,CAL,2009,8,8
CAL,CAL,2009,8,9
CAL,CAL,2009,8,13
CAL,CAL,2009,8,14
CAL,CAL,2009,8,15
CAL,CAL,2009,8,16
CAL,CAL,2009,8,20
CAL,CAL,2009,8,21
CAL,CAL,2009,8,22
CAL,CAL,2009,8,23
CAL,CAL,2009,8,27
CAL,CAL,2009,8,28
CAL,CAL,2009,8,29
CAL,CAL,2009,8,30
CAL,CAL,2009,9,3
CAL,CAL,2009,9,4
CAL,CAL,2009,9,5
CAL,CAL,2009,9,6
CAL,CAL,2009,9,7
CAL,CAL,2009,9,11
CAL,CAL,2009,9,12
CAL,CAL,2009,9,13
CAL,CAL,2009,9,17
CAL,CAL,2009,9,18
CAL,CAL,2009,9,19
CAL,CAL,2009,9,20
CAL,CAL,2009,9,24
CAL,CAL,2009,9,25
CAL,CAL,2009,9,26
CAL,CAL,2009,9,27
CAL,CAL,2009,10,1
CAL,CAL,2009,10,2
CAL,CAL,2009,10,3
CAL,CAL,2009,10,4
CAL,CAL,2009,10,8
CAL,CAL,2009,10,9
CAL,CAL,2009,10,10
CAL,CAL,2009,10,11
CAL,CAL,2009,10,12
CAL,CAL,2009,10,16
CAL,CAL,2009,10,17
CAL,CAL,2009,10,18
CAL,CAL,2009,10,22
CAL,CAL,2009,10,23
CAL,CAL,2009,10,24
CAL,CAL,2009,10,25
CAL,CAL,2009,10,29
CAL,CAL,2009,10,30
CAL,CAL,2009,10,31
CAL,CAL,2009,11,1
CAL,CAL,2009,11,5
CAL,CAL,2009,11,6
CAL,CAL,2009,11,7
CAL,CAL,2009,11,8
CAL,CAL,2009,11,11
CAL,CAL,2009,11,12
CAL,CAL,2009,11,13
CAL,CAL,2009,11,14
CAL,CAL,2009,11,15
CAL,CAL,2009,11,19
CAL,CAL,2009,11,20
CAL,CAL,2009,11,21
CAL,CAL,2009,11,22
CAL,CAL,2009,11,26
CAL,CAL,2009,11,27
CAL,CAL,2009,11,28
CAL,CAL,2009,11,29
CAL,CAL,2009,12,3
CAL,CAL,2009,12,4
CAL,CAL,2009,12,5
CAL,CAL,2009,12,6
CAL,CAL,2009,12,7
CAL,CAL,2009,12,10
CAL,CAL,2009,12,11
CAL,CAL,2009,12,12
CAL,CAL,2009,12,13
CAL,CAL,2009,12,14
CAL,CAL,2009,12,17
CAL,CAL,2009,12,18
CAL,CAL,2009,12,19
CAL,CAL,2009,12,20
CAL,CAL,2009,12,21
CAL,CAL,2009,12,23
CAL,CAL,2009,12,26
CAL,CAL,2009,12,27
CAL,CAL,2009,12,28
CAL,CAL,2009,12,31
CAL,CAL,2010,1,1
CAL,CAL,2010,1,2
CAL,CAL,2010,4,25
CAL,CAL,2010,4,29
CAL,CAL,2010,4,30
CAL,CAL,2010,5,1
CAL,CAL,2010,5,2
CAL,CAL,2010,5,6
CAL,CAL,2010,5,7
CAL,CAL,2010,5,8
CAL,CAL,2010,5,9
CAL,CAL,2010,5,13
CAL,CAL,2010,5,14
CAL,CAL,2010,5,15
CAL,CAL,2010,5,16
CAL,CAL,2010,5,20
CAL,CAL,2010,5,21
CAL,CAL,2010,5,22
CAL,CAL,2010,5,23
CAL,CAL,2010,5,27
CAL,CAL,2010,5,28
CAL,CAL,2010,5,29
CAL,CAL,2010,5,30
CAL,CAL,2010,5,31
CAL,CAL,2010,6,4
CAL,CAL,2010,6,5
CAL,CAL,2010,6,6
CAL,CAL,2010,6,10
CAL,CAL,2010,6,11
CAL,CAL,2010,6,12
CAL,CAL,2010,6,13
CAL,CAL,2010,6,17
CAL,CAL,2010,6,18
CAL,CAL,2010,6,19
CAL,CAL,2010,6,20
CAL,CAL,2010,6,24
CAL,CAL,2010,6,25
CAL,CAL,2010,6,26
CAL,CAL,2010,6,27
CAL,CAL,2010,7,1
CAL,CAL,2010,7,2
CAL,CAL,2010,7,3
CAL,CAL,2010,7,4
CAL,CAL,2010,7,5
CAL,CAL,2010,7,9
CAL,CAL,2010,7,10
CAL,CAL,2010,7,11
CAL,CAL,2010,7,15
CAL,CAL,2010,7,16
CAL,CAL,2010,7,17
CAL,CAL,2010,7,18
CAL,CAL,2010,7,22
CAL,CAL,2010,7,23
CAL,CAL,2010,7,24
CAL,CAL,2010,7,25
CAL,CAL,2010,7,29
CAL,CAL,2010,7,30
CAL,CAL,2010,7,31
CAL,CAL,2010,8,1
CAL,CAL,2010,8,5
CAL,CAL,2010,8,6
CAL,CAL,2010,8,7
CAL,CAL,2010,8,8
CAL,CAL,2010,8,12
CAL,CAL,2010,8,13
CAL,CAL,2010,8,14
CAL,CAL,2010,8,15
CAL,CAL,2010,8,19
CAL,CAL,2010,8,20
CAL,CAL,2010,8,21
CAL,CAL,2010,8,22
CAL,CAL,2010,8,26
CAL,CAL,2010,8,27
CAL,CAL,2010,8,28
CAL,CAL,2010,8,29
CAL,CAL,2010,9,2
CAL,CAL,2010,9,3
CAL,CAL,2010,9,4
CAL,CAL,2010,9,5
CAL,CAL,2010,9,6
CAL,CAL,2010,9,10
CAL,CAL,2010,9,11
CAL,CAL,2010,9,12
CAL,CAL,2010,9,16
CAL,CAL,2010,9,17
CAL,CAL,2010,9,18
CAL,CAL,2010,9,19
CAL,CAL,2010,9,23
CAL,CAL,2010,9,24
CAL,CAL,2010,9,25
CAL,CAL,2010,9,26
CAL,CAL,2010,9,30
CAL,CAL,2010,10,1
CAL,CAL,2010,10,2
CAL,CAL,2010,10,3
CAL,CAL,2010,10,7
CAL,CAL,2010,10,8
CAL,CAL,2010,10,9
CAL,CAL,2010,10,10
CAL,CAL,2010,10,11
CAL,CAL,2010,10,15
CAL,CAL,2010,10,16
CAL,CAL,2010,10,17
CAL,CAL,2010,10,21
CAL,CAL,2010,10,22
CAL,CAL,2010,10,23
CAL,CAL,2010,10,24
CAL,CAL,2010,10,28
CAL,CAL,2010,10,29
CAL,CAL,2010,10,30
CAL,CAL,2010,10,31
CAL,CAL,2010,11,4
CAL,CAL,2010,11,5
CAL,CAL,2010,11,6
CAL,CAL,2010,11,7
CAL,CAL,2010,11,11
CAL,CAL,2010,11,12
CAL,CAL,2010,11,13
CAL,CAL,2010,11,14
CAL,CAL,2010,11,15
CAL,CAL,2010,11,18
CAL,CAL,2010,11,19
CAL,CAL,2010,11,20
CAL,CAL,2010,11,21
CAL,CAL,2010,11,22
CAL,CAL,2010,11,25
CAL,CAL,2010,11,26
CAL,CAL,2010,11,27
CAL,CAL,2010,11,28
CAL,CAL,2010,11,29
CAL,CAL,2010,12,2
CAL,CAL,2010,12,3
CAL,CAL,2010,12,4
CAL,CAL,2010,12,5
CAL,CAL,2010,12,6
CAL,CAL,2010,12,9
CAL,CAL,2010,12,10
CAL,CAL,2010,12,11
CAL,CAL,2010,12,12
CAL,CAL,2010,12,13
CAL,CAL,2010,12,16
CAL,CAL,2010,12,17
CAL,CAL,2010,12,18
CAL,CAL,2010,12,19
CAL,CAL,2010,12,20
CAL,CAL,2010,12,22
CAL,CAL,2010,12,23
CAL,CAL,2010,12,26
CAL,CAL,2010,12,27
CAL,CAL,2010,12,30
CAL,CAL,2010,12,31
CAL,CAL,2011,1,1
CAL,CAL,2011,1,2
CAL,CAL,2011,1,3
CAL,CAL,2011,1,4
CAL,CAL,2011,4,25
CAL,CAL,2011,4,28
CAL,CAL,2011,4,29
CAL,CAL,2011,4,30
CAL,CAL,2011,5,1
CAL,CAL,2011,5,5
CAL,CAL,2011,5,6
CAL,CAL,2011,5,7
CAL,CAL,2011,5,8
CAL,CAL,2011,5,12
CAL,CAL,2011,5,13
CAL,CAL,2011,5,14
CAL,CAL,2011,5,15
CAL,CAL,2011,5,19
CAL,CAL,2011,5,20
CAL,CAL,2011,5,21
CAL,CAL,2011,5,22
CAL,CAL,2011,5,26
CAL,CAL,2011,5,27
CAL,CAL,2011,5,28
CAL,CAL,2011,5,29
CAL,CAL,2011,5,30
CAL,CAL,2011,6,3
CAL,CAL,2011,6,4
CAL,CAL,2011,6,5
CAL,CAL,2011,6,9
CAL,CAL,2011,6,10
CAL,CAL,2011,6,11
CAL,CAL,2011,6,12
CAL,CAL,2011,6,16
CAL,CAL,2011,6,17
CAL,CAL,2011,6,18
CAL,CAL,2011,6,19
CAL,CAL,2011,6,23
CAL,CAL,2011,6,24
CAL,CAL,2011,6,25
CAL,CAL,2011,6,26
CAL,CAL,2011,6,30
CAL,CAL,2011,7,1
CAL,CAL,2011,7,2
CAL,CAL,2011,7,3
CAL,CAL,2011,7,4
CAL,CAL,2011,7,8
CAL,CAL,2011,7,9
CAL,CAL,2011,7,10
CAL,CAL,2011,7,14
CAL,CAL,2011,7,15
CAL,CAL,2011,7,16
CAL,CAL,2011,7,17
CAL,CAL,2011,7,21
CAL,CAL,2011,7,22
CAL,CAL,2011,7,23
CAL,CAL,2011,7,24
CAL,CAL,2011,7,28
CAL,CAL,2011,7,29
CAL,CAL,2011,7,30
CAL,CAL,2011,7,31
CAL,CAL,2011,8,4
CAL,CAL,2011,8,5
CAL,CAL,2011,8,6
CAL,CAL,2011,8,7
CAL,CAL,2011,8,11
CAL,CAL,2011,8,12
CAL,CAL,2011,8,13
CAL,CAL,2011,8,14
CAL,CAL,2011,8,18
CAL,CAL,2011,8,19
CAL,CAL,2011,8,20
CAL,CAL,2011,8,21
CAL,CAL,2011,8,25
CAL,CAL,2011,8,26
CAL,CAL,2011,8,27
CAL,CAL,2011,8,28
CAL,CAL,2011,9,1
CAL,CAL,2011,9,2
CAL,CAL,2011,9,3
CAL,CAL,2011,9,4
CAL,CAL,2011,9,5
CAL,CAL,2011,9,8
CAL,CAL,2011,9,9
CAL,CAL,2011,9,10
CAL,CAL,2011,9,11
CAL,CAL,2011,9,15
CAL,CAL,2011,9,16
CAL,CAL,2011,9,17
CAL,CAL,2011,9,18
CAL,CAL,2011,9,22
CAL,CAL,2011,9,23
CAL,CAL,2011,9,24
CAL,CAL,2011,9,25
CAL,CAL,2011,9,29
CAL,CAL,2011,9,30
CAL,CAL,2011,10,1
CAL,CAL,2011,10,2
CAL,CAL,2011,10,3
CAL,CAL,2011,10,6
CAL,CAL,2011,10,7
CAL,CAL,2011,10,8
CAL,CAL,2011,10,9
CAL,CAL,2011,10,10
CAL,CAL,2011,10,13
CAL,CAL,2011,10,14
CAL,CAL,2011,10,15
CAL,CAL,2011,10,16
CAL,CAL,2011,10,17
CAL,CAL,2011,10,20
CAL,CAL,2011,10,21
CAL,CAL,2011,10,22
CAL,CAL,2011,10,23
CAL,CAL,2011,10,24
CAL,CAL,2011,10,27
CAL,CAL,2011,10,28
CAL,CAL,2011,10,29
CAL,CAL,2011,10,30
CAL,CAL,2011,10,31
CAL,CAL,2011,11,3
CAL,CAL,2011,11,4
CAL,CAL,2011,11,5
CAL,CAL,2011,11,6
CAL,CAL,2011,11,7
CAL,CAL,2011,11,10
CAL,CAL,2011,11,11
CAL,CAL,2011,11,12
CAL,CAL,2011,11,13
CAL,CAL,2011,11,14
CAL,CAL,2011,11,17
CAL,CAL,2011,11,18
CAL,CAL,2011,11,19
CAL,CAL,2011,11,20
CAL,CAL,2011,11,21
CAL,CAL,2011,11,24
CAL,CAL,2011,11,25
CAL,CAL,2011,11,26
CAL,CAL,2011,11,27
CAL,CAL,2011,11,28
CAL,CAL,2011,12,1
CAL,CAL,2011,12,2
CAL,CAL,2012,4,9
CAL,CAL,2012,4,12
CAL,CAL,2012,4,13
CAL,CAL,2012,4,14
CAL,CAL,2012,4,15
CAL,CAL,2012,4,19
CAL,CAL,2012,4,20
CAL,CAL,2012,4,21
CAL,CAL,2012,4,22
CAL,CAL,2012,4,26
CAL,CAL,2012,4,27
CAL,CAL,2012,4,28
CAL,CAL,2012,4,29
CAL,CAL,2012,5,3
CAL,CAL,2012,5,4
CAL,CAL,2012,5,5
CAL,CAL,2012,5,6
CAL,CAL,2012,5,10
CAL,CAL,2012,5,11
CAL,CAL,2012,5,12
CAL,CAL,2012,5,13
CAL,CAL,2012,5,17
CAL,CAL,2012,5,18
CAL,CAL,2012,5,19
CAL,CAL,2012,5,20
CAL,CAL,2012,5,24
CAL,CAL,2012,5,25
CAL,CAL,2012,5,26
CAL,CAL,2012,5,27
CAL,CAL,2012,5,28
CAL,CAL,2012,5,31
CAL,CAL,2012,6,1
CAL,CAL,2012,6,2
CAL,CAL,2012,6,3
CAL,CAL,2012,6,7
CAL,CAL,2012,6,8
CAL,CAL,2012,6,9
CAL,CAL,2012,6,10
CAL,CAL,2012,6,14
CAL,CAL,2012,6,15
CAL,CAL,2012,6,16
CAL,CAL,2012,6,17
CAL,CAL,2012,6,21
CAL,CAL,2012,6,22
CAL,CAL,2012,6,23
CAL,CAL,2012,6,24
CAL,CAL,2012,6,28
CAL,CAL,2012,6,29
CAL,CAL,2012,6,30
CAL,CAL,2012,7,1
CAL,CAL,2012,7,4
CAL,CAL,2012,7,5
CAL,CAL,2012,7,6
CAL,CAL,2012,7,7
CAL,CAL,2012,7,8
CAL,CAL,2012,7,12
CAL,CAL,2012,7,13
CAL,CAL,2012,7,14
CAL,CAL,2012,7,15
CAL,CAL,2012,7,19
CAL,CAL,2012,7,20
CAL,CAL,2012,7,21
CAL,CAL,2012,7,22
CAL,CAL,2012,7,26
CAL,CAL,2012,7,27
CAL,CAL,2012,7,28
CAL,CAL,2012,7,29
CAL,CAL,2012,8,2
CAL,CAL,2012,8,4
CAL,CAL,2012,8,5
CAL,CAL,2012,8,9
CAL,CAL,2012,8,10
CAL,CAL,2012,8,11
CAL,CAL,2012,8,12
CAL,CAL,2012,8,16
CAL,CAL,2012,8,17
CAL,CAL,2012,8,18
CAL,CAL,2012,8,19
CAL,CAL,2012,8,23
CAL,CAL,2012,8,24
CAL,CAL,2012,8,25
CAL,CAL,2012,8,30
CAL,CAL,2012,8,31
CAL,CAL,2012,9,1
CAL,CAL,2012,9,2
CAL,CAL,2012,9,3
CAL,CAL,2012,9,6
CAL,CAL,2012,9,7
CAL,CAL,2012,9,8
CAL,CAL,2012,9,9
CAL,CAL,2012,9,12
CAL,CAL,2012,9,13
CAL,CAL,2012,9,14
CAL,CAL,2012,9,15
CAL,CAL,2012,9,16
CAL,CAL,2012,9,19
CAL,CAL,2012,9,20
CAL,CAL,2012,9,21
CAL,CAL,2012,9,22
CAL,CAL,2012,9,23
CAL,CAL,2012,9,26
CAL,CAL,2012,9,27
CAL,CAL,2012,9,28
CAL,CAL,2012,9,29
CAL,CAL,2012,9,30
CAL,CAL,2012,10,3
CAL,CAL,2012,10,4
CAL,CAL,2012,10,5
CAL,CAL,2012,10,6
CAL,CAL,2012,10,7
CAL,CAL,2012,10,10
CAL,CAL,2012,10,11
CAL,CAL,2012,10,12
CAL,CAL,2012,10,13
CAL,CAL,2012,10,14
CAL,CAL,2012,10,17
CAL,CAL,2012,10,18
CAL,CAL,2012,10,19
CAL,CAL,2012,10,20
CAL,CAL,2012,10,21
CAL,CAL,2012,10,24
CAL,CAL,2012,10,25
CAL,CAL,2012,10,26
CAL,CAL,2012,10,27
CAL,CAL,2012,10,28
CAL,CAL,2012,10,31
CAL,CAL,2012,11,1
CAL,CAL,2012,11,2
CAL,CAL,2012,11,3
CAL,CAL,2012,11,4
CAL,CAL,2012,11,7
CAL,CAL,2012,11,8
CAL,CAL,2012,11,9
CAL,CAL,2012,11,10
CAL,CAL,2012,11,11
CAL,CAL,2012,11,14
CAL,CAL,2012,11,15
CAL,CAL,2012,11,16
CAL,CAL,2012,11,17
CAL,CAL,2012,11,18
CAL,CAL,2012,11,21
CAL,CAL,2012,11,22
CAL,CAL,2012,11,23
CAL,CAL,2012,11,24
CAL,CAL,2012,11,25
CAL,CAL,2012,11,28
CAL,CAL,2012,11,29
CAL,CAL,2012,11,30
CAL,CAL,2013,4,6
CAL,CAL,2013,4,7
CAL,CAL,2013,4,11
CAL,CAL,2013,4,12
CAL,CAL,2013,4,13
CAL,CAL,2013,4,14
CAL,CAL,2013,4,18
CAL,CAL,2013,4,19
CAL,CAL,2013,4,20
CAL,CAL,2013,4,21
CAL,CAL,2013,4,25
CAL,CAL,2013,4,26
CAL,CAL,2013,4,27
CAL,CAL,2013,4,28
CAL,CAL,2013,5,9
CAL,CAL,2013,5,10
CAL,CAL,2013,5,11
CAL,CAL,2013,5,12
CAL,CAL,2013,5,16
CAL,CAL,2013,5,17
CAL,CAL,2013,5,18
CAL,CAL,2013,5,19
CAL,CAL,2013,5,23
CAL,CAL,2013,5,24
CAL,CAL,2013,5,25
CAL,CAL,2013,5,26
CAL,CAL,2013,5,30
CAL,CAL,2013,5,31
CAL,CAL,2013,6,1
CAL,CAL,2013,6,2
CAL,CAL,2013,6,6
CAL,CAL,2013,6,7
CAL,CAL,2013,6,8
CAL,CAL,2013,6,9
CAL,CAL,2013,6,13
CAL,CAL,2013,6,14
CAL,CAL,2013,6,15
CAL,CAL,2013,6,16
CAL,CAL,2013,6,20
CAL,CAL,2013,6,21
CAL,CAL,2013,6,22
CAL,CAL,2013,6,23
CAL,CAL,2013,6,27
CAL,CAL,2013,6,28
CAL,CAL,2013,6,29
CAL,CAL,2013,6,30
CAL,CAL,2013,7,5
CAL,CAL,2013,7,6
CAL,CAL,2013,7,7
CAL,CAL,2013,7,12
CAL,CAL,2013,7,13
CAL,CAL,2013,7,14
CAL,CAL,2013,7,19
CAL,CAL,2013,7,20
CAL,CAL,2013,7,21
CAL,CAL,2013,7,26
CAL,CAL,2013,7,27
CAL,CAL,2013,7,28
CAL,CAL,2013,8,2
CAL,CAL,2013,8,3
CAL,CAL,2013,8,4
CAL,CAL,2013,8,9
CAL,CAL,2013,8,10
CAL,CAL,2013,8,11
CAL,CAL,2013,8,16
CAL,CAL,2013,8,17
CAL,CAL,2013,8,18
CAL,CAL,2013,8,23
CAL,CAL,2013,8,24
CAL,CAL,2013,8,25
CAL,CAL,2013,8,30
CAL,CAL,2013,8,31
CAL,CAL,2013,9,1
CAL,CAL,2013,9,6
CAL,CAL,2013,9,7
CAL,CAL,2013,9,8
CAL,CAL,2013,9,13
CAL,CAL,2013,9,14
CAL,CAL,2013,9,15
CAL,CAL,2013,9,20
CAL,CAL,2013,9,21
CAL,CAL,2013,9,22
CAL,CAL,2013,9,27
CAL,CAL,2013,9,28
CAL,CAL,2013,9,29
CAL,CAL,2013,10,4
CAL,CAL,2013,10,5
CAL,CAL,2013,10,6
CAL,CAL,2013,10,11
CAL,CAL,2013,10,12
CAL,CAL,2013,10,13
CAL,CAL,2013,10,18
CAL,CAL,2013,10,19
CAL,CAL,2013,10,20
CAL,CAL,2013,10,25
CAL,CAL,2013,10,26
CAL,CAL,2013,10,27
CAL,CAL,2013,11,1
CAL,CAL,2013,11,2
CAL,CAL,2013,11,3
CAL,CAL,2013,11,8
CAL,CAL,2013,11,9
CAL,CAL,2013,11,10
CAL,CAL,2013,11,15
CAL,CAL,2013,11,16
CAL,CAL,2013,11,17
CAL,CAL,2013,11,22
CAL,CAL,2013,11,23
CAL,CAL,2013,11,24
CAL,CAL,2013,11,28
CAL,CAL,2013,11,29
CAL,CAL,2013,11,30
CAL,CAL,2013,12,1
CAL,CAL,2013,12,6
CAL,CAL,2013,12,7
CAL,CAL,2013,12,8
CAL,CAL,2013,12,13
CAL,CAL,2013,12,14
CAL,CAL,2013,12,15
CAL,CAL,2013,12,20
CAL,CAL,2013,12,21
CAL,CAL,2013,12,22
CAL,CAL,2013,12,27
CAL,CAL,2013,12,28
CAL,CAL,2013,12,29
CAL,CAL,2014,1,3
CAL,CAL,2014,1,4
CAL,CAL,2014,1,5
CAL,CAL,2014,1,10
CAL,CAL,2014,1,11
CAL,CAL,2014,1,12
CAL,CAL,2014,1,17
CAL,CAL,2014,1,18
CAL,CAL,2014,1,19
CAL,CAL,2014,1,24
CAL,CAL,2014,1,25
CAL,CAL,2014,1,26
CAL,CAL,2014,1,31
CAL,CAL,2014,2,1
CAL,CAL,2014,2,2
CAL,CAL,2014,2,7
CAL,CAL,2014,2,8
CAL,CAL,2014,2,9
CAL,CAL,2014,2,14
CAL,CAL,2014,2,15
CAL,CAL,2014,2,16
CAL,CAL,2014,2,21
CAL,CAL,2014,2,22
CAL,CAL,2014,2,23
CAL,CAL,2014,2,28
CAL,CAL,2014,3,1
CAL,CAL,2014,3,2
CAL,CAL,2014,3,7
CAL,CAL,2014,3,8
CAL,CAL,2014,3,9
CAL,CAL,2014,3,14
CAL,CAL,2014,3,15
CAL,CAL,2014,3,16
CAL,CAL,2014,3,21
CAL,CAL,2014,3,22
CAL,CAL,2014,3,23
CAL,CAL,2014,3,28
CAL,CAL,2014,3,29
CAL,CAL,2014,3,30
CAL,CAL,2014,4,4
CAL,CAL,2014,4,5
CAL,CAL,2014,4,6
CAL,CAL,2014,4,11
CAL,CAL,2014,4,12
CAL,CAL,2014,4,13
CAL,CAL,2014,4,18
CAL,CAL,2014,4,19
CAL,CAL,2014,4,20
CAL,CAL,2014,4,25
CAL,CAL,2014,4,26
CAL,CAL,2014,4,27
CAL,CAL,2014,5,2
CAL,CAL,2014,5,3
CAL,CAL,2014,5,4
CAL,CAL,2014,5,9
CAL,CAL,2014,5,10
CAL,CAL,2014,5,11
CAL,CAL,2014,5,16
CAL,CAL,2014,5,17
CAL,CAL,2014,5,18
CAL,CAL,2014,5,23
CAL,CAL,2014,5,24
CAL,CAL,2014,5,25
CAL,CAL,2014,5,26
CAL,CAL,2014,5,30
CAL,CAL,2014,5,31
CAL,CAL,2014,6,1
CAL,CAL,2014,6,6
CAL,CAL,2014,6,7
CAL,CAL,2014,6,8
CAL,CAL,2014,6,13
CAL,CAL,2014,6,14
CAL,CAL,2014,6,15
CAL,CAL,2014,6,20
CAL,CAL,2014,6,21
CAL,CAL,2014,6,22
CAL,CAL,2014,6,27
CAL,CAL,2014,6,28
CAL,CAL,2014,6,29
CAN,CAN,1999,5,15
CAN,CAN,1999,5,16
CAN,CAN,1999,5,22
CAN,CAN,1999,5,23
CAN,CAN,1999,5,30
CAN,CAN,1999,6,3
CAN,CAN,1999,6,10
CAN,CAN,1999,6,12
CAN,CAN,1999,6,13
CAN,CAN,1999,6,17
CAN,CAN,1999,6,19
CAN,CAN,1999,6,24
CAN,CAN,1999,6,28
CAN,CAN,1999,7,4
CAN,CAN,1999,7,8
CAN,CAN,1999,7,11
CAN,CAN,1999,7,18
CAN,CAN,1999,7,22
CAN,CAN,1999,7,24
CAN,CAN,1999,7,25
CAN,CAN,1999,7,29
CAN,CAN,1999,8,1
CAN,CAN,1999,8,5
CAN,CAN,1999,8,8
CAN,CAN,1999,8,19
CAN,CAN,1999,8,22
CAN,CAN,2000,5,20
CAN,CAN,2000,6,1
CAN,CAN,2000,6,8
CAN,CAN,2000,6,29
CAN,CAN,2000,7,1
CAN,CAN,2000,7,8
CAN,CAN,2000,7,13
CAN,CAN,2000,7,20
CAN,CAN,2000,7,23
CAN,CAN,2000,7,27
CAN,CAN,2000,7,30
CAN,CAN,2000,8,3
CAN,CAN,2000,8,10
CAN,CAN,2000,8,17
CAN,CAN,2001,5,20
CAN,CAN,2001,5,25
CAN,CAN,2001,5,26
CAN,CAN,2001,5,27
CAN,CAN,2001,6,2
CAN,CAN,2001,6,3
CAN,CAN,2001,6,7
CAN,CAN,2001,6,14
CAN,CAN,2001,6,16
CAN,CAN,2001,6,17
CAN,CAN,2001,6,21
CAN,CAN,2001,6,22
CAN,CAN,2001,6,23
CAN,CAN,2001,6,24
CAN,CAN,2001,6,28
CAN,CAN,2001,6,30
CAN,CAN,2001,7,1
CAN,CAN,2001,7,4
CAN,CAN,2001,7,7
CAN,CAN,2001,7,8
CAN,CAN,2001,7,13
CAN,CAN,2001,7,14
CAN,CAN,2001,7,15
CAN,CAN,2001,7,19
CAN,CAN,2001,7,20
CAN,CAN,2001,7,21
CAN,CAN,2001,7,28
CAN,CAN,2001,8,9
CAN,CAN,2001,8,10
CAN,CAN,2001,8,11
CAN,CAN,2001,8,12
CAN,CAN,2001,8,17
CAN,CAN,2001,8,18
CAN,CAN,2001,8,19
CAN,CAN,2001,8,24
CAN,CAN,2001,8,25
CAN,CAN,2001,8,26
CAN,CAN,2001,9,1
CAN,CAN,2001,9,2
CAN,CAN,2001,9,3
CAN,CAN,2002,5,17
CAN,CAN,2002,5,18
CAN,CAN,2002,5,19
CAN,CAN,2002,5,24
CAN,CAN,2002,5,25
CAN,CAN,2002,5,26
CAN,CAN,2002,5,27
CAN,CAN,2002,5,31
CAN,CAN,2002,6,1
CAN,CAN,2002,6,2
CAN,CAN,2002,6,6
CAN,CAN,2002,6,7
CAN,CAN,2002,6,8
CAN,CAN,2002,6,9
CAN,CAN,2002,6,13
CAN,CAN,2002,6,14
CAN,CAN,2002,6,15
CAN,CAN,2002,6,16
CAN,CAN,2002,6,21
CAN,CAN,2002,6,22
CAN,CAN,2002,6,23
CAN,CAN,2002,6,27
CAN,CAN,2002,6,28
CAN,CAN,2002,6,29
CAN,CAN,2002,6,30
CAN,CAN,2002,7,4
CAN,CAN,2002,7,5
CAN,CAN,2002,7,6
CAN,CAN,2002,7,7
CAN,CAN,2002,7,11
CAN,CAN,2002,7,12
CAN,CAN,2002,7,13
CAN,CAN,2002,7,14
CAN,CAN,2002,7,18
CAN,CAN,2002,7,19
CAN,CAN,2002,7,20
CAN,CAN,2002,7,21
CAN,CAN,2002,7,25
CAN,CAN,2002,7,26
CAN,CAN,2002,7,27
CAN,CAN,2002,7,28
CAN,CAN,2002,8,1
CAN,CAN,2002,8,2
CAN,CAN,2002,8,3
CAN,CAN,2002,8,4
CAN,CAN,2002,8,8
CAN,CAN,2002,8,9
CAN,CAN,2002,8,10
CAN,CAN,2002,8,11
CAN,CAN,2002,8,15
CAN,CAN,2002,8,16
CAN,CAN,2002,8,17
CAN,CAN,2002,8,18
CAN,CAN,2002,8,22
CAN,CAN,2002,8,23
CAN,CAN,2002,8,24
CAN,CAN,2002,8,25
CAN,CAN,2002,8,30
CAN,CAN,2002,8,31
CAN,CAN,2002,9,1
CAN,CAN,2003,5,16
CAN,CAN,2003,5,17
CAN,CAN,2003,5,18
CAN,CAN,2003,5,23
CAN,CAN,2003,5,24
CAN,CAN,2003,5,25
CAN,CAN,2003,5,26
CAN,CAN,2003,5,30
CAN,CAN,2003,5,31
CAN,CAN,2003,6,1
CAN,CAN,2003,6,5
CAN,CAN,2003,6,6
CAN,CAN,2003,6,7
CAN,CAN,2003,6,8
CAN,CAN,2003,6,12
CAN,CAN,2003,6,13
CAN,CAN,2003,6,14
CAN,CAN,2003,6,15
CAN,CAN,2003,6,19
CAN,CAN,2003,6,20
CAN,CAN,2003,6,21
CAN,CAN,2003,6,22
CAN,CAN,2003,6,26
CAN,CAN,2003,6,27
CAN,CAN,2003,6,28
CAN,CAN,2003,6,29
CAN,CAN,2003,7,3
CAN,CAN,2003,7,4
CAN,CAN,2003,7,5
CAN,CAN,2003,7,6
CAN,CAN,2003,7,10
CAN,CAN,2003,7,11
CAN,CAN,2003,7,12
CAN,CAN,2003,7,13
CAN,CAN,2003,7,17
CAN,CAN,2003,7,18
CAN,CAN,2003,7,19
CAN,CAN,2003,7,20
CAN,CAN,2003,7,24
CAN,CAN,2003,7,25
CAN,CAN,2003,7,26
CAN,CAN,2003,7,27
CAN,CAN,2003,7,31
CAN,CAN,2003,8,1
CAN,CAN,2003,8,2
CAN,CAN,2003,8,3
CAN,CAN,2003,8,7
CAN,CAN,2003,8,8
CAN,CAN,2003,8,9
CAN,CAN,2003,8,10
CAN,CAN,2003,8,14
CAN,CAN,2003,8,15
CAN,CAN,2003,8,16
CAN,CAN,2003,8,17
CAN,CAN,2003,8,21
CAN,CAN,2003,8,22
CAN,CAN,2003,8,23
CAN,CAN,2003,8,24
CAN,CAN,2003,8,28
CAN,CAN,2003,8,29
CAN,CAN,2003,8,30
CAN,CAN,2003,8,31
CAN,CAN,2003,9,1
CAN,CAN,2004,5,14
CAN,CAN,2004,5,15
CAN,CAN,2004,5,16
CAN,CAN,2004,5,21
CAN,CAN,2004,5,22
CAN,CAN,2004,5,23
CAN,CAN,2004,5,28
CAN,CAN,2004,5,29
CAN,CAN,2004,5,30
CAN,CAN,2004,5,31
CAN,CAN,2004,6,3
CAN,CAN,2004,6,4
CAN,CAN,2004,6,5
CAN,CAN,2004,6,6
CAN,CAN,2004,6,10
CAN,CAN,2004,6,11
CAN,CAN,2004,6,12
CAN,CAN,2004,6,13
CAN,CAN,2004,6,17
CAN,CAN,2004,6,18
CAN,CAN,2004,6,19
CAN,CAN,2004,6,20
CAN,CAN,2004,6,24
CAN,CAN,2004,6,25
CAN,CAN,2004,6,26
CAN,CAN,2004,6,27
CAN,CAN,2004,7,1
CAN,CAN,2004,7,2
CAN,CAN,2004,7,3
CAN,CAN,2004,7,4
CAN,CAN,2004,7,5
CAN,CAN,2004,7,8
CAN,CAN,2004,7,9
CAN,CAN,2004,7,10
CAN,CAN,2004,7,11
CAN,CAN,2004,7,15
CAN,CAN,2004,7,16
CAN,CAN,2004,7,17
CAN,CAN,2004,7,18
CAN,CAN,2004,7,22
CAN,CAN,2004,7,23
CAN,CAN,2004,7,24
CAN,CAN,2004,7,25
CAN,CAN,2004,7,29
CAN,CAN,2004,7,30
CAN,CAN,2004,7,31
CAN,CAN,2004,8,5
CAN,CAN,2004,8,6
CAN,CAN,2004,8,7
CAN,CAN,2004,8,8
CAN,CAN,2004,8,12
CAN,CAN,2004,8,13
CAN,CAN,2004,8,14
CAN,CAN,2004,8,15
CAN,CAN,2004,8,19
CAN,CAN,2004,8,20
CAN,CAN,2004,8,21
CAN,CAN,2004,8,22
CAN,CAN,2004,8,26
CAN,CAN,2004,8,27
CAN,CAN,2004,8,28
CAN,CAN,2004,8,29
CAN,CAN,2004,9,2
CAN,CAN,2004,9,3
CAN,CAN,2004,9,4
CAN,CAN,2004,9,5
CAN,CAN,2004,9,6
CAN,CAN,2005,5,7
CAN,CAN,2005,5,8
CAN,CAN,2005,5,14
CAN,CAN,2005,5,15
CAN,CAN,2005,5,20
CAN,CAN,2005,5,21
CAN,CAN,2005,5,22
CAN,CAN,2005,5,27
CAN,CAN,2005,5,28
CAN,CAN,2005,5,29
CAN,CAN,2005,5,30
CAN,CAN,2005,6,2
CAN,CAN,2005,6,3
CAN,CAN,2005,6,4
CAN,CAN,2005,6,5
CAN,CAN,2005,6,9
CAN,CAN,2005,6,10
CAN,CAN,2005,6,11
CAN,CAN,2005,6,12
CAN,CAN,2005,6,16
CAN,CAN,2005,6,17
CAN,CAN,2005,6,18
CAN,CAN,2005,6,19
CAN,CAN,2005,6,23
CAN,CAN,2005,6,24
CAN,CAN,2005,6,25
CAN,CAN,2005,6,26
CAN,CAN,2005,6,30
CAN,CAN,2005,7,1
CAN,CAN,2005,7,2
CAN,CAN,2005,7,3
CAN,CAN,2005,7,4
CAN,CAN,2005,7,7
CAN,CAN,2005,7,8
CAN,CAN,2005,7,9
CAN,CAN,2005,7,10
CAN,CAN,2005,7,14
CAN,CAN,2005,7,15
CAN,CAN,2005,7,16
CAN,CAN,2005,7,17
CAN,CAN,2005,7,21
CAN,CAN,2005,7,22
CAN,CAN,2005,7,23
CAN,CAN,2005,7,24
CAN,CAN,2005,7,28
CAN,CAN,2005,7,29
CAN,CAN,2005,7,30
CAN,CAN,2005,7,31
CAN,CAN,2005,8,4
CAN,CAN,2005,8,5
CAN,CAN,2005,8,6
CAN,CAN,2005,8,7
CAN,CAN,2005,8,11
CAN,CAN,2005,8,12
CAN,CAN,2005,8,13
CAN,CAN,2005,8,14
CAN,CAN,2005,8,18
CAN,CAN,2005,8,19
CAN,CAN,2005,8,20
CAN,CAN,2005,8,21
CAN,CAN,2005,8,25
CAN,CAN,2005,8,26
CAN,CAN,2005,8,27
CAN,CAN,2005,8,28
CAN,CAN,2005,9,1
CAN,CAN,2005,9,2
CAN,CAN,2005,9,3
CAN,CAN,2005,9,5
CAN,CAN,2006,5,6
CAN,CAN,2006,5,7
CAN,CAN,2006,5,13
CAN,CAN,2006,5,14
CAN,CAN,2006,5,19
CAN,CAN,2006,5,20
CAN,CAN,2006,5,21
CAN,CAN,2006,5,26
CAN,CAN,2006,5,27
CAN,CAN,2006,5,28
CAN,CAN,2006,5,29
CAN,CAN,2006,6,1
CAN,CAN,2006,6,2
CAN,CAN,2006,6,3
CAN,CAN,2006,6,4
CAN,CAN,2006,6,8
CAN,CAN,2006,6,9
CAN,CAN,2006,6,10
CAN,CAN,2006,6,11
CAN,CAN,2006,6,15
CAN,CAN,2006,6,16
CAN,CAN,2006,6,17
CAN,CAN,2006,6,18
CAN,CAN,2006,6,22
CAN,CAN,2006,6,23
CAN,CAN,2006,6,24
CAN,CAN,2006,6,25
CAN,CAN,2006,6,29
CAN,CAN,2006,6,30
CAN,CAN,2006,7,1
CAN,CAN,2006,7,2
CAN,CAN,2006,7,3
CAN,CAN,2006,7,4
CAN,CAN,2006,7,7
CAN,CAN,2006,7,8
CAN,CAN,2006,7,9
CAN,CAN,2006,7,13
CAN,CAN,2006,7,14
CAN,CAN,2006,7,15
CAN,CAN,2006,7,16
CAN,CAN,2006,7,20
CAN,CAN,2006,7,21
CAN,CAN,2006,7,22
CAN,CAN,2006,7,23
CAN,CAN,2006,7,27
CAN,CAN,2006,7,28
CAN,CAN,2006,7,29
CAN,CAN,2006,7,30
CAN,CAN,2006,8,3
CAN,CAN,2006,8,4
CAN,CAN,2006,8,5
CAN,CAN,2006,8,6
CAN,CAN,2006,8,10
CAN,CAN,2006,8,11
CAN,CAN,2006,8,12
CAN,CAN,2006,8,13
CAN,CAN,2006,8,17
CAN,CAN,2006,8,18
CAN,CAN,2006,8,19
CAN,CAN,2006,8,20
CAN,CAN,2006,8,24
CAN,CAN,2006,8,25
CAN,CAN,2006,8,26
CAN,CAN,2006,8,27
CAN,CAN,2006,8,31
CAN,CAN,2006,9,1
CAN,CAN,2006,9,2
CAN,CAN,2006,9,3
CAN,CAN,2006,9,4
CAN,CAN,2007,5,5
CAN,CAN,2007,5,6
CAN,CAN,2007,5,12
CAN,CAN,2007,5,13
CAN,CAN,2007,5,18
CAN,CAN,2007,5,19
CAN,CAN,2007,5,20
CAN,CAN,2007,5,25
CAN,CAN,2007,5,26
CAN,CAN,2007,5,27
CAN,CAN,2007,5,28
CAN,CAN,2007,6,1
CAN,CAN,2007,6,2
CAN,CAN,2007,6,3
CAN,CAN,2007,6,7
CAN,CAN,2007,6,8
CAN,CAN,2007,6,9
CAN,CAN,2007,6,10
CAN,CAN,2007,6,14
CAN,CAN,2007,6,15
CAN,CAN,2007,6,16
CAN,CAN,2007,6,17
CAN,CAN,2007,6,21
CAN,CAN,2007,6,22
CAN,CAN,2007,6,23
CAN,CAN,2007,6,24
CAN,CAN,2007,6,28
CAN,CAN,2007,6,29
CAN,CAN,2007,6,30
CAN,CAN,2007,7,1
CAN,CAN,2007,7,3
CAN,CAN,2007,7,4
CAN,CAN,2007,7,6
CAN,CAN,2007,7,7
CAN,CAN,2007,7,8
CAN,CAN,2007,7,12
CAN,CAN,2007,7,13
CAN,CAN,2007,7,14
CAN,CAN,2007,7,15
CAN,CAN,2007,7,19
CAN,CAN,2007,7,20
CAN,CAN,2007,7,21
CAN,CAN,2007,7,22
CAN,CAN,2007,7,26
CAN,CAN,2007,7,27
CAN,CAN,2007,7,28
CAN,CAN,2007,7,29
CAN,CAN,2007,8,2
CAN,CAN,2007,8,3
CAN,CAN,2007,8,4
CAN,CAN,2007,8,5
CAN,CAN,2007,8,9
CAN,CAN,2007,8,10
CAN,CAN,2007,8,11
CAN,CAN,2007,8,12
CAN,CAN,2007,8,16
CAN,CAN,2007,8,17
CAN,CAN,2007,8,18
CAN,CAN,2007,8,19
CAN,CAN,2007,8,23
CAN,CAN,2007,8,24
CAN,CAN,2007,8,25
CAN,CAN,2007,8,26
CAN,CAN,2007,8,30
CAN,CAN,2007,8,31
CAN,CAN,2007,9,1
CAN,CAN,2007,9,2
CAN,CAN,2007,9,3
CAN,CAN,2008,5,3
CAN,CAN,2008,5,4
CAN,CAN,2008,5,10
CAN,CAN,2008,5,11
CAN,CAN,2008,5,16
CAN,CAN,2008,5,17
CAN,CAN,2008,5,18
CAN,CAN,2008,5,23
CAN,CAN,2008,5,24
CAN,CAN,2008,5,25
CAN,CAN,2008,5,26
CAN,CAN,2008,5,30
CAN,CAN,2008,5,31
CAN,CAN,2008,6,1
CAN,CAN,2008,6,5
CAN,CAN,2008,6,6
CAN,CAN,2008,6,7
CAN,CAN,2008,6,8
CAN,CAN,2008,6,12
CAN,CAN,2008,6,13
CAN,CAN,2008,6,14
CAN,CAN,2008,6,15
CAN,CAN,2008,6,19
CAN,CAN,2008,6,20
CAN,CAN,2008,6,21
CAN,CAN,2008,6,22
CAN,CAN,2008,6,26
CAN,CAN,2008,6,27
CAN,CAN,2008,6,28
CAN,CAN,2008,6,29
CAN,CAN,2008,7,3
CAN,CAN,2008,7,4
CAN,CAN,2008,7,5
CAN,CAN,2008,7,6
CAN,CAN,2008,7,10
CAN,CAN,2008,7,11
CAN,CAN,2008,7,12
CAN,CAN,2008,7,13
CAN,CAN,2008,7,17
CAN,CAN,2008,7,18
CAN,CAN,2008,7,19
CAN,CAN,2008,7,20
CAN,CAN,2008,7,24
CAN,CAN,2008,7,25
CAN,CAN,2008,7,26
CAN,CAN,2008,7,27
CAN,CAN,2008,7,31
CAN,CAN,2008,8,1
CAN,CAN,2008,8,2
CAN,CAN,2008,8,3
CAN,CAN,2008,8,7
CAN,CAN,2008,8,8
CAN,CAN,2008,8,9
CAN,CAN,2008,8,10
CAN,CAN,2008,8,14
CAN,CAN,2008,8,15
CAN,CAN,2008,8,16
CAN,CAN,2008,8,17
CAN,CAN,2008,8,21
CAN,CAN,2008,8,22
CAN,CAN,2008,8,23
CAN,CAN,2008,8,24
CAN,CAN,2008,8,28
CAN,CAN,2008,8,29
CAN,CAN,2008,8,30
CAN,CAN,2008,8,31
CAN,CAN,2008,9,1
CAN,CAN,2009,5,15
CAN,CAN,2009,5,16
CAN,CAN,2009,5,17
CAN,CAN,2009,5,22
CAN,CAN,2009,5,23
CAN,CAN,2009,5,24
CAN,CAN,2009,5,25
CAN,CAN,2009,5,29
CAN,CAN,2009,5,30
CAN,CAN,2009,5,31
CAN,CAN,2009,6,4
CAN,CAN,2009,6,5
CAN,CAN,2009,6,6
CAN,CAN,2009,6,7
CAN,CAN,2009,6,11
CAN,CAN,2009,6,12
CAN,CAN,2009,6,13
CAN,CAN,2009,6,14
CAN,CAN,2009,6,18
CAN,CAN,2009,6,19
CAN,CAN,2009,6,20
CAN,CAN,2009,6,21
CAN,CAN,2009,6,25
CAN,CAN,2009,6,26
CAN,CAN,2009,6,27
CAN,CAN,2009,6,28
CAN,CAN,2009,7,2
CAN,CAN,2009,7,3
CAN,CAN,2009,7,4
CAN,CAN,2009,7,5
CAN,CAN,2009,7,9
CAN,CAN,2009,7,10
CAN,CAN,2009,7,11
CAN,CAN,2009,7,12
CAN,CAN,2009,7,16
CAN,CAN,2009,7,17
CAN,CAN,2009,7,18
CAN,CAN,2009,7,19
CAN,CAN,2009,7,23
CAN,CAN,2009,7,24
CAN,CAN,2009,7,25
CAN,CAN,2009,7,26
CAN,CAN,2009,7,30
CAN,CAN,2009,7,31
CAN,CAN,2009,8,1
CAN,CAN,2009,8,2
CAN,CAN,2009,8,6
CAN,CAN,2009,8,7
CAN,CAN,2009,8,8
CAN,CAN,2009,8,9
CAN,CAN,2009,8,13
CAN,CAN,2009,8,14
CAN,CAN,2009,8,15
CAN,CAN,2009,8,16
CAN,CAN,2009,8,20
CAN,CAN,2009,8,21
CAN,CAN,2009,8,22
CAN,CAN,2009,8,23
CAN,CAN,2009,8,27
CAN,CAN,2009,8,28
CAN,CAN,2009,8,29
CAN,CAN,2009,8,30
CAN,CAN,2010,5,14
CAN,CAN,2010,5,15
CAN,CAN,2010,5,16
CAN,CAN,2010,5,21
CAN,CAN,2010,5,22
CAN,CAN,2010,5,23
CAN,CAN,2010,5,28
CAN,CAN,2010,5,29
CAN,CAN,2010,5,30
CAN,CAN,2010,5,31
CAN,CAN,2010,6,3
CAN,CAN,2010,6,4
CAN,CAN,2010,6,5
CAN,CAN,2010,6,6
CAN,CAN,2010,6,10
CAN,CAN,2010,6,11
CAN,CAN,2010,6,12
CAN,CAN,2010,6,13
CAN,CAN,2010,6,17
CAN,CAN,2010,6,18
CAN,CAN,2010,6,19
CAN,CAN,2010,6,20
CAN,CAN,2010,6,24
CAN,CAN,2010,6,26
CAN,CAN,2010,6,27
CAN,CAN,2010,7,1
CAN,CAN,2010,7,2
CAN,CAN,2010,7,3
CAN,CAN,2010,7,4
CAN,CAN,2010,7,5
CAN,CAN,2010,7,8
CAN,CAN,2010,7,9
CAN,CAN,2010,7,10
CAN,CAN,2010,7,11
CAN,CAN,2010,7,15
CAN,CAN,2010,7,16
CAN,CAN,2010,7,17
CAN,CAN,2010,7,18
CAN,CAN,2010,7,22
CAN,CAN,2010,7,23
CAN,CAN,2010,7,24
CAN,CAN,2010,7,25
CAN,CAN,2010,7,29
CAN,CAN,2010,7,30
CAN,CAN,2010,7,31
CAN,CAN,2010,8,1
CAN,CAN,2010,8,5
CAN,CAN,2010,8,6
CAN,CAN,2010,8,7
CAN,CAN,2010,8,8
CAN,CAN,2010,8,12
CAN,CAN,2010,8,13
CAN,CAN,2010,8,14
CAN,CAN,2010,8,15
CAN,CAN,2010,8,19
CAN,CAN,2010,8,20
CAN,CAN,2010,8,21
CAN,CAN,2010,8,22
CAN,CAN,2010,8,26
CAN,CAN,2010,8,27
CAN,CAN,2010,8,28
CAN,CAN,2010,8,29
CAN,CAN,2011,5,20
CAN,CAN,2011,5,21
CAN,CAN,2011,5,22
CAN,CAN,2011,5,27
CAN,CAN,2011,5,28
CAN,CAN,2011,5,29
CAN,CAN,2011,5,30
CAN,CAN,2011,6,3
CAN,CAN,2011,6,4
CAN,CAN,2011,6,5
CAN,CAN,2011,6,10
CAN,CAN,2011,6,11
CAN,CAN,2011,6,12
CAN,CAN,2011,6,16
CAN,CAN,2011,6,17
CAN,CAN,2011,6,18
CAN,CAN,2011,6,19
CAN,CAN,2011,6,23
CAN,CAN,2011,6,24
CAN,CAN,2011,6,25
CAN,CAN,2011,6,26
CAN,CAN,2011,6,30
CAN,CAN,2011,7,21
CAN,CAN,2011,7,22
CAN,CAN,2011,7,23
CAN,CAN,2011,7,24
CAN,CAN,2011,7,28
CAN,CAN,2011,7,29
CAN,CAN,2011,7,30
CAN,CAN,2011,7,31
CAN,CAN,2011,8,3
CAN,CAN,2011,8,4
CAN,CAN,2011,8,5
CAN,CAN,2011,8,6
CAN,CAN,2011,8,7
CAN,CAN,2011,8,11
CAN,CAN,2011,8,12
CAN,CAN,2011,8,13
CAN,CAN,2011,8,14
CAN,CAN,2011,8,18
CAN,CAN,2011,8,19
CAN,CAN,2011,8,20
CAN,CAN,2011,8,21
CAN,CAN,2011,8,25
CAN,CAN,2011,8,26
CAN,CAN,2011,8,27
CAN,CAN,2011,8,28
CAN,CAN,2011,9,1
CAN,CAN,2011,9,2
CAN,CAN,2011,9,3
CAN,CAN,2011,9,4
CAN,CAN,2011,9,5
CAN,CAN,2011,9,8
CAN,CAN,2011,9,9
CAN,CAN,2011,9,10
CAN,CAN,2011,9,11
CAN,CAN,2012,5,18
CAN,CAN,2012,5,19
CAN,CAN,2012,5,20
CAN,CAN,2012,5,25
CAN,CAN,2012,5,26
CAN,CAN,2012,5,27
CAN,CAN,2012,5,28
CAN,CAN,2012,6,1
CAN,CAN,2012,6,2
CAN,CAN,2012,6,3
CAN,CAN,2012,6,8
CAN,CAN,2012,6,9
CAN,CAN,2012,6,10
CAN,CAN,2012,6,14
CAN,CAN,2012,6,15
CAN,CAN,2012,6,16
CAN,CAN,2012,6,17
CAN,CAN,2012,6,21
CAN,CAN,2012,6,22
CAN,CAN,2012,6,23
CAN,CAN,2012,6,24
CAN,CAN,2012,6,28
CAN,CAN,2012,6,29
CAN,CAN,2012,6,30
CAN,CAN,2012,7,1
CAN,CAN,2012,7,3
CAN,CAN,2012,7,5
CAN,CAN,2012,7,6
CAN,CAN,2012,7,7
CAN,CAN,2012,7,12
CAN,CAN,2012,7,13
CAN,CAN,2012,7,14
CAN,CAN,2012,7,15
CAN,CAN,2012,7,19
CAN,CAN,2012,7,20
CAN,CAN,2012,7,21
CAN,CAN,2012,7,22
CAN,CAN,2012,7,26
CAN,CAN,2012,7,27
CAN,CAN,2012,7,28
CAN,CAN,2012,7,29
CAN,CAN,2012,8,2
CAN,CAN,2012,8,3
CAN,CAN,2012,8,4
CAN,CAN,2012,8,5
CAN,CAN,2012,8,9
CAN,CAN,2012,8,10
CAN,CAN,2012,8,11
CAN,CAN,2012,8,12
CAN,CAN,2012,8,16
CAN,CAN,2012,8,17
CAN,CAN,2012,8,18
CAN,CAN,2012,8,19
CAN,CAN,2012,8,23
CAN,CAN,2012,8,24
CAN,CAN,2012,8,25
CAN,CAN,2012,8,26
CAN,CAN,2012,8,30
CAN,CAN,2012,8,31
CAN,CAN,2012,9,1
CAN,CAN,2012,9,2
CAN,CAN,2012,9,3
CAN,CAN,2013,5,17
CAN,CAN,2013,5,18
CAN,CAN,2013,5,19
CAN,CAN,2013,5,24
CAN,CAN,2013,5,25
CAN,CAN,2013,5,26
CAN,CAN,2013,5,27
CAN,CAN,2013,5,31
CAN,CAN,2013,6,1
CAN,CAN,2013,6,2
CAN,CAN,2013,6,7
CAN,CAN,2013,6,8
CAN,CAN,2013,6,9
CAN,CAN,2013,6,13
CAN,CAN,2013,6,14
CAN,CAN,2013,6,15
CAN,CAN,2013,6,16
CAN,CAN,2013,6,20
CAN,CAN,2013,6,21
CAN,CAN,2013,6,22
CAN,CAN,2013,6,23
CAN,CAN,2013,6,27
CAN,CAN,2013,6,28
CAN,CAN,2013,6,29
CAN,CAN,2013,6,30
CAN,CAN,2013,7,3
CAN,CAN,2013,7,4
CAN,CAN,2013,7,5
CAN,CAN,2013,7,6
CAN,CAN,2013,7,7
CAN,CAN,2013,7,11
CAN,CAN,2013,7,12
CAN,CAN,2013,7,13
CAN,CAN,2013,7,14
CAN,CAN,2013,7,18
CAN,CAN,2013,7,19
CAN,CAN,2013,7,20
CAN,CAN,2013,7,21
CAN,CAN,2013,7,25
CAN,CAN,2013,7,26
CAN,CAN,2013,7,27
CAN,CAN,2013,7,28
CAN,CAN,2013,8,1
CAN,CAN,2013,8,2
CAN,CAN,2013,8,3
CAN,CAN,2013,8,4
CAN,CAN,2013,8,8
CAN,CAN,2013,8,9
CAN,CAN,2013,8,10
CAN,CAN,2013,8,11
CAN,CAN,2013,8,15
CAN,CAN,2013,8,16
CAN,CAN,2013,8,17
CAN,CAN,2013,8,18
CAN,CAN,2013,8,22
CAN,CAN,2013,8,23
CAN,CAN,2013,8,24
CAN,CAN,2013,8,25
CAN,CAN,2013,8,29
CAN,CAN,2013,8,30
CAN,CAN,2013,8,31
CAN,CAN,2013,9,1
CAN,CAN,2013,9,2
CAN,CAN,2013,9,5
CAN,CAN,2013,9,6
CAN,CAN,2013,9,7
CAN,CAN,2013,9,12
CAN,CAN,2013,9,13
CAN,CAN,2013,9,14
CAN,CAN,2014,5,16
CAN,CAN,2014,5,17
CAN,CAN,2014,5,18
CAN,CAN,2014,5,23
CAN,CAN,2014,5,24
CAN,CAN,2014,5,25
CAN,CAN,2014,5,26
CAN,CAN,2014,5,30
CAN,CAN,2014,5,31
CAN,CAN,2014,6,1
CAN,CAN,2014,6,5
CAN,CAN,2014,6,6
CAN,CAN,2014,6,7
CAN,CAN,2014,6,8
CAN,CAN,2014,6,12
CAN,CAN,2014,6,13
CAN,CAN,2014,6,14
CAN,CAN,2014,6,15
CAN,CAN,2014,6,20
CAN,CAN,2014,6,21
CAN,CAN,2014,6,22
CAN,CAN,2014,6,26
CAN,CAN,2014,6,27
CAN,CAN,2014,6,28
CAN,CAN,2014,6,29
CAN,CAN,2014,7,3
CAN,CAN,2014,7,4
CAN,CAN,2014,7,5
CAN,CAN,2014,7,6
CAN,CAN,2014,7,10
CAN,CAN,2014,7,11
CAN,CAN,2014,7,12
CAN,CAN,2014,7,13
CAN,CAN,2014,7,17
CAN,CAN,2014,7,18
CAN,CAN,2014,7,19
CAN,CAN,2014,7,20
CAN,CAN,2014,7,24
CAN,CAN,2014,7,25
CAN,CAN,2014,7,26
CAN,CAN,2014,7,27
CAN,CAN,2014,7,31
CAN,CAN,2014,8,1
CAN,CAN,2014,8,2
CAN,CAN,2014,8,3
CAN,CAN,2014,8,7
CAN,CAN,2014,8,8
CAN,CAN,2014,8,9
CAN,CAN,2014,8,10
CAN,CAN,2014,8,14
CAN,CAN,2014,8,15
CAN,CAN,2014,8,16
CAN,CAN,2014,8,17
CAN,CAN,2014,8,21
CAN,CAN,2014,8,22
CAN,CAN,2014,8,23
CAN,CAN,2014,8,24
CAN,CAN,2014,8,28
CAN,CAN,2014,8,29
CAN,CAN,2014,8,30
CAN,CAN,2014,8,31
CAN,CAN,2014,9,1
CAN,CAN,2014,9,4
CAN,CAN,2014,9,5
CAN,CAN,2014,9,6
CAN,CAN,2014,9,11
CAN,CAN,2014,9,12
CAN,CAN,2014,9,13
CAN,CAN,2015,5,15
CAN,CAN,2015,5,16
CAN,CAN,2015,5,17
CAN,CAN,2015,5,22
CAN,CAN,2015,5,23
CAN,CAN,2015,5,24
CAN,CAN,2015,5,25
CAN,CAN,2015,5,29
CAN,CAN,2015,5,30
CAN,CAN,2015,5,31
CAN,CAN,2015,6,4
CAN,CAN,2015,6,5
CAN,CAN,2015,6,6
CAN,CAN,2015,6,7
CAN,CAN,2015,6,11
CAN,CAN,2015,6,12
CAN,CAN,2015,6,13
CAN,CAN,2015,6,14
CAN,CAN,2015,6,18
CAN,CAN,2015,6,19
CAN,CAN,2015,6,20
CAN,CAN,2015,6,21
CAN,CAN,2015,6,25
CAN,CAN,2015,6,26
CAN,CAN,2015,6,27
CAN,CAN,2015,6,28
CAN,CAN,2015,7,2
CAN,CAN,2015,7,3
CAN,CAN,2015,7,4
CAN,CAN,2015,7,5
CAN,CAN,2015,7,9
CAN,CAN,2015,7,10
CAN,CAN,2015,7,11
CAN,CAN,2015,7,12
CAN,CAN,2015,7,16
CAN,CAN,2015,7,17
CAN,CAN,2015,7,18
CAN,CAN,2015,7,19
CAN,CAN,2015,7,23
CAN,CAN,2015,7,24
CAN,CAN,2015,7,25
CAN,CAN,2015,7,26
CAN,CAN,2015,7,30
CAN,CAN,2015,7,31
CAN,CAN,2015,8,1
CAN,CAN,2015,8,2
CAN,CAN,2015,8,6
CAN,CAN,2015,8,7
CAN,CAN,2015,8,8
CAN,CAN,2015,8,9
CAN,CAN,2015,8,13
CAN,CAN,2015,8,14
CAN,CAN,2015,8,15
CAN,CAN,2015,8,16
CAN,CAN,2015,8,20
CAN,CAN,2015,8,21
CAN,CAN,2015,8,22
CAN,CAN,2015,8,23
CAN,CAN,2015,8,27
CAN,CAN,2015,8,28
CAN,CAN,2015,8,29
CAN,CAN,2015,8,30
CAN,CAN,2015,9,3
CAN,CAN,2015,9,4
CAN,CAN,2015,9,5
CAN,CAN,2015,9,6
CAN,CAN,2015,9,7
CAN,CAN,2015,9,10
CAN,CAN,2015,9,11
CAN,CAN,2015,9,12
CHU,CHU,1998,11,1
CHU,CHU,1998,11,3
CHU,CHU,1998,11,4
CHU,CHU,1998,11,5
CHU,CHU,1998,11,6
CHU,CHU,1998,11,7
CHU,CHU,1998,11,8
CHU,CHU,1998,11,10
CHU,CHU,1998,11,11
CHU,CHU,1998,11,12
CHU,CHU,1998,11,13
CHU,CHU,1998,11,14
CHU,CHU,1998,11,15
CHU,CHU,1998,11,17
CHU,CHU,1998,11,18
CHU,CHU,1998,11,19
CHU,CHU,1998,11,20
CHU,CHU,1998,11,21
CHU,CHU,1998,11,22
CHU,CHU,1998,11,24
CHU,CHU,1998,11,25
CHU,CHU,1998,11,26
CHU,CHU,1998,11,27
CHU,CHU,1998,11,28
CHU,CHU,1999,4,24
CHU,CHU,1999,4,25
CHU,CHU,1999,4,28
CHU,CHU,1999,4,29
CHU,CHU,1999,4,30
CHU,CHU,1999,5,1
CHU,CHU,1999,5,5
CHU,CHU,1999,5,6
CHU,CHU,1999,5,7
CHU,CHU,1999,5,8
CHU,CHU,1999,5,9
CHU,CHU,1999,5,12
CHU,CHU,1999,5,13
CHU,CHU,1999,5,14
CHU,CHU,1999,5,15
CHU,CHU,1999,5,16
CHU,CHU,1999,5,19
CHU,CHU,1999,5,20
CHU,CHU,1999,5,22
CHU,CHU,1999,5,23
CHU,CHU,1999,5,26
CHU,CHU,1999,5,27
CHU,CHU,1999,5,28
CHU,CHU,1999,5,29
CHU,CHU,1999,5,30
CHU,CHU,1999,5,31
CHU,CHU,1999,6,3
CHU,CHU,1999,6,4
CHU,CHU,1999,6,5
CHU,CHU,1999,6,6
CHU,CHU,1999,6,10
CHU,CHU,1999,6,11
CHU,CHU,1999,6,12
CHU,CHU,1999,6,13
CHU,CHU,1999,6,16
CHU,CHU,1999,6,17
CHU,CHU,1999,6,18
CHU,CHU,1999,6,19
CHU,CHU,1999,6,23
CHU,CHU,1999,6,24
CHU,CHU,1999,6,25
CHU,CHU,1999,6,26
CHU,CHU,1999,10,31
CHU,CHU,1999,11,2
CHU,CHU,1999,11,3
CHU,CHU,1999,11,4
CHU,CHU,1999,11,5
CHU,CHU,1999,11,6
CHU,CHU,1999,11,7
CHU,CHU,1999,11,10
CHU,CHU,1999,11,11
CHU,CHU,1999,11,12
CHU,CHU,1999,11,13
CHU,CHU,1999,11,14
CHU,CHU,1999,11,16
CHU,CHU,1999,11,18
CHU,CHU,1999,11,19
CHU,CHU,1999,11,23
CHU,CHU,1999,11,24
CHU,CHU,1999,11,25
CHU,CHU,1999,11,26
CHU,CHU,1999,11,27
CHU,CHU,2000,4,29
CHU,CHU,2000,4,30
CHU,CHU,2000,5,2
CHU,CHU,2000,5,3
CHU,CHU,2000,5,4
CHU,CHU,2000,5,5
CHU,CHU,2000,5,6
CHU,CHU,2000,5,11
CHU,CHU,2000,5,14
CHU,CHU,2000,5,17
CHU,CHU,2000,5,18
CHU,CHU,2000,5,19
CHU,CHU,2000,5,20
CHU,CHU,2000,5,21
CHU,CHU,2000,5,24
CHU,CHU,2000,5,25
CHU,CHU,2000,5,26
CHU,CHU,2000,5,27
CHU,CHU,2000,5,28
CHU,CHU,2000,5,29
CHU,CHU,2000,6,1
CHU,CHU,2000,6,2
CHU,CHU,2000,6,3
CHU,CHU,2000,6,4
CHU,CHU,2000,6,7
CHU,CHU,2000,6,8
CHU,CHU,2000,6,9
CHU,CHU,2000,6,10
CHU,CHU,2000,6,11
CHU,CHU,2000,6,14
CHU,CHU,2000,7,7
CHU,CHU,2000,7,8
CHU,CHU,2000,10,29
CHU,CHU,2000,10,31
CHU,CHU,2000,11,1
CHU,CHU,2000,11,2
CHU,CHU,2000,11,3
CHU,CHU,2000,11,4
CHU,CHU,2000,11,5
CHU,CHU,2000,11,7
CHU,CHU,2000,11,9
CHU,CHU,2000,11,10
CHU,CHU,2000,11,11
CHU,CHU,2000,11,12
CHU,CHU,2000,11,14
CHU,CHU,2000,11,15
CHU,CHU,2000,11,16
CHU,CHU,2000,11,17
CHU,CHU,2000,11,18
CHU,CHU,2000,11,19
CHU,CHU,2000,11,21
CHU,CHU,2000,11,22
CHU,CHU,2000,11,23
CHU,CHU,2000,11,24
CHU,CHU,2000,11,25
CHU,CHU,2001,4,29
CHU,CHU,2001,5,1
CHU,CHU,2001,5,2
CHU,CHU,2001,5,3
CHU,CHU,2001,5,4
CHU,CHU,2001,5,5
CHU,CHU,2001,5,9
CHU,CHU,2001,5,10
CHU,CHU,2001,5,11
CHU,CHU,2001,5,12
CHU,CHU,2001,5,13
CHU,CHU,2001,5,17
CHU,CHU,2001,5,18
CHU,CHU,2001,5,19
CHU,CHU,2001,5,20
CHU,CHU,2001,5,24
CHU,CHU,2001,5,25
CHU,CHU,2001,5,26
CHU,CHU,2001,5,27
CHU,CHU,2001,5,28
CHU,CHU,2001,5,31
CHU,CHU,2001,6,1
CHU,CHU,2001,6,2
CHU,CHU,2001,6,3
CHU,CHU,2001,6,6
CHU,CHU,2001,6,7
CHU,CHU,2001,6,8
CHU,CHU,2001,6,14
CHU,CHU,2001,6,15
CHU,CHU,2001,6,16
CHU,CHU,2001,6,17
CHU,CHU,2001,6,20
CHU,CHU,2001,6,21
CHU,CHU,2001,6,22
CHU,CHU,2001,6,23
CHU,CHU,2001,6,24
CHU,CHU,2001,6,27
CHU,CHU,2001,6,28
CHU,CHU,2001,6,30
CHU,CHU,2001,7,1
CHU,CHU,2001,7,4
CHU,CHU,2001,7,7
CHU,CHU,2001,7,8
CHU,CHU,2001,10,28
CHU,CHU,2001,10,30
CHU,CHU,2001,11,1
CHU,CHU,2001,11,3
CHU,CHU,2001,11,4
CHU,CHU,2001,11,6
CHU,CHU,2001,11,7
CHU,CHU,2001,11,9
CHU,CHU,2001,11,10
CHU,CHU,2001,11,11
CHU,CHU,2001,11,13
CHU,CHU,2001,11,14
CHU,CHU,2001,11,16
CHU,CHU,2001,11,18
CHU,CHU,2001,11,20
CHU,CHU,2001,11,21
CHU,CHU,2001,11,22
CHU,CHU,2001,11,24
CHU,CHU,2002,4,28
CHU,CHU,2002,4,30
CHU,CHU,2002,5,2
CHU,CHU,2002,5,15
CHU,CHU,2002,5,16
CHU,CHU,2002,5,17
CHU,CHU,2002,5,18
CHU,CHU,2002,5,19
CHU,CHU,2002,5,22
CHU,CHU,2002,5,23
CHU,CHU,2002,5,25
CHU,CHU,2002,5,26
CHU,CHU,2002,5,27
CHU,CHU,2002,5,30
CHU,CHU,2002,5,31
CHU,CHU,2002,6,1
CHU,CHU,2002,6,2
CHU,CHU,2002,6,5
CHU,CHU,2002,6,6
CHU,CHU,2002,6,7
CHU,CHU,2002,6,8
CHU,CHU,2002,6,9
CHU,CHU,2002,6,12
CHU,CHU,2002,6,13
CHU,CHU,2002,6,14
CHU,CHU,2002,6,15
CHU,CHU,2002,6,16
CHU,CHU,2002,6,19
CHU,CHU,2002,6,21
CHU,CHU,2002,6,22
CHU,CHU,2002,6,23
CHU,CHU,2002,6,26
CHU,CHU,2002,6,27
CHU,CHU,2002,6,28
CHU,CHU,2002,6,29
CHU,CHU,2002,6,30
CHU,CHU,2002,7,3
CHU,CHU,2002,7,4
CHU,CHU,2002,7,5
CHU,CHU,2002,7,6
CHU,CHU,2002,7,7
CHU,CHU,2002,10,27
CHU,CHU,2002,10,29
CHU,CHU,2002,10,30
CHU,CHU,2002,10,31
CHU,CHU,2002,11,1
CHU,CHU,2002,11,2
CHU,CHU,2002,11,3
CHU,CHU,2002,11,5
CHU,CHU,2002,11,6
CHU,CHU,2002,11,7
CHU,CHU,2002,11,8
CHU,CHU,2002,11,9
CHU,CHU,2002,11,10
CHU,CHU,2002,11,11
CHU,CHU,2002,11,13
CHU,CHU,2002,11,14
CHU,CHU,2002,11,15
CHU,CHU,2002,11,16
CHU,CHU,2002,11,17
CHU,CHU,2002,11,19
CHU,CHU,2002,11,20
CHU,CHU,2002,11,21
CHU,CHU,2002,11,22
CHU,CHU,2002,11,23
CHU,CHU,2002,11,24
CHU,CHU,2002,11,26
CHU,CHU,2002,11,27
CHU,CHU,2002,11,28
CHU,CHU,2002,11,29
CHU,CHU,2002,11,30
CHU,CHU,2003,4,26
CHU,CHU,2003,4,27
CHU,CHU,2003,4,29
CHU,CHU,2003,4,30
CHU,CHU,2003,5,1
CHU,CHU,2003,5,2
CHU,CHU,2003,5,3
CHU,CHU,2003,5,7
CHU,CHU,2003,5,8
CHU,CHU,2003,5,9
CHU,CHU,2003,5,10
CHU,CHU,2003,5,11
CHU,CHU,2003,5,14
CHU,CHU,2003,5,15
CHU,CHU,2003,5,16
CHU,CHU,2003,5,17
CHU,CHU,2003,5,18
CHU,CHU,2003,5,21
CHU,CHU,2003,5,22
CHU,CHU,2003,5,23
CHU,CHU,2003,5,24
CHU,CHU,2003,5,25
CHU,CHU,2003,5,26
CHU,CHU,2003,5,29
CHU,CHU,2003,5,30
CHU,CHU,2003,5,31
CHU,CHU,2003,6,1
CHU,CHU,2003,6,4
CHU,CHU,2003,6,5
CHU,CHU,2003,6,6
CHU,CHU,2003,6,7
CHU,CHU,2003,6,8
CHU,CHU,2003,6,11
CHU,CHU,2003,6,12
CHU,CHU,2003,6,13
CHU,CHU,2003,6,14
CHU,CHU,2003,6,15
CHU,CHU,2003,6,18
CHU,CHU,2003,6,19
CHU,CHU,2003,6,20
CHU,CHU,2003,6,21
CHU,CHU,2003,6,22
CHU,CHU,2003,6,25
CHU,CHU,2003,6,26
CHU,CHU,2003,6,27
CHU,CHU,2003,6,28
CHU,CHU,2003,6,29
CHU,CHU,2003,7,2
CHU,CHU,2003,7,3
CHU,CHU,2003,7,4
CHU,CHU,2003,7,5
CHU,CHU,2003,7,6
CHU,CHU,2003,10,26
CHU,CHU,2003,10,29
CHU,CHU,2003,10,30
CHU,CHU,2003,10,31
CHU,CHU,2003,11,1
CHU,CHU,2003,11,2
CHU,CHU,2003,11,4
CHU,CHU,2003,11,5
CHU,CHU,2003,11,6
CHU,CHU,2003,11,7
CHU,CHU,2003,11,8
CHU,CHU,2003,11,9
CHU,CHU,2003,11,11
CHU,CHU,2003,11,12
CHU,CHU,2003,11,13
CHU,CHU,2003,11,14
CHU,CHU,2003,11,15
CHU,CHU,2003,11,16
CHU,CHU,2003,11,19
CHU,CHU,2003,11,20
CHU,CHU,2003,11,21
CHU,CHU,2003,11,22
CHU,CHU,2003,11,23
CHU,CHU,2003,11,26
CHU,CHU,2003,11,27
CHU,CHU,2003,11,28
CHU,CHU,2003,11,29
CHU,CHU,2004,4,24
CHU,CHU,2004,4,25
CHU,CHU,2004,4,27
CHU,CHU,2004,4,28
CHU,CHU,2004,4,29
CHU,CHU,2004,4,30
CHU,CHU,2004,5,1
CHU,CHU,2004,5,5
CHU,CHU,2004,5,6
CHU,CHU,2004,5,7
CHU,CHU,2004,5,8
CHU,CHU,2004,5,9
CHU,CHU,2004,5,12
CHU,CHU,2004,5,13
CHU,CHU,2004,5,14
CHU,CHU,2004,5,15
CHU,CHU,2004,5,16
CHU,CHU,2004,5,19
CHU,CHU,2004,5,20
CHU,CHU,2004,5,21
CHU,CHU,2004,5,22
CHU,CHU,2004,5,23
CHU,CHU,2004,5,26
CHU,CHU,2004,5,27
CHU,CHU,2004,5,28
CHU,CHU,2004,5,29
CHU,CHU,2004,5,30
CHU,CHU,2004,5,31
CHU,CHU,2004,6,3
CHU,CHU,2004,6,4
CHU,CHU,2004,6,5
CHU,CHU,2004,6,6
CHU,CHU,2004,6,9
CHU,CHU,2004,6,10
CHU,CHU,2004,6,11
CHU,CHU,2004,6,12
CHU,CHU,2004,6,13
CHU,CHU,2004,6,16
CHU,CHU,2004,6,17
CHU,CHU,2004,6,18
CHU,CHU,2004,6,19
CHU,CHU,2004,6,20
CHU,CHU,2004,6,23
CHU,CHU,2004,6,24
CHU,CHU,2004,6,25
CHU,CHU,2004,6,26
CHU,CHU,2004,6,27
CHU,CHU,2004,6,30
CHU,CHU,2004,7,1
CHU,CHU,2004,7,2
CHU,CHU,2004,7,3
CHU,CHU,2004,7,4
CHU,CHU,2004,7,5
CHU,CHU,2004,10,31
CHU,CHU,2004,11,2
CHU,CHU,2004,11,3
CHU,CHU,2004,11,4
CHU,CHU,2004,11,5
CHU,CHU,2004,11,6
CHU,CHU,2004,11,7
CHU,CHU,2004,11,10
CHU,CHU,2004,11,11
CHU,CHU,2004,11,12
CHU,CHU,2004,11,13
CHU,CHU,2004,11,14
CHU,CHU,2004,11,17
CHU,CHU,2004,11,18
CHU,CHU,2004,11,19
CHU,CHU,2004,11,20
CHU,CHU,2004,11,21
CHU,CHU,2004,11,24
CHU,CHU,2004,11,25
CHU,CHU,2004,11,26
CHU,CHU,2004,11,27
CHU,CHU,2005,4,30
CHU,CHU,2005,5,1
CHU,CHU,2005,5,3
CHU,CHU,2005,5,4
CHU,CHU,2005,5,5
CHU,CHU,2005,5,6
CHU,CHU,2005,5,7
CHU,CHU,2005,5,11
CHU,CHU,2005,5,12
CHU,CHU,2005,5,13
CHU,CHU,2005,5,14
CHU,CHU,2005,5,15
CHU,CHU,2005,5,18
CHU,CHU,2005,5,19
CHU,CHU,2005,5,20
CHU,CHU,2005,5,21
CHU,CHU,2005,5,22
CHU,CHU,2005,5,25
CHU,CHU,2005,5,26
CHU,CHU,2005,5,27
CHU,CHU,2005,5,28
CHU,CHU,2005,5,29
CHU,CHU,2005,5,30
CHU,CHU,2005,6,2
CHU,CHU,2005,6,3
CHU,CHU,2005,6,4
CHU,CHU,2005,6,5
CHU,CHU,2005,6,8
CHU,CHU,2005,6,9
CHU,CHU,2005,6,10
CHU,CHU,2005,6,11
CHU,CHU,2005,6,12
CHU,CHU,2005,6,15
CHU,CHU,2005,6,16
CHU,CHU,2005,6,17
CHU,CHU,2005,6,18
CHU,CHU,2005,6,19
CHU,CHU,2005,6,22
CHU,CHU,2005,6,23
CHU,CHU,2005,6,24
CHU,CHU,2005,6,25
CHU,CHU,2005,6,26
CHU,CHU,2005,6,29
CHU,CHU,2005,6,30
CHU,CHU,2005,7,1
CHU,CHU,2005,7,2
CHU,CHU,2005,7,3
CHU,CHU,2005,7,4
CHU,CHU,2005,7,7
CHU,CHU,2005,7,8
CHU,CHU,2005,7,9
CHU,CHU,2005,7,10
CHU,CHU,2005,10,30
CHU,CHU,2005,11,2
CHU,CHU,2005,11,3
CHU,CHU,2005,11,4
CHU,CHU,2005,11,5
CHU,CHU,2005,11,6
CHU,CHU,2005,11,8
CHU,CHU,2005,11,9
CHU,CHU,2005,11,10
CHU,CHU,2005,11,11
CHU,CHU,2005,11,12
CHU,CHU,2005,11,13
CHU,CHU,2005,11,16
CHU,CHU,2005,11,17
CHU,CHU,2005,11,18
CHU,CHU,2005,11,19
CHU,CHU,2005,11,20
CHU,CHU,2005,11,23
CHU,CHU,2005,11,24
CHU,CHU,2005,11,25
CHU,CHU,2005,11,26
CHU,CHU,2006,4,29
CHU,CHU,2006,4,30
CHU,CHU,2006,5,2
CHU,CHU,2006,5,3
CHU,CHU,2006,5,4
CHU,CHU,2006,5,5
CHU,CHU,2006,5,6
CHU,CHU,2006,5,10
CHU,CHU,2006,5,11
CHU,CHU,2006,5,12
CHU,CHU,2006,5,13
CHU,CHU,2006,5,14
CHU,CHU,2006,5,17
CHU,CHU,2006,5,18
CHU,CHU,2006,5,19
CHU,CHU,2006,5,20
CHU,CHU,2006,5,21
CHU,CHU,2006,5,24
CHU,CHU,2006,5,25
CHU,CHU,2006,5,26
CHU,CHU,2006,5,27
CHU,CHU,2006,5,28
CHU,CHU,2006,5,29
CHU,CHU,2006,6,1
CHU,CHU,2006,6,2
CHU,CHU,2006,6,3
CHU,CHU,2006,6,4
CHU,CHU,2006,6,7
CHU,CHU,2006,6,8
CHU,CHU,2006,6,9
CHU,CHU,2006,6,10
CHU,CHU,2006,6,11
CHU,CHU,2006,6,14
CHU,CHU,2006,6,15
CHU,CHU,2006,6,16
CHU,CHU,2006,6,17
CHU,CHU,2006,6,18
CHU,CHU,2006,6,21
CHU,CHU,2006,6,22
CHU,CHU,2006,6,23
CHU,CHU,2006,6,24
CHU,CHU,2006,6,25
CHU,CHU,2006,6,28
CHU,CHU,2006,6,29
CHU,CHU,2006,6,30
CHU,CHU,2006,7,1
CHU,CHU,2006,7,2
CHU,CHU,2006,7,3
CHU,CHU,2006,7,4
CHU,CHU,2006,7,7
CHU,CHU,2006,7,8
CHU,CHU,2006,7,9
CHU,CHU,2006,7,12
CHU,CHU,2006,7,13
CHU,CHU,2006,7,14
CHU,CHU,2006,7,15
CHU,CHU,2006,7,16
CHU,CHU,2006,10,29
CHU,CHU,2006,11,1
CHU,CHU,2006,11,2
CHU,CHU,2006,11,3
CHU,CHU,2006,11,4
CHU,CHU,2006,11,5
CHU,CHU,2006,11,7
CHU,CHU,2006,11,8
CHU,CHU,2006,11,9
CHU,CHU,2006,11,10
CHU,CHU,2006,11,11
CHU,CHU,2006,11,12
CHU,CHU,2006,11,15
CHU,CHU,2006,11,16
CHU,CHU,2006,11,17
CHU,CHU,2006,11,18
CHU,CHU,2006,11,19
CHU,CHU,2006,11,22
CHU,CHU,2006,11,23
CHU,CHU,2006,11,24
CHU,CHU,2006,11,25
CHU,CHU,2007,4,28
CHU,CHU,2007,4,29
CHU,CHU,2007,5,1
CHU,CHU,2007,5,2
CHU,CHU,2007,5,3
CHU,CHU,2007,5,4
CHU,CHU,2007,5,5
CHU,CHU,2007,5,9
CHU,CHU,2007,5,10
CHU,CHU,2007,5,11
CHU,CHU,2007,5,12
CHU,CHU,2007,5,13
CHU,CHU,2007,5,16
CHU,CHU,2007,5,17
CHU,CHU,2007,5,18
CHU,CHU,2007,5,19
CHU,CHU,2007,5,20
CHU,CHU,2007,5,23
CHU,CHU,2007,5,24
CHU,CHU,2007,5,25
CHU,CHU,2007,5,26
CHU,CHU,2007,5,27
CHU,CHU,2007,5,28
CHU,CHU,2007,5,31
CHU,CHU,2007,6,1
CHU,CHU,2007,6,2
CHU,CHU,2007,6,3
CHU,CHU,2007,6,6
CHU,CHU,2007,6,7
CHU,CHU,2007,6,8
CHU,CHU,2007,6,9
CHU,CHU,2007,6,10
CHU,CHU,2007,6,13
CHU,CHU,2007,6,14
CHU,CHU,2007,6,15
CHU,CHU,2007,6,16
CHU,CHU,2007,6,17
CHU,CHU,2007,6,20
CHU,CHU,2007,6,21
CHU,CHU,2007,6,22
CHU,CHU,2007,6,23
CHU,CHU,2007,6,24
CHU,CHU,2007,6,27
CHU,CHU,2007,6,28
CHU,CHU,2007,6,29
CHU,CHU,2007,6,30
CHU,CHU,2007,7,1
CHU,CHU,2007,7,4
CHU,CHU,2007,7,5
CHU,CHU,2007,7,6
CHU,CHU,2007,7,7
CHU,CHU,2007,7,8
CHU,CHU,2007,10,28
CHU,CHU,2007,10,31
CHU,CHU,2007,11,1
CHU,CHU,2007,11,2
CHU,CHU,2007,11,3
CHU,CHU,2007,11,4
CHU,CHU,2007,11,6
CHU,CHU,2007,11,7
CHU,CHU,2007,11,8
CHU,CHU,2007,11,9
CHU,CHU,2007,11,10
CHU,CHU,2007,11,11
CHU,CHU,2007,11,14
CHU,CHU,2007,11,15
CHU,CHU,2007,11,16
CHU,CHU,2007,11,17
CHU,CHU,2007,11,18
CHU,CHU,2007,11,22
CHU,CHU,2007,11,23
CHU,CHU,2008,4,26
CHU,CHU,2008,4,27
CHU,CHU,2008,4,29
CHU,CHU,2008,4,30
CHU,CHU,2008,5,1
CHU,CHU,2008,5,2
CHU,CHU,2008,5,3
CHU,CHU,2008,5,7
CHU,CHU,2008,5,8
CHU,CHU,2008,5,9
CHU,CHU,2008,5,10
CHU,CHU,2008,5,11
CHU,CHU,2008,5,14
CHU,CHU,2008,5,15
CHU,CHU,2008,5,16
CHU,CHU,2008,5,17
CHU,CHU,2008,5,18
CHU,CHU,2008,5,21
CHU,CHU,2008,5,22
CHU,CHU,2008,5,23
CHU,CHU,2008,5,24
CHU,CHU,2008,5,25
CHU,CHU,2008,5,26
CHU,CHU,2008,5,29
CHU,CHU,2008,5,30
CHU,CHU,2008,5,31
CHU,CHU,2008,6,1
CHU,CHU,2008,6,4
CHU,CHU,2008,6,5
CHU,CHU,2008,6,6
CHU,CHU,2008,6,7
CHU,CHU,2008,6,8
CHU,CHU,2008,6,11
CHU,CHU,2008,6,12
CHU,CHU,2008,6,13
CHU,CHU,2008,6,14
CHU,CHU,2008,6,15
CHU,CHU,2008,6,18
CHU,CHU,2008,6,19
CHU,CHU,2008,6,20
CHU,CHU,2008,6,21
CHU,CHU,2008,6,22
CHU,CHU,2008,6,25
CHU,CHU,2008,6,26
CHU,CHU,2008,6,27
CHU,CHU,2008,6,28
CHU,CHU,2008,6,29
CHU,CHU,2008,7,2
CHU,CHU,2008,7,3
CHU,CHU,2008,7,4
CHU,CHU,2008,7,5
CHU,CHU,2008,7,6
CHU,CHU,2008,10,26
CHU,CHU,2008,10,29
CHU,CHU,2008,10,30
CHU,CHU,2008,10,31
CHU,CHU,2008,11,1
CHU,CHU,2008,11,2
CHU,CHU,2008,11,5
CHU,CHU,2008,11,6
CHU,CHU,2008,11,7
CHU,CHU,2008,11,8
CHU,CHU,2008,11,9
CHU,CHU,2008,11,11
CHU,CHU,2008,11,12
CHU,CHU,2008,11,13
CHU,CHU,2008,11,14
CHU,CHU,2008,11,15
CHU,CHU,2008,11,16
CHU,CHU,2008,11,19
CHU,CHU,2008,11,20
CHU,CHU,2008,11,21
CHU,CHU,2008,11,22
CHU,CHU,2008,11,23
CHU,CHU,2008,11,26
CHU,CHU,2008,11,27
CHU,CHU,2008,11,28
CHU,CHU,2008,11,29
CHU,CHU,2009,4,25
CHU,CHU,2009,4,26
CHU,CHU,2009,4,28
CHU,CHU,2009,4,29
CHU,CHU,2009,4,30
CHU,CHU,2009,5,1
CHU,CHU,2009,5,2
CHU,CHU,2009,5,6
CHU,CHU,2009,5,7
CHU,CHU,2009,5,8
CHU,CHU,2009,5,9
CHU,CHU,2009,5,10
CHU,CHU,2009,5,13
CHU,CHU,2009,5,14
CHU,CHU,2009,5,15
CHU,CHU,2009,5,16
CHU,CHU,2009,5,17
CHU,CHU,2009,5,21
CHU,CHU,2009,5,22
CHU,CHU,2009,5,23
CHU,CHU,2009,5,24
CHU,CHU,2009,5,25
CHU,CHU,2009,5,29
CHU,CHU,2009,5,30
CHU,CHU,2009,5,31
CHU,CHU,2009,6,4
CHU,CHU,2009,6,5
CHU,CHU,2009,6,6
CHU,CHU,2009,6,7
CHU,CHU,2009,6,11
CHU,CHU,2009,6,12
CHU,CHU,2009,6,13
CHU,CHU,2009,6,14
CHU,CHU,2009,6,18
CHU,CHU,2009,6,19
CHU,CHU,2009,6,20
CHU,CHU,2009,6,21
CHU,CHU,2009,6,25
CHU,CHU,2009,6,26
CHU,CHU,2009,6,27
CHU,CHU,2009,6,28
CHU,CHU,2009,7,2
CHU,CHU,2009,7,3
CHU,CHU,2009,7,4
CHU,CHU,2009,7,5
CHU,CHU,2010,4,24
CHU,CHU,2010,4,25
CHU,CHU,2010,4,28
CHU,CHU,2010,4,29
CHU,CHU,2010,4,30
CHU,CHU,2010,5,1
CHU,CHU,2010,5,6
CHU,CHU,2010,5,7
CHU,CHU,2010,5,8
CHU,CHU,2010,5,9
CHU,CHU,2010,5,13
CHU,CHU,2010,5,14
CHU,CHU,2010,5,15
CHU,CHU,2010,5,16
CHU,CHU,2010,5,20
CHU,CHU,2010,5,21
CHU,CHU,2010,5,22
CHU,CHU,2010,5,23
CHU,CHU,2010,5,27
CHU,CHU,2010,5,28
CHU,CHU,2010,5,29
CHU,CHU,2010,5,30
CHU,CHU,2010,5,31
CHU,CHU,2010,6,4
CHU,CHU,2010,6,5
CHU,CHU,2010,6,6
CHU,CHU,2010,6,10
CHU,CHU,2010,6,11
CHU,CHU,2010,6,12
CHU,CHU,2010,6,13
CHU,CHU,2010,6,17
CHU,CHU,2010,6,18
CHU,CHU,2010,6,19
CHU,CHU,2010,6,20
CHU,CHU,2010,6,24
CHU,CHU,2010,6,25
CHU,CHU,2010,6,26
CHU,CHU,2010,6,27
CHU,CHU,2010,7,1
CHU,CHU,2010,7,2
CHU,CHU,2010,7,3
CHU,CHU,2010,7,4
CHU,CHU,2010,10,31
CHU,CHU,2010,11,3
CHU,CHU,2010,11,4
CHU,CHU,2010,11,5
CHU,CHU,2010,11,6
CHU,CHU,2010,11,7
CHU,CHU,2010,11,10
CHU,CHU,2010,11,11
CHU,CHU,2010,11,12
CHU,CHU,2010,11,13
CHU,CHU,2010,11,14
CHU,CHU,2010,11,17
CHU,CHU,2010,11,18
CHU,CHU,2010,11,19
CHU,CHU,2010,11,20
CHU,CHU,2010,11,21
CHU,CHU,2010,11,24
CHU,CHU,2010,11,25
CHU,CHU,2010,11,26
CHU,CHU,2010,11,27
CHU,CHU,2010,11,28
CHU,CHU,2011,4,30
CHU,CHU,2011,5,3
CHU,CHU,2011,5,4
CHU,CHU,2011,5,5
CHU,CHU,2011,5,6
CHU,CHU,2011,5,7
CHU,CHU,2011,5,12
CHU,CHU,2011,5,13
CHU,CHU,2011,5,14
CHU,CHU,2011,5,15
CHU,CHU,2011,5,19
CHU,CHU,2011,5,20
CHU,CHU,2011,5,21
CHU,CHU,2011,5,22
CHU,CHU,2011,5,26
CHU,CHU,2011,5,27
CHU,CHU,2011,5,28
CHU,CHU,2011,5,29
CHU,CHU,2011,5,30
CHU,CHU,2011,6,3
CHU,CHU,2011,6,4
CHU,CHU,2011,6,5
CHU,CHU,2011,6,9
CHU,CHU,2011,6,10
CHU,CHU,2011,6,11
CHU,CHU,2011,6,12
CHU,CHU,2011,6,16
CHU,CHU,2011,6,17
CHU,CHU,2011,6,18
CHU,CHU,2011,6,19
CHU,CHU,2011,6,24
CHU,CHU,2011,6,25
CHU,CHU,2011,6,26
CHU,CHU,2011,6,30
CHU,CHU,2011,7,1
CHU,CHU,2011,7,2
CHU,CHU,2011,7,3
CHU,CHU,2011,7,4
CHU,CHU,2011,10,30
CHU,CHU,2011,11,2
CHU,CHU,2011,11,3
CHU,CHU,2011,11,4
CHU,CHU,2011,11,5
CHU,CHU,2011,11,6
CHU,CHU,2011,11,9
CHU,CHU,2011,11,10
CHU,CHU,2011,11,11
CHU,CHU,2011,11,12
CHU,CHU,2011,11,13
CHU,CHU,2011,11,16
CHU,CHU,2011,11,17
CHU,CHU,2011,11,18
CHU,CHU,2011,11,19
CHU,CHU,2011,11,20
CHU,CHU,2011,11,23
CHU,CHU,2011,11,24
CHU,CHU,2011,11,25
CHU,CHU,2011,11,26
CHU,CHU,2011,11,27
CHU,CHU,2012,4,28
CHU,CHU,2012,5,1
CHU,CHU,2012,5,2
CHU,CHU,2012,5,3
CHU,CHU,2012,5,4
CHU,CHU,2012,5,5
CHU,CHU,2012,5,10
CHU,CHU,2012,5,11
CHU,CHU,2012,5,12
CHU,CHU,2012,5,13
CHU,CHU,2012,5,17
CHU,CHU,2012,5,18
CHU,CHU,2012,5,19
CHU,CHU,2012,5,20
CHU,CHU,2012,5,24
CHU,CHU,2012,5,25
CHU,CHU,2012,5,26
CHU,CHU,2012,5,27
CHU,CHU,2012,5,28
CHU,CHU,2012,5,31
CHU,CHU,2012,6,1
CHU,CHU,2012,6,2
CHU,CHU,2012,6,3
CHU,CHU,2012,6,7
CHU,CHU,2012,6,8
CHU,CHU,2012,6,9
CHU,CHU,2012,6,10
CHU,CHU,2012,6,14
CHU,CHU,2012,6,15
CHU,CHU,2012,6,16
CHU,CHU,2012,6,17
CHU,CHU,2012,6,21
CHU,CHU,2012,6,22
CHU,CHU,2012,6,23
CHU,CHU,2012,6,24
CHU,CHU,2012,6,29
CHU,CHU,2012,6,30
CHU,CHU,2012,7,1
CHU,CHU,2012,10,28
CHU,CHU,2012,10,31
CHU,CHU,2012,11,1
CHU,CHU,2012,11,2
CHU,CHU,2012,11,3
CHU,CHU,2012,11,4
CHU,CHU,2012,11,7
CHU,CHU,2012,11,8
CHU,CHU,2012,11,9
CHU,CHU,2012,11,10
CHU,CHU,2012,11,11
CHU,CHU,2012,11,14
CHU,CHU,2012,11,15
CHU,CHU,2012,11,16
CHU,CHU,2012,11,17
CHU,CHU,2012,11,18
CHU,CHU,2012,11,21
CHU,CHU,2012,11,22
CHU,CHU,2012,11,23
CHU,CHU,2012,11,24
CHU,CHU,2012,11,25
CHU,CHU,2013,4,27
CHU,CHU,2013,4,30
CHU,CHU,2013,5,1
CHU,CHU,2013,5,2
CHU,CHU,2013,5,3
CHU,CHU,2013,5,4
CHU,CHU,2013,5,9
CHU,CHU,2013,5,10
CHU,CHU,2013,5,11
CHU,CHU,2013,5,12
CHU,CHU,2013,5,16
CHU,CHU,2013,5,17
CHU,CHU,2013,5,18
CHU,CHU,2013,5,19
CHU,CHU,2013,5,23
CHU,CHU,2013,5,24
CHU,CHU,2013,5,25
CHU,CHU,2013,5,26
CHU,CHU,2013,5,27
CHU,CHU,2013,5,31
CHU,CHU,2013,6,1
CHU,CHU,2013,6,2
CHU,CHU,2013,6,6
CHU,CHU,2013,6,7
CHU,CHU,2013,6,8
CHU,CHU,2013,6,9
CHU,CHU,2013,6,13
CHU,CHU,2013,6,14
CHU,CHU,2013,6,15
CHU,CHU,2013,6,16
CHU,CHU,2013,6,20
CHU,CHU,2013,6,21
CHU,CHU,2013,6,22
CHU,CHU,2013,6,23
CHU,CHU,2013,6,27
CHU,CHU,2013,6,28
CHU,CHU,2013,6,29
CHU,CHU,2013,6,30
CHU,CHU,2013,9,6
CHU,CHU,2013,9,7
CHU,CHU,2013,9,8
CHU,CHU,2013,9,13
CHU,CHU,2013,9,14
CHU,CHU,2013,9,15
CHU,CHU,2013,9,20
CHU,CHU,2013,9,21
CHU,CHU,2013,9,22
CHU,CHU,2013,9,27
CHU,CHU,2013,9,28
CHU,CHU,2013,9,29
CHU,CHU,2013,10,27
CHU,CHU,2013,10,30
CHU,CHU,2013,10,31
CHU,CHU,2013,11,1
CHU,CHU,2013,11,2
CHU,CHU,2013,11,3
CHU,CHU,2013,11,6
CHU,CHU,2013,11,7
CHU,CHU,2013,11,8
CHU,CHU,2013,11,9
CHU,CHU,2013,11,10
CHU,CHU,2013,11,13
CHU,CHU,2013,11,14
CHU,CHU,2013,11,15
CHU,CHU,2013,11,16
CHU,CHU,2013,11,17
CHU,CHU,2013,11,20
CHU,CHU,2013,11,21
CHU,CHU,2013,11,22
CHU,CHU,2013,11,23
CHU,CHU,2013,11,24
CHU,CHU,2013,11,27
CHU,CHU,2013,11,28
CHU,CHU,2013,11,29
CHU,CHU,2013,11,30
CHU,CHU,2014,4,26
CHU,CHU,2014,4,29
CHU,CHU,2014,4,30
CHU,CHU,2014,5,1
CHU,CHU,2014,5,2
CHU,CHU,2014,5,3
CHU,CHU,2014,5,8
CHU,CHU,2014,5,9
CHU,CHU,2014,5,10
CHU,CHU,2014,5,11
CHU,CHU,2014,5,15
CHU,CHU,2014,5,16
CHU,CHU,2014,5,17
CHU,CHU,2014,5,18
CHU,CHU,2014,5,22
CHU,CHU,2014,5,23
CHU,CHU,2014,5,24
CHU,CHU,2014,5,25
CHU,CHU,2014,5,26
CHU,CHU,2014,5,30
CHU,CHU,2014,5,31
CHU,CHU,2014,6,1
CHU,CHU,2014,6,5
CHU,CHU,2014,6,6
CHU,CHU,2014,6,7
CHU,CHU,2014,6,8
CHU,CHU,2014,6,12
CHU,CHU,2014,6,13
CHU,CHU,2014,6,14
CHU,CHU,2014,6,15
CHU,CHU,2014,6,19
CHU,CHU,2014,6,20
CHU,CHU,2014,6,21
CHU,CHU,2014,6,22
CHU,CHU,2014,6,26
CHU,CHU,2014,6,27
CHU,CHU,2014,6,28
CHU,CHU,2014,6,29
CHU,CHU,2014,9,5
CHU,CHU,2014,9,6
CHU,CHU,2014,9,7
CHU,CHU,2014,9,12
CHU,CHU,2014,9,13
CHU,CHU,2014,9,14
CHU,CHU,2014,9,19
CHU,CHU,2014,9,20
CHU,CHU,2014,9,21
CHU,CHU,2014,9,26
CHU,CHU,2014,9,27
CHU,CHU,2014,9,28
CHU,CHU,2014,10,26
CHU,CHU,2014,10,29
CHU,CHU,2014,10,30
CHU,CHU,2014,10,31
CHU,CHU,2014,11,1
CHU,CHU,2014,11,2
CHU,CHU,2014,11,5
CHU,CHU,2014,11,6
CHU,CHU,2014,11,7
CHU,CHU,2014,11,8
CHU,CHU,2014,11,9
CHU,CHU,2014,11,12
CHU,CHU,2014,11,13
CHU,CHU,2014,11,14
CHU,CHU,2014,11,15
CHU,CHU,2014,11,16
CHU,CHU,2014,11,21
CHU,CHU,2014,11,22
CHU,CHU,2014,11,23
CHU,CHU,2014,11,26
CHU,CHU,2014,11,27
CHU,CHU,2014,11,28
CHU,CHU,2014,11,29
CHU,CHU,2014,11,30
CHU,CHU,2015,4,25
CHU,CHU,2015,4,28
CHU,CHU,2015,4,29
CHU,CHU,2015,4,30
CHU,CHU,2015,5,1
CHU,CHU,2015,5,2
CHU,CHU,2015,5,7
CHU,CHU,2015,5,8
CHU,CHU,2015,5,9
CHU,CHU,2015,5,10
CHU,CHU,2015,5,14
CHU,CHU,2015,5,15
CHU,CHU,2015,5,16
CHU,CHU,2015,5,17
CHU,CHU,2015,5,21
CHU,CHU,2015,5,22
CHU,CHU,2015,5,23
CHU,CHU,2015,5,24
CHU,CHU,2015,5,25
CHU,CHU,2015,5,28
CHU,CHU,2015,5,29
CHU,CHU,2015,5,30
CHU,CHU,2015,5,31
CHU,CHU,2015,6,4
CHU,CHU,2015,6,5
CHU,CHU,2015,6,6
CHU,CHU,2015,6,7
CHU,CHU,2015,6,11
CHU,CHU,2015,6,12
CHU,CHU,2015,6,13
CHU,CHU,2015,6,14
CHU,CHU,2015,6,18
CHU,CHU,2015,6,19
CHU,CHU,2015,6,20
CHU,CHU,2015,6,21
CHU,CHU,2015,6,25
CHU,CHU,2015,6,26
CHU,CHU,2015,6,27
CHU,CHU,2015,9,11
CHU,CHU,2015,9,12
CHU,CHU,2015,9,13
CHU,CHU,2015,9,17
CHU,CHU,2015,9,18
CHU,CHU,2015,9,19
CHU,CHU,2015,9,20
CHU,CHU,2015,9,24
CHU,CHU,2015,9,25
CHU,CHU,2015,9,26
CHU,CHU,2015,9,27
CHU,CHU,2015,11,1
CHU,CHU,2015,11,4
CHU,CHU,2015,11,5
CHU,CHU,2015,11,6
CHU,CHU,2015,11,7
CHU,CHU,2015,11,8
CHU,CHU,2015,11,11
CHU,CHU,2015,11,12
CHU,CHU,2015,11,13
CHU,CHU,2015,11,14
CHU,CHU,2015,11,15
CHU,CHU,2015,11,18
CHU,CHU,2015,11,19
CHU,CHU,2015,11,20
CHU,CHU,2015,11,21
CHU,CHU,2015,11,22
COL,COL,1998,9,7
COL,COL,1998,9,10
COL,COL,1998,9,11
COL,COL,1998,9,12
COL,COL,1998,9,13
COL,COL,1998,9,14
COL,COL,1998,9,17
COL,COL,1998,9,18
COL,COL,1998,9,19
COL,COL,1998,9,20
COL,COL,1998,9,21
COL,COL,1998,9,24
COL,COL,1998,9,25
COL,COL,1998,9,26
COL,COL,1998,9,27
COL,COL,1998,9,28
COL,COL,1998,10,1
COL,COL,1998,10,2
COL,COL,1998,10,3
COL,COL,1998,10,4
COL,COL,1998,10,5
COL,COL,1998,10,8
COL,COL,1998,10,9
COL,COL,1998,10,10
COL,COL,1998,10,11
COL,COL,1998,11,7
COL,COL,1998,11,8
COL,COL,1998,11,14
COL,COL,1998,11,15
COL,COL,1999,5,31
COL,COL,1999,6,2
COL,COL,1999,6,7
COL,COL,1999,6,8
COL,COL,1999,6,14
COL,COL,1999,6,16
COL,COL,1999,6,22
COL,COL,1999,6,23
COL,COL,1999,6,28
COL,COL,1999,6,29
COL,COL,1999,6,30
COL,COL,1999,7,4
COL,COL,1999,7,5
COL,COL,1999,7,6
COL,COL,1999,7,14
COL,COL,1999,7,21
COL,COL,1999,7,26
COL,COL,1999,7,27
COL,COL,1999,7,28
COL,COL,1999,8,2
COL,COL,1999,8,3
COL,COL,1999,8,4
COL,COL,1999,9,6
COL,COL,1999,9,10
COL,COL,1999,9,11
COL,COL,1999,9,12
COL,COL,1999,9,13
COL,COL,1999,9,14
COL,COL,1999,9,18
COL,COL,1999,9,19
COL,COL,1999,9,20
COL,COL,1999,9,21
COL,COL,1999,9,24
COL,COL,1999,9,25
COL,COL,1999,9,26
COL,COL,1999,9,27
COL,COL,1999,9,28
COL,COL,1999,10,1
COL,COL,1999,10,2
COL,COL,1999,10,3
COL,COL,1999,10,4
COL,COL,1999,10,8
COL,COL,1999,10,9
COL,COL,1999,10,10
COL,COL,1999,10,11
COL,COL,2000,9,4
COL,COL,2000,9,5
COL,COL,2000,9,8
COL,COL,2000,9,9
COL,COL,2000,9,10
COL,COL,2000,9,12
COL,COL,2000,9,15
COL,COL,2000,9,16
COL,COL,2000,9,18
COL,COL,2000,9,19
COL,COL,2000,9,22
COL,COL,2000,9,23
COL,COL,2000,9,24
COL,COL,2000,9,25
COL,COL,2000,9,26
COL,COL,2000,9,29
COL,COL,2000,9,30
COL,COL,2000,10,1
COL,COL,2000,10,2
COL,COL,2000,10,3
COL,COL,2000,10,7
COL,COL,2000,10,8
COL,COL,2000,10,9
COL,COL,2000,10,10
COL,COL,2000,10,13
COL,COL,2000,10,14
COL,COL,2000,10,15
COL,COL,2000,10,16
COL,COL,2000,10,17
COL,COL,2000,10,27
COL,COL,2000,10,28
COL,COL,2000,10,29
COL,COL,2000,10,30
COL,COL,2000,10,31
COL,COL,2000,11,3
COL,COL,2000,11,4
COL,COL,2000,11,5
COL,COL,2000,11,6
COL,COL,2000,11,7
COL,COL,2000,11,10
COL,COL,2000,11,11
COL,COL,2000,11,12
COL,COL,2000,11,13
COL,COL,2000,11,14
COL,COL,2000,11,17
COL,COL,2000,11,18
COL,COL,2000,11,19
COL,COL,2000,11,20
COL,COL,2000,11,21
COL,COL,2000,11,24
COL,COL,2000,11,25
COL,COL,2000,11,26
COL,COL,2000,12,1
COL,COL,2000,12,2
COL,COL,2000,12,3
COL,COL,2000,12,4
COL,COL,2000,12,5
COL,COL,2000,12,8
COL,COL,2000,12,9
COL,COL,2000,12,10
COL,COL,2000,12,11
COL,COL,2000,12,12
COL,COL,2000,12,15
COL,COL,2000,12,16
COL,COL,2001,7,3
COL,COL,2001,7,4
COL,COL,2001,7,8
COL,COL,2001,7,9
COL,COL,2001,7,10
COL,COL,2001,7,13
COL,COL,2001,7,14
COL,COL,2001,7,15
COL,COL,2001,7,16
COL,COL,2001,7,17
COL,COL,2001,7,20
COL,COL,2001,7,21
COL,COL,2001,7,24
COL,COL,2001,7,28
COL,COL,2001,8,7
COL,COL,2001,10,12
COL,COL,2001,10,13
COL,COL,2001,10,14
COL,COL,2001,10,15
COL,COL,2001,10,16
COL,COL,2001,10,19
COL,COL,2001,10,20
COL,COL,2001,10,22
COL,COL,2001,10,27
COL,COL,2001,10,28
COL,COL,2001,10,29
COL,COL,2001,10,30
COL,COL,2002,6,21
COL,COL,2002,6,22
COL,COL,2002,6,23
COL,COL,2002,6,24
COL,COL,2002,6,25
COL,COL,2002,6,28
COL,COL,2002,6,29
COL,COL,2002,6,30
COL,COL,2002,7,1
COL,COL,2002,7,2
COL,COL,2002,7,4
COL,COL,2002,7,5
COL,COL,2002,7,6
COL,COL,2002,7,7
COL,COL,2002,7,8
COL,COL,2002,7,9
COL,COL,2002,7,12
COL,COL,2002,7,13
COL,COL,2002,7,14
COL,COL,2002,7,15
COL,COL,2002,7,16
COL,COL,2002,7,19
COL,COL,2002,7,20
COL,COL,2002,7,21
COL,COL,2002,7,22
COL,COL,2002,7,23
COL,COL,2002,10,5
COL,COL,2002,10,6
COL,COL,2002,10,7
COL,COL,2002,10,8
COL,COL,2002,10,12
COL,COL,2002,10,13
COL,COL,2002,10,14
COL,COL,2002,10,15
COL,COL,2002,10,19
COL,COL,2002,10,20
COL,COL,2002,10,21
COL,COL,2002,10,22
COL,COL,2002,10,26
COL,COL,2002,10,27
COL,COL,2002,10,28
COL,COL,2002,10,29
COL,COL,2002,11,2
COL,COL,2002,11,3
COL,COL,2002,11,4
COL,COL,2002,11,5
COL,COL,2002,11,9
COL,COL,2002,11,10
COL,COL,2002,11,11
COL,COL,2002,11,12
COL,COL,2003,6,13
COL,COL,2003,6,14
COL,COL,2003,6,15
COL,COL,2003,6,16
COL,COL,2003,6,17
COL,COL,2003,6,20
COL,COL,2003,6,21
COL,COL,2003,6,22
COL,COL,2003,6,23
COL,COL,2003,6,24
COL,COL,2003,6,27
COL,COL,2003,6,28
COL,COL,2003,6,29
COL,COL,2003,6,30
COL,COL,2003,7,1
COL,COL,2003,7,3
COL,COL,2003,7,4
COL,COL,2003,7,5
COL,COL,2003,7,7
COL,COL,2003,7,8
COL,COL,2003,7,11
COL,COL,2003,7,12
COL,COL,2003,7,13
COL,COL,2003,7,14
COL,COL,2003,7,15
COL,COL,2003,7,18
COL,COL,2003,7,19
COL,COL,2003,7,20
COL,COL,2003,7,21
COL,COL,2003,7,22
COL,COL,2003,10,3
COL,COL,2003,10,4
COL,COL,2003,10,5
COL,COL,2003,10,6
COL,COL,2003,10,10
COL,COL,2003,10,11
COL,COL,2003,10,12
COL,COL,2003,10,13
COL,COL,2003,10,17
COL,COL,2003,10,18
COL,COL,2003,10,19
COL,COL,2003,10,20
COL,COL,2003,10,24
COL,COL,2003,10,25
COL,COL,2003,10,26
COL,COL,2003,10,27
COL,COL,2003,10,31
COL,COL,2003,11,1
COL,COL,2003,11,2
COL,COL,2003,11,3
COL,COL,2003,11,7
COL,COL,2003,11,8
COL,COL,2003,11,9
COL,COL,2003,11,10
COL,COL,2003,11,14
COL,COL,2003,11,15
COL,COL,2003,11,16
COL,COL,2003,11,17
COL,COL,2004,6,11
COL,COL,2004,6,12
COL,COL,2004,6,13
COL,COL,2004,6,14
COL,COL,2004,6,15
COL,COL,2004,6,18
COL,COL,2004,6,19
COL,COL,2004,6,20
COL,COL,2004,6,21
COL,COL,2004,6,22
COL,COL,2004,6,25
COL,COL,2004,6,26
COL,COL,2004,6,27
COL,COL,2004,6,28
COL,COL,2004,6,29
COL,COL,2004,7,2
COL,COL,2004,7,3
COL,COL,2004,7,4
COL,COL,2004,7,5
COL,COL,2004,7,6
COL,COL,2004,7,9
COL,COL,2004,7,10
COL,COL,2004,7,11
COL,COL,2004,7,12
COL,COL,2004,7,13
COL,COL,2004,7,16
COL,COL,2004,7,17
COL,COL,2004,7,18
COL,COL,2004,7,19
COL,COL,2004,7,20
COL,COL,2004,7,23
COL,COL,2004,7,24
COL,COL,2004,7,25
COL,COL,2004,7,26
COL,COL,2004,10,1
COL,COL,2004,10,2
COL,COL,2004,10,3
COL,COL,2004,10,4
COL,COL,2004,10,8
COL,COL,2004,10,9
COL,COL,2004,10,10
COL,COL,2004,10,11
COL,COL,2004,10,15
COL,COL,2004,10,16
COL,COL,2004,10,17
COL,COL,2004,10,18
COL,COL,2004,10,22
COL,COL,2004,10,23
COL,COL,2004,10,24
COL,COL,2004,10,25
COL,COL,2004,10,29
COL,COL,2004,10,30
COL,COL,2004,10,31
COL,COL,2004,11,1
COL,COL,2004,11,5
COL,COL,2004,11,6
COL,COL,2004,11,7
COL,COL,2004,11,8
COL,COL,2004,11,12
COL,COL,2004,11,13
COL,COL,2004,11,14
COL,COL,2004,11,15
COL,COL,2004,11,19
COL,COL,2004,11,20
COL,COL,2004,11,21
COL,COL,2004,11,22
COL,COL,2005,6,17
COL,COL,2005,6,18
COL,COL,2005,6,19
COL,COL,2005,6,20
COL,COL,2005,6,21
COL,COL,2005,6,24
COL,COL,2005,6,25
COL,COL,2005,6,26
COL,COL,2005,6,27
COL,COL,2005,6,28
COL,COL,2005,7,1
COL,COL,2005,7,2
COL,COL,2005,7,3
COL,COL,2005,7,4
COL,COL,2005,7,5
COL,COL,2005,7,8
COL,COL,2005,7,9
COL,COL,2005,7,10
COL,COL,2005,7,11
COL,COL,2005,7,12
COL,COL,2005,7,15
COL,COL,2005,7,16
COL,COL,2005,7,17
COL,COL,2005,7,18
COL,COL,2005,7,19
COL,COL,2005,7,22
COL,COL,2005,7,23
COL,COL,2005,7,24
COL,COL,2005,7,25
COL,COL,2005,7,26
COL,COL,2005,7,29
COL,COL,2005,7,30
COL,COL,2005,7,31
COL,COL,2005,8,1
COL,COL,2005,8,2
COL,COL,2005,8,5
COL,COL,2005,8,6
COL,COL,2005,8,7
COL,COL,2005,8,8
COL,COL,2005,8,9
COL,COL,2005,9,16
COL,COL,2005,9,17
COL,COL,2005,9,18
COL,COL,2005,9,19
COL,COL,2005,9,23
COL,COL,2005,9,24
COL,COL,2005,9,25
COL,COL,2005,9,26
COL,COL,2005,9,30
COL,COL,2005,10,1
COL,COL,2005,10,2
COL,COL,2005,10,3
COL,COL,2005,10,7
COL,COL,2005,10,8
COL,COL,2005,10,9
COL,COL,2005,10,10
COL,COL,2005,10,14
COL,COL,2005,10,15
COL,COL,2005,10,16
COL,COL,2005,10,17
COL,COL,2005,10,21
COL,COL,2005,10,22
COL,COL,2005,10,23
COL,COL,2005,10,24
COL,COL,2005,10,28
COL,COL,2005,10,29
COL,COL,2005,10,30
COL,COL,2005,10,31
COL,COL,2005,11,4
COL,COL,2005,11,5
COL,COL,2005,11,6
COL,COL,2005,11,7
COL,COL,2005,11,11
COL,COL,2005,11,12
COL,COL,2005,11,13
COL,COL,2005,11,14
COL,COL,2006,6,16
COL,COL,2006,6,17
COL,COL,2006,6,18
COL,COL,2006,6,19
COL,COL,2006,6,20
COL,COL,2006,6,23
COL,COL,2006,6,24
COL,COL,2006,6,25
COL,COL,2006,6,26
COL,COL,2006,6,27
COL,COL,2006,6,30
COL,COL,2006,7,1
COL,COL,2006,7,2
COL,COL,2006,7,3
COL,COL,2006,7,4
COL,COL,2006,7,7
COL,COL,2006,7,8
COL,COL,2006,7,9
COL,COL,2006,7,10
COL,COL,2006,7,11
COL,COL,2006,7,14
COL,COL,2006,7,15
COL,COL,2006,7,16
COL,COL,2006,7,17
COL,COL,2006,7,18
COL,COL,2006,7,21
COL,COL,2006,7,22
COL,COL,2006,7,23
COL,COL,2006,7,24
COL,COL,2006,7,25
COL,COL,2006,7,28
COL,COL,2006,7,29
COL,COL,2006,7,30
COL,COL,2006,7,31
COL,COL,2006,8,4
COL,COL,2006,8,5
COL,COL,2006,8,6
COL,COL,2006,8,7
COL,COL,2006,8,8
COL,COL,2006,8,11
COL,COL,2006,8,12
COL,COL,2006,9,4
COL,COL,2006,9,6
COL,COL,2006,9,7
COL,COL,2006,9,8
COL,COL,2006,9,12
COL,COL,2006,9,13
COL,COL,2006,9,14
COL,COL,2006,9,16
COL,COL,2006,9,19
COL,COL,2006,9,20
COL,COL,2006,9,21
COL,COL,2006,9,22
COL,COL,2006,9,26
COL,COL,2006,9,27
COL,COL,2006,9,28
COL,COL,2006,9,29
COL,COL,2006,10,3
COL,COL,2006,10,4
COL,COL,2006,10,5
COL,COL,2006,10,6
COL,COL,2006,10,10
COL,COL,2006,10,11
COL,COL,2006,10,12
COL,COL,2006,10,13
COL,COL,2006,10,17
COL,COL,2006,10,18
COL,COL,2006,10,19
COL,COL,2006,10,20
COL,COL,2006,10,24
COL,COL,2006,10,25
COL,COL,2006,10,26
COL,COL,2006,10,27
COL,COL,2006,10,31
COL,COL,2006,11,1
COL,COL,2006,11,2
COL,COL,2006,11,4
COL,COL,2007,6,15
COL,COL,2007,6,16
COL,COL,2007,6,17
COL,COL,2007,6,18
COL,COL,2007,6,19
COL,COL,2007,6,22
COL,COL,2007,6,23
COL,COL,2007,6,24
COL,COL,2007,6,25
COL,COL,2007,6,26
COL,COL,2007,6,30
COL,COL,2007,7,1
COL,COL,2007,7,2
COL,COL,2007,7,3
COL,COL,2007,7,4
COL,COL,2007,7,6
COL,COL,2007,7,7
COL,COL,2007,7,8
COL,COL,2007,7,9
COL,COL,2007,7,10
COL,COL,2007,7,13
COL,COL,2007,7,14
COL,COL,2007,7,15
COL,COL,2007,7,16
COL,COL,2007,7,17
COL,COL,2007,7,20
COL,COL,2007,7,21
COL,COL,2007,7,22
COL,COL,2007,7,23
COL,COL,2007,7,24
COL,COL,2007,7,27
COL,COL,2007,7,28
COL,COL,2007,7,29
COL,COL,2007,7,30
COL,COL,2007,7,31
COL,COL,2007,8,3
COL,COL,2007,8,4
COL,COL,2007,8,5
COL,COL,2007,8,6
COL,COL,2007,8,7
COL,COL,2007,9,15
COL,COL,2007,9,16
COL,COL,2007,9,17
COL,COL,2007,9,18
COL,COL,2007,9,22
COL,COL,2007,9,23
COL,COL,2007,9,24
COL,COL,2007,9,25
COL,COL,2007,9,29
COL,COL,2007,9,30
COL,COL,2007,10,1
COL,COL,2007,10,2
COL,COL,2007,10,6
COL,COL,2007,10,7
COL,COL,2007,10,8
COL,COL,2007,10,9
COL,COL,2007,10,13
COL,COL,2007,10,14
COL,COL,2007,10,15
COL,COL,2007,10,16
COL,COL,2007,10,20
COL,COL,2007,10,21
COL,COL,2007,10,22
COL,COL,2007,10,23
COL,COL,2007,10,27
COL,COL,2007,10,28
COL,COL,2007,10,29
COL,COL,2007,10,30
COL,COL,2007,11,3
COL,COL,2007,11,4
COL,COL,2007,11,5
COL,COL,2007,11,6
COL,COL,2008,6,9
COL,COL,2008,6,10
COL,COL,2008,6,11
COL,COL,2008,6,13
COL,COL,2008,6,14
COL,COL,2008,6,15
COL,COL,2008,6,16
COL,COL,2008,6,17
COL,COL,2008,6,20
COL,COL,2008,6,21
COL,COL,2008,6,22
COL,COL,2008,6,23
COL,COL,2008,6,24
COL,COL,2008,6,27
COL,COL,2008,6,28
COL,COL,2008,6,29
COL,COL,2008,6,30
COL,COL,2008,7,1
COL,COL,2008,7,3
COL,COL,2008,7,4
COL,COL,2008,7,5
COL,COL,2008,7,6
COL,COL,2008,7,7
COL,COL,2008,7,8
COL,COL,2008,7,11
COL,COL,2008,7,12
COL,COL,2008,7,13
COL,COL,2008,7,14
COL,COL,2008,7,15
COL,COL,2008,7,18
COL,COL,2008,7,19
COL,COL,2008,7,20
COL,COL,2008,7,21
COL,COL,2008,7,22
COL,COL,2008,7,25
COL,COL,2008,7,26
COL,COL,2008,7,27
COL,COL,2008,7,28
COL,COL,2008,7,29
COL,COL,2008,8,1
COL,COL,2008,8,2
COL,COL,2008,8,3
COL,COL,2008,8,4
COL,COL,2008,8,5
COL,COL,2008,8,6
COL,COL,2008,9,12
COL,COL,2008,9,13
COL,COL,2008,9,14
COL,COL,2008,9,16
COL,COL,2008,9,17
COL,COL,2008,9,20
COL,COL,2008,9,21
COL,COL,2008,9,23
COL,COL,2008,9,24
COL,COL,2008,9,27
COL,COL,2008,9,28
COL,COL,2008,9,30
COL,COL,2008,10,1
COL,COL,2008,10,4
COL,COL,2008,10,5
COL,COL,2008,10,7
COL,COL,2008,10,8
COL,COL,2008,10,11
COL,COL,2008,10,12
COL,COL,2008,10,14
COL,COL,2008,10,15
COL,COL,2008,10,18
COL,COL,2008,10,19
COL,COL,2008,10,21
COL,COL,2008,10,22
COL,COL,2008,10,24
COL,COL,2008,10,25
COL,COL,2008,10,26
COL,COL,2008,10,28
COL,COL,2008,10,29
COL,COL,2008,11,1
COL,COL,2008,11,2
COL,COL,2008,11,4
COL,COL,2008,11,5
COL,COL,2009,6,5
COL,COL,2009,6,6
COL,COL,2009,6,7
COL,COL,2009,6,8
COL,COL,2009,6,9
COL,COL,2009,6,12
COL,COL,2009,6,13
COL,COL,2009,6,14
COL,COL,2009,6,15
COL,COL,2009,6,16
COL,COL,2009,6,19
COL,COL,2009,6,20
COL,COL,2009,6,21
COL,COL,2009,6,22
COL,COL,2009,6,23
COL,COL,2009,6,26
COL,COL,2009,6,27
COL,COL,2009,6,28
COL,COL,2009,6,29
COL,COL,2009,6,30
COL,COL,2009,7,3
COL,COL,2009,7,4
COL,COL,2009,7,5
COL,COL,2009,7,6
COL,COL,2009,7,7
COL,COL,2009,7,10
COL,COL,2009,7,11
COL,COL,2009,7,12
COL,COL,2009,7,13
COL,COL,2009,7,14
COL,COL,2009,7,17
COL,COL,2009,7,18
COL,COL,2009,7,19
COL,COL,2009,7,20
COL,COL,2009,7,21
COL,COL,2009,7,24
COL,COL,2009,7,25
COL,COL,2009,7,26
COL,COL,2009,7,27
COL,COL,2009,7,28
COL,COL,2009,9,8
COL,COL,2009,9,9
COL,COL,2009,9,12
COL,COL,2009,9,13
COL,COL,2009,9,15
COL,COL,2009,9,16
COL,COL,2009,9,19
COL,COL,2009,9,20
COL,COL,2009,9,22
COL,COL,2009,9,23
COL,COL,2009,9,26
COL,COL,2009,9,27
COL,COL,2009,9,29
COL,COL,2009,9,30
COL,COL,2009,10,3
COL,COL,2009,10,4
COL,COL,2009,10,6
COL,COL,2009,10,7
COL,COL,2009,10,10
COL,COL,2009,10,11
COL,COL,2009,10,13
COL,COL,2009,10,14
COL,COL,2009,10,17
COL,COL,2009,10,18
COL,COL,2009,10,20
COL,COL,2009,10,21
COL,COL,2009,10,24
COL,COL,2009,10,25
COL,COL,2009,10,27
COL,COL,2009,10,28
COL,COL,2009,10,31
COL,COL,2009,11,1
COL,COL,2009,11,3
COL,COL,2009,11,4
COL,COL,2009,11,6
COL,COL,2009,11,7
COL,COL,2010,5,29
COL,COL,2010,5,30
COL,COL,2010,5,31
COL,COL,2010,6,1
COL,COL,2010,6,2
COL,COL,2010,6,5
COL,COL,2010,6,6
COL,COL,2010,6,7
COL,COL,2010,6,8
COL,COL,2010,6,9
COL,COL,2010,6,12
COL,COL,2010,6,13
COL,COL,2010,6,14
COL,COL,2010,6,15
COL,COL,2010,6,16
COL,COL,2010,6,19
COL,COL,2010,6,20
COL,COL,2010,6,21
COL,COL,2010,6,22
COL,COL,2010,6,23
COL,COL,2010,6,26
COL,COL,2010,6,27
COL,COL,2010,6,28
COL,COL,2010,6,29
COL,COL,2010,6,30
COL,COL,2010,7,3
COL,COL,2010,7,4
COL,COL,2010,7,5
COL,COL,2010,7,6
COL,COL,2010,7,7
COL,COL,2010,7,10
COL,COL,2010,7,11
COL,COL,2010,7,12
COL,COL,2010,7,13
COL,COL,2010,7,14
COL,COL,2010,7,17
COL,COL,2010,7,18
COL,COL,2010,7,19
COL,COL,2010,7,20
COL,COL,2010,7,21
COL,COL,2010,9,17
COL,COL,2010,9,18
COL,COL,2010,9,19
COL,COL,2010,9,21
COL,COL,2010,9,25
COL,COL,2010,9,26
COL,COL,2010,9,28
COL,COL,2010,9,29
COL,COL,2010,10,2
COL,COL,2010,10,3
COL,COL,2010,10,5
COL,COL,2010,10,6
COL,COL,2010,10,9
COL,COL,2010,10,10
COL,COL,2010,10,12
COL,COL,2010,10,13
COL,COL,2010,10,16
COL,COL,2010,10,17
COL,COL,2010,10,19
COL,COL,2010,10,20
COL,COL,2010,10,23
COL,COL,2010,10,24
COL,COL,2010,10,26
COL,COL,2010,10,27
COL,COL,2010,10,30
COL,COL,2010,10,31
COL,COL,2010,11,5
COL,COL,2010,11,6
COL,COL,2011,6,8
COL,COL,2011,6,9
COL,COL,2011,6,11
COL,COL,2011,6,12
COL,COL,2011,6,15
COL,COL,2011,6,16
COL,COL,2011,6,18
COL,COL,2011,6,19
COL,COL,2011,6,22
COL,COL,2011,6,23
COL,COL,2011,6,25
COL,COL,2011,6,26
COL,COL,2011,6,29
COL,COL,2011,6,30
COL,COL,2011,7,2
COL,COL,2011,7,3
COL,COL,2011,7,4
COL,COL,2011,7,6
COL,COL,2011,7,7
COL,COL,2011,7,9
COL,COL,2011,7,10
COL,COL,2011,7,13
COL,COL,2011,7,14
COL,COL,2011,7,16
COL,COL,2011,7,17
COL,COL,2011,7,20
COL,COL,2011,7,23
COL,COL,2011,7,24
COL,COL,2011,7,27
COL,COL,2011,7,28
COL,COL,2011,7,30
COL,COL,2011,7,31
COL,COL,2011,9,17
COL,COL,2011,9,18
COL,COL,2011,9,21
COL,COL,2011,9,22
COL,COL,2011,9,24
COL,COL,2011,9,25
COL,COL,2011,9,28
COL,COL,2011,9,29
COL,COL,2011,10,1
COL,COL,2011,10,2
COL,COL,2011,10,5
COL,COL,2011,10,6
COL,COL,2011,10,8
COL,COL,2011,10,9
COL,COL,2011,10,12
COL,COL,2011,10,13
COL,COL,2011,10,15
COL,COL,2011,10,16
COL,COL,2011,10,19
COL,COL,2011,10,20
COL,COL,2011,10,22
COL,COL,2011,10,23
COL,COL,2011,10,26
COL,COL,2011,10,27
COL,COL,2011,10,29
COL,COL,2011,10,30
COL,COL,2011,11,2
COL,COL,2011,11,3
COL,COL,2011,11,4
COL,COL,2011,11,5
COL,COL,2012,6,2
COL,COL,2012,6,3
COL,COL,2012,6,7
COL,COL,2012,6,8
COL,COL,2012,6,9
COL,COL,2012,6,10
COL,COL,2012,6,14
COL,COL,2012,6,15
COL,COL,2012,6,16
COL,COL,2012,6,17
COL,COL,2012,6,21
COL,COL,2012,6,22
COL,COL,2012,6,23
COL,COL,2012,6,24
COL,COL,2012,6,28
COL,COL,2012,6,29
COL,COL,2012,6,30
COL,COL,2012,7,4
COL,COL,2012,7,6
COL,COL,2012,7,7
COL,COL,2012,7,12
COL,COL,2012,7,13
COL,COL,2012,7,14
COL,COL,2012,7,15
COL,COL,2012,7,19
COL,COL,2012,7,20
COL,COL,2012,7,21
COL,COL,2012,7,25
COL,COL,2012,7,26
COL,COL,2012,7,27
COL,COL,2012,7,28
COL,COL,2012,9,5
COL,COL,2012,9,6
COL,COL,2012,9,8
COL,COL,2012,9,9
COL,COL,2012,9,12
COL,COL,2012,9,13
COL,COL,2012,9,15
COL,COL,2012,9,16
COL,COL,2012,9,19
COL,COL,2012,9,20
COL,COL,2012,9,22
COL,COL,2012,9,23
COL,COL,2012,9,26
COL,COL,2012,9,27
COL,COL,2012,9,29
COL,COL,2012,9,30
COL,COL,2012,10,3
COL,COL,2012,10,4
COL,COL,2012,10,6
COL,COL,2012,10,7
COL,COL,2012,10,10
COL,COL,2012,10,11
COL,COL,2012,10,13
COL,COL,2012,10,14
COL,COL,2013,6,8
COL,COL,2013,6,9
COL,COL,2013,6,12
COL,COL,2013,6,15
COL,COL,2013,6,16
COL,COL,2013,6,19
COL,COL,2013,6,20
COL,COL,2013,6,21
COL,COL,2013,6,22
COL,COL,2013,6,23
COL,COL,2013,6,26
COL,COL,2013,6,27
COL,COL,2013,6,28
COL,COL,2013,6,29
COL,COL,2013,6,30
COL,COL,2013,7,3
COL,COL,2013,7,4
COL,COL,2013,7,5
COL,COL,2013,7,6
COL,COL,2013,7,7
COL,COL,2013,7,10
COL,COL,2013,7,11
COL,COL,2013,7,12
COL,COL,2013,7,13
COL,COL,2013,9,18
COL,COL,2013,9,19
COL,COL,2013,9,21
COL,COL,2013,9,22
COL,COL,2013,9,25
COL,COL,2013,9,26
COL,COL,2013,9,28
COL,COL,2013,9,29
COL,COL,2013,10,2
COL,COL,2013,10,3
COL,COL,2013,10,5
COL,COL,2013,10,6
COL,COL,2013,10,9
COL,COL,2013,10,10
COL,COL,2013,10,12
COL,COL,2013,10,13
COL,COL,2013,10,16
COL,COL,2013,10,17
COL,COL,2013,10,19
COL,COL,2013,10,20
COL,COL,2013,10,23
COL,COL,2013,10,24
COL,COL,2013,10,26
COL,COL,2013,10,27
COL,COL,2014,9,17
COL,COL,2014,9,18
COL,COL,2014,9,20
COL,COL,2014,9,21
COL,COL,2014,9,24
COL,COL,2014,9,25
COL,COL,2014,9,27
COL,COL,2014,9,28
COL,COL,2014,10,1
COL,COL,2014,10,2
COL,COL,2014,10,4
COL,COL,2014,10,5
COL,COL,2014,10,8
COL,COL,2014,10,9
COL,COL,2014,10,11
COL,COL,2014,10,12
COL,COL,2014,10,15
COL,COL,2014,10,16
COL,COL,2014,10,18
COL,COL,2014,10,19
COL,COL,2014,10,22
COL,COL,2014,10,23
COL,COL,2014,10,25
COL,COL,2014,10,26
CTN,CTN,1999,6,7
CTN,CTN,1999,6,14
CTN,CTN,1999,6,16
CTN,CTN,1999,6,19
CTN,CTN,1999,6,23
CTN,CTN,1999,6,26
CTN,CTN,1999,6,28
CTN,CTN,1999,6,30
CTN,CTN,1999,7,3
CTN,CTN,1999,7,5
CTN,CTN,1999,7,7
CTN,CTN,1999,7,9
CTN,CTN,1999,7,10
CTN,CTN,1999,7,14
CTN,CTN,1999,7,16
CTN,CTN,1999,7,17
CTN,CTN,1999,7,21
CTN,CTN,1999,7,23
CTN,CTN,1999,7,24
CTN,CTN,1999,7,26
CTN,CTN,1999,7,28
CTN,CTN,1999,7,30
CTN,CTN,1999,7,31
CTN,CTN,1999,8,4
CTN,CTN,1999,8,9
CTN,CTN,1999,8,11
CTN,CTN,1999,8,14
CTN,CTN,1999,8,16
CTN,CTN,1999,8,18
CTN,CTN,1999,8,20
CTN,CTN,1999,8,21
CTN,CTN,1999,8,22
CTN,CTN,1999,8,23
CTN,CTN,1999,8,25
CTN,CTN,1999,8,29
CTN,CTN,1999,8,30
CTN,CTN,1999,9,1
CTN,CTN,1999,9,3
CTN,CTN,1999,9,4
CTN,CTN,1999,9,5
CTN,CTN,1999,9,6
CTN,CTN,1999,9,8
CTN,CTN,1999,9,10
CTN,CTN,1999,9,11
CTN,CTN,1999,9,12
CTN,CTN,1999,9,15
CTN,CTN,1999,9,17
CTN,CTN,1999,9,18
CTN,CTN,1999,9,19
CTN,CTN,1999,9,22
CTN,CTN,1999,9,24
CTN,CTN,1999,9,25
CTN,CTN,1999,9,26
CTN,CTN,1999,9,29
CTN,CTN,1999,10,1
CTN,CTN,1999,10,2
CTN,CTN,1999,10,3
CTN,CTN,1999,10,6
CTN,CTN,1999,10,8
CTN,CTN,1999,10,9
CTN,CTN,1999,10,10
CTN,CTN,1999,10,11
CTN,CTN,1999,10,13
CTN,CTN,1999,10,15
CTN,CTN,1999,10,16
CTN,CTN,1999,10,17
CTN,CTN,1999,10,20
CTN,CTN,1999,10,23
CTN,CTN,1999,10,24
CTN,CTN,1999,10,27
CTN,CTN,1999,10,29
CTN,CTN,1999,10,30
CTN,CTN,1999,10,31
CTN,CTN,1999,11,3
CTN,CTN,1999,11,5
CTN,CTN,1999,11,6
CTN,CTN,1999,11,7
CTN,CTN,1999,11,10
CTN,CTN,1999,11,12
CTN,CTN,1999,11,13
CTN,CTN,1999,11,14
CTN,CTN,1999,11,17
CTN,CTN,1999,11,19
CTN,CTN,1999,11,24
CTN,CTN,1999,11,26
CTN,CTN,1999,11,27
CTN,CTN,1999,11,28
CTN,CTN,1999,12,2
CTN,CTN,1999,12,4
CTN,CTN,1999,12,5
CTN,CTN,1999,12,9
CTN,CTN,1999,12,10
CTN,CTN,1999,12,12
CTN,CTN,1999,12,16
CTN,CTN,1999,12,19
CTN,CTN,1999,12,23
CTN,CTN,1999,12,26
CTN,CTN,1999,12,29
CTN,CTN,1999,12,30
CTN,CTN,2000,4,13
CTN,CTN,2000,4,14
CTN,CTN,2000,4,15
CTN,CTN,2000,4,16
CTN,CTN,2000,4,20
CTN,CTN,2000,4,21
CTN,CTN,2000,4,22
CTN,CTN,2000,4,27
CTN,CTN,2000,4,29
CTN,CTN,2000,4,30
CTN,CTN,2000,5,3
CTN,CTN,2000,5,4
CTN,CTN,2000,5,7
CTN,CTN,2000,5,11
CTN,CTN,2000,5,14
CTN,CTN,2000,5,17
CTN,CTN,2000,5,18
CTN,CTN,2000,5,21
CTN,CTN,2000,5,24
CTN,CTN,2000,5,25
CTN,CTN,2000,5,26
CTN,CTN,2000,5,27
CTN,CTN,2000,5,28
CTN,CTN,2000,5,31
CTN,CTN,2000,6,1
CTN,CTN,2000,6,2
CTN,CTN,2000,6,3
CTN,CTN,2000,6,4
CTN,CTN,2000,6,7
CTN,CTN,2000,6,8
CTN,CTN,2000,6,9
CTN,CTN,2000,6,10
CTN,CTN,2000,6,11
CTN,CTN,2000,6,14
CTN,CTN,2000,7,8
CTN,CTN,2000,7,13
CTN,CTN,2000,7,15
CTN,CTN,2000,7,16
CTN,CTN,2000,7,20
CTN,CTN,2000,7,21
CTN,CTN,2000,7,23
CTN,CTN,2000,7,27
CTN,CTN,2000,7,29
CTN,CTN,2000,7,30
CTN,CTN,2000,8,3
CTN,CTN,2000,8,5
CTN,CTN,2000,8,6
CTN,CTN,2000,8,10
CTN,CTN,2000,8,11
CTN,CTN,2000,8,12
CTN,CTN,2000,8,13
CTN,CTN,2000,8,17
CTN,CTN,2000,8,24
CTN,CTN,2000,8,25
CTN,CTN,2000,8,26
CTN,CTN,2000,8,31
CTN,CTN,2000,9,1
CTN,CTN,2000,9,3
CTN,CTN,2000,9,7
CTN,CTN,2000,9,10
CTN,CTN,2000,9,14
CTN,CTN,2000,9,15
CTN,CTN,2000,9,16
CTN,CTN,2000,9,22
CTN,CTN,2000,9,23
CTN,CTN,2000,9,24
CTN,CTN,2000,9,28
CTN,CTN,2000,9,30
CTN,CTN,2000,10,1
CTN,CTN,2000,10,5
CTN,CTN,2000,10,7
CTN,CTN,2000,10,8
CTN,CTN,2000,10,9
CTN,CTN,2000,10,12
CTN,CTN,2000,10,13
CTN,CTN,2000,10,14
CTN,CTN,2000,10,15
CTN,CTN,2000,10,19
CTN,CTN,2000,10,20
CTN,CTN,2000,10,22
CTN,CTN,2000,10,26
CTN,CTN,2000,10,28
CTN,CTN,2000,10,29
CTN,CTN,2000,11,2
CTN,CTN,2000,11,3
CTN,CTN,2000,11,4
CTN,CTN,2000,11,5
CTN,CTN,2000,11,9
CTN,CTN,2000,11,10
CTN,CTN,2000,11,11
CTN,CTN,2000,11,12
CTN,CTN,2000,11,16
CTN,CTN,2000,11,17
CTN,CTN,2000,11,18
CTN,CTN,2000,11,19
CTN,CTN,2000,11,24
CTN,CTN,2000,11,25
CTN,CTN,2000,11,26
CTN,CTN,2000,11,30
CTN,CTN,2000,12,1
CTN,CTN,2000,12,2
CTN,CTN,2000,12,3
CTN,CTN,2000,12,7
CTN,CTN,2000,12,8
CTN,CTN,2000,12,9
CTN,CTN,2000,12,10
CTN,CTN,2000,12,14
CTN,CTN,2000,12,15
CTN,CTN,2000,12,16
CTN,CTN,2000,12,21
CTN,CTN,2000,12,28
CTN,CTN,2000,12,29
CTN,CTN,2000,12,30
CTN,CTN,2000,12,31
CTN,CTN,2001,1,4
CTN,CTN,2001,1,5
CTN,CTN,2001,1,6
CTN,CTN,2001,1,7
CTN,CTN,2001,1,11
CTN,CTN,2001,1,12
CTN,CTN,2001,1,14
CTN,CTN,2001,1,18
CTN,CTN,2001,1,19
CTN,CTN,2001,1,20
CTN,CTN,2001,2,1
CTN,CTN,2001,2,2
CTN,CTN,2001,2,3
CTN,CTN,2001,2,4
CTN,CTN,2001,2,8
CTN,CTN,2001,2,9
CTN,CTN,2001,2,10
CTN,CTN,2001,2,11
CTN,CTN,2001,2,23
CTN,CTN,2001,2,25
CTN,CTN,2001,3,1
CTN,CTN,2001,3,2
CTN,CTN,2001,3,3
CTN,CTN,2001,3,4
CTN,CTN,2001,3,8
CTN,CTN,2001,3,9
CTN,CTN,2001,3,10
CTN,CTN,2001,3,11
CTN,CTN,2001,3,15
CTN,CTN,2001,3,16
CTN,CTN,2001,3,17
CTN,CTN,2001,3,18
CTN,CTN,2001,3,22
CTN,CTN,2001,3,23
CTN,CTN,2001,3,24
CTN,CTN,2001,3,25
CTN,CTN,2001,3,29
CTN,CTN,2001,4,5
CTN,CTN,2001,4,6
CTN,CTN,2001,4,7
CTN,CTN,2001,4,8
CTN,CTN,2001,4,12
CTN,CTN,2001,4,13
CTN,CTN,2001,4,14
CTN,CTN,2001,4,18
CTN,CTN,2001,4,19
CTN,CTN,2001,4,20
CTN,CTN,2001,4,21
CTN,CTN,2001,4,22
CTN,CTN,2001,4,26
CTN,CTN,2001,4,29
CTN,CTN,2001,5,2
CTN,CTN,2001,5,3
CTN,CTN,2001,5,4
CTN,CTN,2001,5,5
CTN,CTN,2001,5,6
CTN,CTN,2001,5,9
CTN,CTN,2001,5,10
CTN,CTN,2001,5,11
CTN,CTN,2001,5,12
CTN,CTN,2001,5,13
CTN,CTN,2001,5,17
CTN,CTN,2001,5,18
CTN,CTN,2001,5,19
CTN,CTN,2001,5,20
CTN,CTN,2001,5,24
CTN,CTN,2001,5,25
CTN,CTN,2001,5,26
CTN,CTN,2001,5,27
CTN,CTN,2001,5,28
CTN,CTN,2001,5,30
CTN,CTN,2001,5,31
CTN,CTN,2001,6,1
CTN,CTN,2001,6,2
CTN,CTN,2001,6,3
CTN,CTN,2001,6,7
CTN,CTN,2001,6,8
CTN,CTN,2001,6,14
CTN,CTN,2001,6,15
CTN,CTN,2001,6,16
CTN,CTN,2001,6,17
CTN,CTN,2001,6,21
CTN,CTN,2001,6,22
CTN,CTN,2001,6,23
CTN,CTN,2001,6,24
CTN,CTN,2001,6,28
CTN,CTN,2001,6,30
CTN,CTN,2001,7,1
CTN,CTN,2001,7,4
CTN,CTN,2001,7,7
CTN,CTN,2001,7,8
CTN,CTN,2001,7,11
CTN,CTN,2001,7,14
CTN,CTN,2001,7,15
CTN,CTN,2001,7,18
CTN,CTN,2001,7,19
CTN,CTN,2001,7,20
CTN,CTN,2001,7,21
CTN,CTN,2001,7,28
CTN,CTN,2001,8,9
CTN,CTN,2001,8,10
CTN,CTN,2001,8,11
CTN,CTN,2001,8,12
CTN,CTN,2001,8,17
CTN,CTN,2001,8,18
CTN,CTN,2001,8,19
CTN,CTN,2001,8,22
CTN,CTN,2001,8,24
CTN,CTN,2001,8,25
CTN,CTN,2001,8,26
CTN,CTN,2001,8,31
CTN,CTN,2001,9,1
CTN,CTN,2001,9,2
CTN,CTN,2001,9,3
CTN,CTN,2001,9,5
CTN,CTN,2001,9,6
CTN,CTN,2001,9,7
CTN,CTN,2001,9,8
CTN,CTN,2001,9,9
CTN,CTN,2001,9,13
CTN,CTN,2001,9,14
CTN,CTN,2001,9,15
CTN,CTN,2001,9,16
CTN,CTN,2001,9,19
CTN,CTN,2001,9,20
CTN,CTN,2001,9,22
CTN,CTN,2001,9,23
CTN,CTN,2001,9,26
CTN,CTN,2001,9,27
CTN,CTN,2001,9,28
CTN,CTN,2001,9,30
CTN,CTN,2001,10,3
CTN,CTN,2001,10,4
CTN,CTN,2001,10,5
CTN,CTN,2001,10,6
CTN,CTN,2001,10,7
CTN,CTN,2001,10,10
CTN,CTN,2001,10,11
CTN,CTN,2001,10,12
CTN,CTN,2001,10,13
CTN,CTN,2001,10,14
CTN,CTN,2001,10,18
CTN,CTN,2001,10,19
CTN,CTN,2001,10,20
CTN,CTN,2001,10,21
CTN,CTN,2001,10,26
CTN,CTN,2001,10,27
CTN,CTN,2001,10,28
CTN,CTN,2001,11,1
CTN,CTN,2001,11,3
CTN,CTN,2001,11,4
CTN,CTN,2001,11,7
CTN,CTN,2001,11,8
CTN,CTN,2001,11,9
CTN,CTN,2001,11,10
CTN,CTN,2001,11,11
CTN,CTN,2001,11,14
CTN,CTN,2001,11,15
CTN,CTN,2001,11,16
CTN,CTN,2001,11,18
CTN,CTN,2001,11,21
CTN,CTN,2001,11,24
CTN,CTN,2001,11,25
CTN,CTN,2001,11,28
CTN,CTN,2001,11,29
CTN,CTN,2001,11,30
CTN,CTN,2001,12,1
CTN,CTN,2001,12,2
CTN,CTN,2001,12,5
CTN,CTN,2001,12,6
CTN,CTN,2001,12,7
CTN,CTN,2001,12,9
CTN,CTN,2001,12,12
CTN,CTN,2001,12,14
CTN,CTN,2001,12,15
CTN,CTN,2001,12,16
CTN,CTN,2001,12,19
CTN,CTN,2001,12,20
CTN,CTN,2001,12,21
CTN,CTN,2001,12,23
CTN,CTN,2001,12,26
CTN,CTN,2001,12,27
CTN,CTN,2001,12,29
CTN,CTN,2001,12,30
CTN,CTN,2002,1,2
CTN,CTN,2002,1,3
CTN,CTN,2002,1,5
CTN,CTN,2002,1,6
CTN,CTN,2002,1,9
CTN,CTN,2002,1,10
CTN,CTN,2002,1,12
CTN,CTN,2002,1,13
CTN,CTN,2002,1,16
CTN,CTN,2002,1,17
CTN,CTN,2002,1,18
CTN,CTN,2002,1,20
CTN,CTN,2002,1,24
CTN,CTN,2002,1,25
CTN,CTN,2002,1,26
CTN,CTN,2002,1,27
CTN,CTN,2002,1,30
CTN,CTN,2002,1,31
CTN,CTN,2002,2,1
CTN,CTN,2002,2,2
CTN,CTN,2002,2,3
CTN,CTN,2002,2,7
CTN,CTN,2002,2,8
CTN,CTN,2002,2,9
CTN,CTN,2002,2,10
CTN,CTN,2002,2,13
CTN,CTN,2002,2,14
CTN,CTN,2002,2,15
CTN,CTN,2002,2,16
CTN,CTN,2002,2,17
CTN,CTN,2002,2,18
CTN,CTN,2002,2,20
CTN,CTN,2002,2,21
CTN,CTN,2002,2,22
CTN,CTN,2002,2,23
CTN,CTN,2002,2,24
CTN,CTN,2002,2,27
CTN,CTN,2002,2,28
CTN,CTN,2002,3,1
CTN,CTN,2002,3,2
CTN,CTN,2002,3,3
CTN,CTN,2002,3,6
CTN,CTN,2002,3,7
CTN,CTN,2002,3,8
CTN,CTN,2002,3,9
CTN,CTN,2002,3,10
CTN,CTN,2002,3,13
CTN,CTN,2002,3,14
CTN,CTN,2002,3,15
CTN,CTN,2002,3,16
CTN,CTN,2002,3,17
CTN,CTN,2002,3,20
CTN,CTN,2002,3,21
CTN,CTN,2002,3,22
CTN,CTN,2002,3,23
CTN,CTN,2002,3,24
CTN,CTN,2002,3,27
CTN,CTN,2002,3,28
CTN,CTN,2002,3,29
CTN,CTN,2002,3,30
CTN,CTN,2002,4,3
CTN,CTN,2002,4,4
CTN,CTN,2002,4,5
CTN,CTN,2002,4,7
CTN,CTN,2002,4,10
CTN,CTN,2002,4,11
CTN,CTN,2002,4,12
CTN,CTN,2002,4,13
CTN,CTN,2002,4,14
CTN,CTN,2002,4,17
CTN,CTN,2002,4,18
CTN,CTN,2002,4,19
CTN,CTN,2002,4,21
CTN,CTN,2002,4,24
CTN,CTN,2002,4,25
CTN,CTN,2002,4,26
CTN,CTN,2002,4,28
CTN,CTN,2002,5,15
CTN,CTN,2002,5,16
CTN,CTN,2002,5,17
CTN,CTN,2002,5,18
CTN,CTN,2002,5,19
CTN,CTN,2002,5,22
CTN,CTN,2002,5,23
CTN,CTN,2002,5,24
CTN,CTN,2002,5,25
CTN,CTN,2002,5,26
CTN,CTN,2002,5,27
CTN,CTN,2002,5,29
CTN,CTN,2002,5,30
CTN,CTN,2002,5,31
CTN,CTN,2002,6,1
CTN,CTN,2002,6,2
CTN,CTN,2002,6,5
CTN,CTN,2002,6,6
CTN,CTN,2002,6,7
CTN,CTN,2002,6,8
CTN,CTN,2002,6,9
CTN,CTN,2002,6,12
CTN,CTN,2002,6,13
CTN,CTN,2002,6,14
CTN,CTN,2002,6,15
CTN,CTN,2002,6,16
CTN,CTN,2002,6,19
CTN,CTN,2002,6,21
CTN,CTN,2002,6,22
CTN,CTN,2002,6,23
CTN,CTN,2002,6,26
CTN,CTN,2002,6,27
CTN,CTN,2002,6,28
CTN,CTN,2002,6,29
CTN,CTN,2002,6,30
CTN,CTN,2002,7,3
CTN,CTN,2002,7,4
CTN,CTN,2002,7,5
CTN,CTN,2002,7,6
CTN,CTN,2002,7,7
CTN,CTN,2002,7,10
CTN,CTN,2002,7,11
CTN,CTN,2002,7,12
CTN,CTN,2002,7,13
CTN,CTN,2002,7,14
CTN,CTN,2002,7,17
CTN,CTN,2002,7,18
CTN,CTN,2002,7,19
CTN,CTN,2002,7,20
CTN,CTN,2002,7,21
CTN,CTN,2002,7,24
CTN,CTN,2002,7,25
CTN,CTN,2002,7,26
CTN,CTN,2002,7,27
CTN,CTN,2002,7,28
CTN,CTN,2002,7,31
CTN,CTN,2002,8,1
CTN,CTN,2002,8,2
CTN,CTN,2002,8,3
CTN,CTN,2002,8,4
CTN,CTN,2002,8,7
CTN,CTN,2002,8,8
CTN,CTN,2002,8,9
CTN,CTN,2002,8,10
CTN,CTN,2002,8,11
CTN,CTN,2002,8,14
CTN,CTN,2002,8,15
CTN,CTN,2002,8,16
CTN,CTN,2002,8,17
CTN,CTN,2002,8,18
CTN,CTN,2002,8,21
CTN,CTN,2002,8,22
CTN,CTN,2002,8,23
CTN,CTN,2002,8,24
CTN,CTN,2002,8,25
CTN,CTN,2002,8,28
CTN,CTN,2002,8,29
CTN,CTN,2002,8,30
CTN,CTN,2002,8,31
CTN,CTN,2002,9,1
CTN,CTN,2002,9,2
CTN,CTN,2002,9,4
CTN,CTN,2002,9,5
CTN,CTN,2002,9,6
CTN,CTN,2002,9,7
CTN,CTN,2002,9,8
CTN,CTN,2002,9,11
CTN,CTN,2002,9,12
CTN,CTN,2002,9,13
CTN,CTN,2002,9,14
CTN,CTN,2002,9,15
CTN,CTN,2002,9,18
CTN,CTN,2002,9,19
CTN,CTN,2002,9,20
CTN,CTN,2002,9,21
CTN,CTN,2002,9,22
CTN,CTN,2002,9,25
CTN,CTN,2002,9,26
CTN,CTN,2002,9,27
CTN,CTN,2002,9,28
CTN,CTN,2002,9,29
CTN,CTN,2002,10,2
CTN,CTN,2002,10,3
CTN,CTN,2002,10,4
CTN,CTN,2002,10,5
CTN,CTN,2002,10,6
CTN,CTN,2002,10,9
CTN,CTN,2002,10,10
CTN,CTN,2002,10,11
CTN,CTN,2002,10,12
CTN,CTN,2002,10,13
CTN,CTN,2002,10,17
CTN,CTN,2002,10,18
CTN,CTN,2002,10,19
CTN,CTN,2002,10,20
CTN,CTN,2002,10,23
CTN,CTN,2002,10,24
CTN,CTN,2002,10,25
CTN,CTN,2002,10,26
CTN,CTN,2002,10,27
CTN,CTN,2002,10,30
CTN,CTN,2002,10,31
CTN,CTN,2002,11,1
CTN,CTN,2002,11,2
CTN,CTN,2002,11,3
CTN,CTN,2002,11,6
CTN,CTN,2002,11,7
CTN,CTN,2002,11,8
CTN,CTN,2002,11,9
CTN,CTN,2002,11,10
CTN,CTN,2002,11,13
CTN,CTN,2002,11,14
CTN,CTN,2002,11,15
CTN,CTN,2002,11,16
CTN,CTN,2002,11,20
CTN,CTN,2002,11,21
CTN,CTN,2002,11,22
CTN,CTN,2002,11,23
CTN,CTN,2002,11,24
CTN,CTN,2002,11,27
CTN,CTN,2002,11,29
CTN,CTN,2002,11,30
CTN,CTN,2002,12,1
CTN,CTN,2002,12,4
CTN,CTN,2002,12,6
CTN,CTN,2002,12,7
CTN,CTN,2002,12,8
CTN,CTN,2002,12,13
CTN,CTN,2002,12,14
CTN,CTN,2002,12,15
CTN,CTN,2002,12,18
CTN,CTN,2002,12,19
CTN,CTN,2002,12,20
CTN,CTN,2002,12,21
CTN,CTN,2002,12,22
CTN,CTN,2002,12,26
CTN,CTN,2002,12,27
CTN,CTN,2002,12,28
CTN,CTN,2002,12,29
CTN,CTN,2003,1,1
CTN,CTN,2003,1,2
CTN,CTN,2003,1,4
CTN,CTN,2003,1,5
CTN,CTN,2003,1,10
CTN,CTN,2003,1,11
CTN,CTN,2003,1,12
CTN,CTN,2003,1,15
CTN,CTN,2003,1,16
CTN,CTN,2003,1,17
CTN,CTN,2003,1,18
CTN,CTN,2003,1,19
CTN,CTN,2003,1,22
CTN,CTN,2003,1,24
CTN,CTN,2003,1,25
CTN,CTN,2003,1,26
CTN,CTN,2003,1,29
CTN,CTN,2003,1,30
CTN,CTN,2003,1,31
CTN,CTN,2003,2,1
CTN,CTN,2003,2,2
CTN,CTN,2003,2,5
CTN,CTN,2003,2,6
CTN,CTN,2003,2,8
CTN,CTN,2003,2,9
CTN,CTN,2003,2,12
CTN,CTN,2003,2,13
CTN,CTN,2003,2,14
CTN,CTN,2003,3,5
CTN,CTN,2003,3,6
CTN,CTN,2003,3,7
CTN,CTN,2003,3,8
CTN,CTN,2003,3,9
CTN,CTN,2003,3,12
CTN,CTN,2003,3,13
CTN,CTN,2003,3,14
CTN,CTN,2003,3,15
CTN,CTN,2003,3,16
CTN,CTN,2003,3,17
CTN,CTN,2003,3,19
CTN,CTN,2003,3,20
CTN,CTN,2003,3,21
CTN,CTN,2003,3,22
CTN,CTN,2003,3,23
CTN,CTN,2003,3,26
CTN,CTN,2003,3,27
CTN,CTN,2003,3,28
CTN,CTN,2003,3,29
CTN,CTN,2003,4,2
CTN,CTN,2003,4,3
CTN,CTN,2003,4,4
CTN,CTN,2003,4,5
CTN,CTN,2003,4,6
CTN,CTN,2003,4,9
CTN,CTN,2003,4,10
CTN,CTN,2003,4,11
CTN,CTN,2003,4,12
CTN,CTN,2003,4,13
CTN,CTN,2003,4,16
CTN,CTN,2003,4,17
CTN,CTN,2003,4,18
CTN,CTN,2003,4,19
CTN,CTN,2003,4,23
CTN,CTN,2003,4,24
CTN,CTN,2003,4,25
CTN,CTN,2003,4,26
CTN,CTN,2003,4,27
CTN,CTN,2003,4,30
CTN,CTN,2003,5,1
CTN,CTN,2003,5,2
CTN,CTN,2003,5,3
CTN,CTN,2003,5,4
CTN,CTN,2003,5,7
CTN,CTN,2003,5,8
CTN,CTN,2003,5,9
CTN,CTN,2003,5,10
CTN,CTN,2003,5,11
CTN,CTN,2003,5,14
CTN,CTN,2003,5,15
CTN,CTN,2003,5,16
CTN,CTN,2003,5,17
CTN,CTN,2003,5,18
CTN,CTN,2003,5,21
CTN,CTN,2003,5,22
CTN,CTN,2003,5,23
CTN,CTN,2003,5,24
CTN,CTN,2003,5,25
CTN,CTN,2003,5,26
CTN,CTN,2003,5,28
CTN,CTN,2003,5,29
CTN,CTN,2003,5,30
CTN,CTN,2003,5,31
CTN,CTN,2003,6,1
CTN,CTN,2003,6,4
CTN,CTN,2003,6,5
CTN,CTN,2003,6,6
CTN,CTN,2003,6,7
CTN,CTN,2003,6,8
CTN,CTN,2003,6,11
CTN,CTN,2003,6,12
CTN,CTN,2003,6,13
CTN,CTN,2003,6,14
CTN,CTN,2003,6,15
CTN,CTN,2003,6,18
CTN,CTN,2003,6,19
CTN,CTN,2003,6,20
CTN,CTN,2003,6,21
CTN,CTN,2003,6,22
CTN,CTN,2003,6,25
CTN,CTN,2003,6,26
CTN,CTN,2003,6,27
CTN,CTN,2003,6,28
CTN,CTN,2003,6,29
CTN,CTN,2003,7,2
CTN,CTN,2003,7,3
CTN,CTN,2003,7,4
CTN,CTN,2003,7,5
CTN,CTN,2003,7,6
CTN,CTN,2003,7,9
CTN,CTN,2003,7,10
CTN,CTN,2003,7,11
CTN,CTN,2003,7,12
CTN,CTN,2003,7,13
CTN,CTN,2003,7,16
CTN,CTN,2003,7,17
CTN,CTN,2003,7,18
CTN,CTN,2003,7,19
CTN,CTN,2003,7,20
CTN,CTN,2003,7,23
CTN,CTN,2003,7,24
CTN,CTN,2003,7,25
CTN,CTN,2003,7,26
CTN,CTN,2003,7,27
CTN,CTN,2003,7,30
CTN,CTN,2003,7,31
CTN,CTN,2003,8,1
CTN,CTN,2003,8,2
CTN,CTN,2003,8,3
CTN,CTN,2003,8,6
CTN,CTN,2003,8,7
CTN,CTN,2003,8,8
CTN,CTN,2003,8,9
CTN,CTN,2003,8,10
CTN,CTN,2003,8,13
CTN,CTN,2003,8,14
CTN,CTN,2003,8,15
CTN,CTN,2003,8,16
CTN,CTN,2003,8,17
CTN,CTN,2003,8,20
CTN,CTN,2003,8,21
CTN,CTN,2003,8,22
CTN,CTN,2003,8,23
CTN,CTN,2003,8,24
CTN,CTN,2003,8,27
CTN,CTN,2003,8,28
CTN,CTN,2003,8,29
CTN,CTN,2003,8,30
CTN,CTN,2003,8,31
CTN,CTN,2003,9,1
CTN,CTN,2003,9,4
CTN,CTN,2003,9,5
CTN,CTN,2003,9,6
CTN,CTN,2003,9,7
CTN,CTN,2003,9,10
CTN,CTN,2003,9,11
CTN,CTN,2003,9,12
CTN,CTN,2003,9,13
CTN,CTN,2003,9,14
CTN,CTN,2003,9,17
CTN,CTN,2003,9,19
CTN,CTN,2003,9,20
CTN,CTN,2003,9,21
CTN,CTN,2003,9,24
CTN,CTN,2003,9,25
CTN,CTN,2003,9,26
CTN,CTN,2003,9,27
CTN,CTN,2003,9,28
CTN,CTN,2003,10,1
CTN,CTN,2003,10,2
CTN,CTN,2003,10,3
CTN,CTN,2003,10,4
CTN,CTN,2003,10,5
CTN,CTN,2003,10,8
CTN,CTN,2003,10,9
CTN,CTN,2003,10,10
CTN,CTN,2003,10,11
CTN,CTN,2003,10,12
CTN,CTN,2003,10,15
CTN,CTN,2003,10,16
CTN,CTN,2003,10,17
CTN,CTN,2003,10,18
CTN,CTN,2003,10,19
CTN,CTN,2003,10,22
CTN,CTN,2003,10,23
CTN,CTN,2003,10,24
CTN,CTN,2003,10,25
CTN,CTN,2003,10,26
CTN,CTN,2003,10,29
CTN,CTN,2003,10,30
CTN,CTN,2003,10,31
CTN,CTN,2003,11,1
CTN,CTN,2003,11,2
CTN,CTN,2003,11,5
CTN,CTN,2003,11,6
CTN,CTN,2003,11,7
CTN,CTN,2003,11,8
CTN,CTN,2003,11,9
CTN,CTN,2003,11,12
CTN,CTN,2003,11,13
CTN,CTN,2003,11,14
CTN,CTN,2003,11,15
CTN,CTN,2003,11,16
CTN,CTN,2003,11,19
CTN,CTN,2003,11,20
CTN,CTN,2003,11,21
CTN,CTN,2003,11,22
CTN,CTN,2003,11,23
CTN,CTN,2003,11,26
CTN,CTN,2003,11,28
CTN,CTN,2003,11,29
CTN,CTN,2003,11,30
CTN,CTN,2003,12,3
CTN,CTN,2003,12,4
CTN,CTN,2003,12,10
CTN,CTN,2003,12,11
CTN,CTN,2003,12,12
CTN,CTN,2003,12,13
CTN,CTN,2003,12,17
CTN,CTN,2003,12,18
CTN,CTN,2003,12,19
CTN,CTN,2003,12,20
CTN,CTN,2003,12,21
CTN,CTN,2003,12,26
CTN,CTN,2003,12,27
CTN,CTN,2003,12,28
CTN,CTN,2003,12,31
CTN,CTN,2004,1,1
CTN,CTN,2004,1,2
CTN,CTN,2004,1,3
CTN,CTN,2004,1,4
CTN,CTN,2004,1,7
CTN,CTN,2004,1,8
CTN,CTN,2004,1,9
CTN,CTN,2004,1,10
CTN,CTN,2004,1,11
CTN,CTN,2004,1,14
CTN,CTN,2004,1,17
CTN,CTN,2004,1,18
CTN,CTN,2004,1,19
CTN,CTN,2004,1,21
CTN,CTN,2004,1,22
CTN,CTN,2004,1,23
CTN,CTN,2004,1,29
CTN,CTN,2004,1,30
CTN,CTN,2004,1,31
CTN,CTN,2004,2,1
CTN,CTN,2004,2,11
CTN,CTN,2004,2,12
CTN,CTN,2004,2,13
CTN,CTN,2004,2,14
CTN,CTN,2004,2,15
CTN,CTN,2004,2,16
CTN,CTN,2004,2,18
CTN,CTN,2004,2,19
CTN,CTN,2004,2,20
CTN,CTN,2004,2,21
CTN,CTN,2004,2,22
CTN,CTN,2004,2,25
CTN,CTN,2004,2,26
CTN,CTN,2004,2,27
CTN,CTN,2004,2,28
CTN,CTN,2004,2,29
CTN,CTN,2004,3,3
CTN,CTN,2004,3,4
CTN,CTN,2004,3,5
CTN,CTN,2004,3,6
CTN,CTN,2004,3,7
CTN,CTN,2004,3,10
CTN,CTN,2004,3,11
CTN,CTN,2004,3,12
CTN,CTN,2004,3,13
CTN,CTN,2004,3,14
CTN,CTN,2004,3,17
CTN,CTN,2004,3,18
CTN,CTN,2004,3,19
CTN,CTN,2004,3,20
CTN,CTN,2004,3,21
CTN,CTN,2004,3,24
CTN,CTN,2004,3,25
CTN,CTN,2004,3,26
CTN,CTN,2004,3,27
CTN,CTN,2004,3,28
CTN,CTN,2004,3,31
CTN,CTN,2004,4,1
CTN,CTN,2004,4,3
CTN,CTN,2004,4,4
CTN,CTN,2004,4,7
CTN,CTN,2004,4,8
CTN,CTN,2004,4,9
CTN,CTN,2004,4,10
CTN,CTN,2004,4,14
CTN,CTN,2004,4,15
CTN,CTN,2004,4,16
CTN,CTN,2004,4,17
CTN,CTN,2004,4,18
CTN,CTN,2004,4,21
CTN,CTN,2004,4,22
CTN,CTN,2004,4,23
CTN,CTN,2004,4,24
CTN,CTN,2004,4,25
CTN,CTN,2004,4,28
CTN,CTN,2004,4,29
CTN,CTN,2004,4,30
CTN,CTN,2004,5,1
CTN,CTN,2004,5,2
CTN,CTN,2004,5,5
CTN,CTN,2004,5,6
CTN,CTN,2004,5,7
CTN,CTN,2004,5,8
CTN,CTN,2004,5,9
CTN,CTN,2004,5,12
CTN,CTN,2004,5,13
CTN,CTN,2004,5,14
CTN,CTN,2004,5,15
CTN,CTN,2004,5,16
CTN,CTN,2004,5,19
CTN,CTN,2004,5,20
CTN,CTN,2004,5,21
CTN,CTN,2004,5,22
CTN,CTN,2004,5,23
CTN,CTN,2004,5,26
CTN,CTN,2004,5,27
CTN,CTN,2004,5,28
CTN,CTN,2004,5,29
CTN,CTN,2004,5,30
CTN,CTN,2004,5,31
CTN,CTN,2004,6,2
CTN,CTN,2004,6,3
CTN,CTN,2004,6,4
CTN,CTN,2004,6,5
CTN,CTN,2004,6,6
CTN,CTN,2004,6,9
CTN,CTN,2004,6,10
CTN,CTN,2004,6,11
CTN,CTN,2004,6,12
CTN,CTN,2004,6,13
CTN,CTN,2004,6,16
CTN,CTN,2004,6,17
CTN,CTN,2004,6,18
CTN,CTN,2004,6,19
CTN,CTN,2004,6,20
CTN,CTN,2004,6,23
CTN,CTN,2004,6,24
CTN,CTN,2004,6,25
CTN,CTN,2004,6,26
CTN,CTN,2004,6,27
CTN,CTN,2004,7,1
CTN,CTN,2004,7,2
CTN,CTN,2004,7,3
CTN,CTN,2004,7,4
CTN,CTN,2004,7,5
CTN,CTN,2004,7,7
CTN,CTN,2004,7,8
CTN,CTN,2004,7,9
CTN,CTN,2004,7,10
CTN,CTN,2004,7,11
CTN,CTN,2004,7,14
CTN,CTN,2004,7,15
CTN,CTN,2004,7,16
CTN,CTN,2004,7,17
CTN,CTN,2004,7,18
CTN,CTN,2004,7,21
CTN,CTN,2004,7,22
CTN,CTN,2004,7,23
CTN,CTN,2004,7,24
CTN,CTN,2004,7,25
CTN,CTN,2004,7,28
CTN,CTN,2004,7,29
CTN,CTN,2004,7,30
CTN,CTN,2004,7,31
CTN,CTN,2004,8,1
CTN,CTN,2004,8,25
CTN,CTN,2004,8,26
CTN,CTN,2004,8,27
CTN,CTN,2004,8,28
CTN,CTN,2004,8,29
CTN,CTN,2004,9,1
CTN,CTN,2004,9,2
CTN,CTN,2004,9,3
CTN,CTN,2004,9,4
CTN,CTN,2004,9,5
CTN,CTN,2004,9,6
CTN,CTN,2004,9,8
CTN,CTN,2004,9,9
CTN,CTN,2004,9,10
CTN,CTN,2004,9,11
CTN,CTN,2004,9,12
CTN,CTN,2004,9,25
CTN,CTN,2004,9,26
CTN,CTN,2004,9,29
CTN,CTN,2004,10,8
CTN,CTN,2004,10,9
CTN,CTN,2004,10,10
CTN,CTN,2004,10,11
CTN,CTN,2004,10,13
CTN,CTN,2004,10,14
CTN,CTN,2004,10,15
CTN,CTN,2004,10,16
CTN,CTN,2004,10,17
CTN,CTN,2004,10,20
CTN,CTN,2004,10,21
CTN,CTN,2004,10,22
CTN,CTN,2004,10,23
CTN,CTN,2004,10,27
CTN,CTN,2004,10,28
CTN,CTN,2004,10,29
CTN,CTN,2004,10,30
CTN,CTN,2004,10,31
CTN,CTN,2004,11,3
CTN,CTN,2004,11,4
CTN,CTN,2004,11,5
CTN,CTN,2004,11,6
CTN,CTN,2004,11,7
CTN,CTN,2004,11,9
CTN,CTN,2004,11,10
CTN,CTN,2004,11,11
CTN,CTN,2004,11,12
CTN,CTN,2004,11,13
CTN,CTN,2004,11,14
CTN,CTN,2004,11,16
CTN,CTN,2004,11,17
CTN,CTN,2004,11,18
CTN,CTN,2004,11,19
CTN,CTN,2004,11,20
CTN,CTN,2004,11,21
CTN,CTN,2004,11,22
CTN,CTN,2004,11,23
CTN,CTN,2004,11,24
CTN,CTN,2004,11,26
CTN,CTN,2004,11,27
CTN,CTN,2004,11,28
CTN,CTN,2004,11,30
CTN,CTN,2004,12,1
CTN,CTN,2004,12,2
CTN,CTN,2004,12,3
CTN,CTN,2004,12,4
CTN,CTN,2004,12,5
CTN,CTN,2004,12,8
CTN,CTN,2004,12,9
CTN,CTN,2004,12,10
CTN,CTN,2004,12,11
CTN,CTN,2004,12,12
CTN,CTN,2004,12,14
CTN,CTN,2004,12,15
CTN,CTN,2004,12,16
CTN,CTN,2004,12,17
CTN,CTN,2004,12,18
CTN,CTN,2004,12,19
CTN,CTN,2004,12,21
CTN,CTN,2004,12,22
CTN,CTN,2004,12,23
CTN,CTN,2004,12,26
CTN,CTN,2004,12,28
CTN,CTN,2004,12,29
CTN,CTN,2004,12,30
CTN,CTN,2004,12,31
CTN,CTN,2005,1,1
CTN,CTN,2005,1,2
CTN,CTN,2005,1,6
CTN,CTN,2005,1,7
CTN,CTN,2005,1,8
CTN,CTN,2005,1,9
CTN,CTN,2005,1,13
CTN,CTN,2005,1,14
CTN,CTN,2005,1,15
CTN,CTN,2005,1,16
CTN,CTN,2005,1,20
CTN,CTN,2005,1,21
CTN,CTN,2005,1,28
CTN,CTN,2005,1,29
CTN,CTN,2005,2,2
CTN,CTN,2005,2,3
CTN,CTN,2005,2,4
CTN,CTN,2005,2,5
CTN,CTN,2005,2,6
CTN,CTN,2005,2,9
CTN,CTN,2005,2,10
CTN,CTN,2005,2,11
CTN,CTN,2005,2,12
CTN,CTN,2005,2,13
CTN,CTN,2005,2,16
CTN,CTN,2005,2,17
CTN,CTN,2005,2,18
CTN,CTN,2005,2,19
CTN,CTN,2005,2,20
CTN,CTN,2005,2,21
CTN,CTN,2005,2,23
CTN,CTN,2005,2,25
CTN,CTN,2005,2,26
CTN,CTN,2005,2,27
CTN,CTN,2005,3,2
CTN,CTN,2005,3,4
CTN,CTN,2005,3,5
CTN,CTN,2005,3,6
CTN,CTN,2005,3,9
CTN,CTN,2005,3,10
CTN,CTN,2005,3,11
CTN,CTN,2005,3,12
CTN,CTN,2005,3,13
CTN,CTN,2005,3,16
CTN,CTN,2005,3,17
CTN,CTN,2005,3,18
CTN,CTN,2005,3,19
CTN,CTN,2005,3,20
CTN,CTN,2005,3,23
CTN,CTN,2005,3,24
CTN,CTN,2005,3,25
CTN,CTN,2005,3,26
CTN,CTN,2005,3,30
CTN,CTN,2005,3,31
CTN,CTN,2005,4,1
CTN,CTN,2005,4,6
CTN,CTN,2005,4,7
CTN,CTN,2005,4,8
CTN,CTN,2005,4,9
CTN,CTN,2005,4,10
CTN,CTN,2005,4,13
CTN,CTN,2005,4,14
CTN,CTN,2005,4,15
CTN,CTN,2005,4,16
CTN,CTN,2005,4,17
CTN,CTN,2005,4,20
CTN,CTN,2005,4,21
CTN,CTN,2005,4,22
CTN,CTN,2005,4,23
CTN,CTN,2005,4,24
CTN,CTN,2005,4,27
CTN,CTN,2005,4,28
CTN,CTN,2005,4,29
CTN,CTN,2005,4,30
CTN,CTN,2005,5,4
CTN,CTN,2005,5,5
CTN,CTN,2005,5,6
CTN,CTN,2005,5,7
CTN,CTN,2005,5,8
CTN,CTN,2005,5,11
CTN,CTN,2005,5,12
CTN,CTN,2005,5,13
CTN,CTN,2005,5,14
CTN,CTN,2005,5,15
CTN,CTN,2005,5,18
CTN,CTN,2005,5,19
CTN,CTN,2005,5,20
CTN,CTN,2005,5,21
CTN,CTN,2005,5,22
CTN,CTN,2005,5,25
CTN,CTN,2005,5,26
CTN,CTN,2005,5,27
CTN,CTN,2005,5,28
CTN,CTN,2005,5,29
CTN,CTN,2005,5,30
CTN,CTN,2005,6,1
CTN,CTN,2005,6,2
CTN,CTN,2005,6,3
CTN,CTN,2005,6,4
CTN,CTN,2005,6,5
CTN,CTN,2005,6,8
CTN,CTN,2005,6,9
CTN,CTN,2005,6,10
CTN,CTN,2005,6,11
CTN,CTN,2005,6,12
CTN,CTN,2005,6,15
CTN,CTN,2005,6,16
CTN,CTN,2005,6,17
CTN,CTN,2005,6,18
CTN,CTN,2005,6,19
CTN,CTN,2005,6,22
CTN,CTN,2005,6,23
CTN,CTN,2005,6,24
CTN,CTN,2005,6,25
CTN,CTN,2005,6,26
CTN,CTN,2005,6,29
CTN,CTN,2005,6,30
CTN,CTN,2005,7,1
CTN,CTN,2005,7,2
CTN,CTN,2005,7,3
CTN,CTN,2005,7,4
CTN,CTN,2005,7,6
CTN,CTN,2005,7,7
CTN,CTN,2005,7,8
CTN,CTN,2005,7,9
CTN,CTN,2005,7,10
CTN,CTN,2005,7,13
CTN,CTN,2005,7,14
CTN,CTN,2005,7,15
CTN,CTN,2005,7,16
CTN,CTN,2005,7,17
CTN,CTN,2005,7,20
CTN,CTN,2005,7,21
CTN,CTN,2005,7,22
CTN,CTN,2005,7,23
CTN,CTN,2005,7,24
CTN,CTN,2005,7,27
CTN,CTN,2005,7,28
CTN,CTN,2005,7,29
CTN,CTN,2005,7,30
CTN,CTN,2005,7,31
CTN,CTN,2005,8,3
CTN,CTN,2005,8,4
CTN,CTN,2005,8,5
CTN,CTN,2005,8,6
CTN,CTN,2005,8,7
CTN,CTN,2005,8,10
CTN,CTN,2005,8,11
CTN,CTN,2005,8,12
CTN,CTN,2005,8,13
CTN,CTN,2005,8,14
CTN,CTN,2005,8,17
CTN,CTN,2005,8,18
CTN,CTN,2005,8,19
CTN,CTN,2005,8,20
CTN,CTN,2005,8,21
CTN,CTN,2005,8,24
CTN,CTN,2005,8,25
CTN,CTN,2005,8,26
CTN,CTN,2005,8,27
CTN,CTN,2005,8,28
CTN,CTN,2005,8,31
CTN,CTN,2005,9,1
CTN,CTN,2005,9,2
CTN,CTN,2005,9,3
CTN,CTN,2005,9,4
CTN,CTN,2005,9,5
CTN,CTN,2005,9,7
CTN,CTN,2005,9,8
CTN,CTN,2005,9,9
CTN,CTN,2005,9,10
CTN,CTN,2005,9,11
CTN,CTN,2005,9,14
CTN,CTN,2005,9,15
CTN,CTN,2005,9,16
CTN,CTN,2005,9,17
CTN,CTN,2005,9,18
CTN,CTN,2005,9,21
CTN,CTN,2005,9,22
CTN,CTN,2005,9,23
CTN,CTN,2005,9,24
CTN,CTN,2005,9,25
CTN,CTN,2005,9,28
CTN,CTN,2005,9,29
CTN,CTN,2005,9,30
CTN,CTN,2005,10,1
CTN,CTN,2005,10,2
CTN,CTN,2005,10,5
CTN,CTN,2005,10,6
CTN,CTN,2005,10,7
CTN,CTN,2005,10,8
CTN,CTN,2005,10,9
CTN,CTN,2005,10,10
CTN,CTN,2005,10,12
CTN,CTN,2005,10,13
CTN,CTN,2005,10,14
CTN,CTN,2005,10,15
CTN,CTN,2005,10,16
CTN,CTN,2005,10,19
CTN,CTN,2005,10,20
CTN,CTN,2005,10,21
CTN,CTN,2005,10,22
CTN,CTN,2005,10,23
CTN,CTN,2005,10,26
CTN,CTN,2005,10,27
CTN,CTN,2005,10,28
CTN,CTN,2005,10,29
CTN,CTN,2005,10,30
CTN,CTN,2005,11,2
CTN,CTN,2005,11,3
CTN,CTN,2005,11,4
CTN,CTN,2005,11,5
CTN,CTN,2005,11,6
CTN,CTN,2005,11,9
CTN,CTN,2005,11,10
CTN,CTN,2005,11,11
CTN,CTN,2005,11,12
CTN,CTN,2005,11,13
CTN,CTN,2005,11,16
CTN,CTN,2005,11,17
CTN,CTN,2005,11,18
CTN,CTN,2005,11,19
CTN,CTN,2005,11,20
CTN,CTN,2005,11,23
CTN,CTN,2005,11,25
CTN,CTN,2005,11,26
CTN,CTN,2005,11,27
CTN,CTN,2005,11,30
CTN,CTN,2005,12,1
CTN,CTN,2005,12,2
CTN,CTN,2005,12,3
CTN,CTN,2005,12,4
CTN,CTN,2005,12,7
CTN,CTN,2005,12,8
CTN,CTN,2005,12,10
CTN,CTN,2005,12,11
CTN,CTN,2005,12,14
CTN,CTN,2005,12,21
CTN,CTN,2005,12,22
CTN,CTN,2005,12,28
CTN,CTN,2005,12,29
CTN,CTN,2005,12,30
CTN,CTN,2005,12,31
CTN,CTN,2006,1,1
CTN,CTN,2006,1,5
CTN,CTN,2006,1,6
CTN,CTN,2006,1,7
CTN,CTN,2006,1,12
CTN,CTN,2006,1,13
CTN,CTN,2006,1,14
CTN,CTN,2006,1,19
CTN,CTN,2006,1,20
CTN,CTN,2006,1,21
CTN,CTN,2006,1,26
CTN,CTN,2006,1,27
CTN,CTN,2006,1,28
CTN,CTN,2006,2,1
CTN,CTN,2006,2,2
CTN,CTN,2006,2,3
CTN,CTN,2006,2,4
CTN,CTN,2006,2,9
CTN,CTN,2006,2,10
CTN,CTN,2006,2,16
CTN,CTN,2006,2,17
CTN,CTN,2006,2,18
CTN,CTN,2006,2,23
CTN,CTN,2006,2,24
CTN,CTN,2006,2,25
CTN,CTN,2006,3,1
CTN,CTN,2006,3,2
CTN,CTN,2006,3,3
CTN,CTN,2006,3,4
CTN,CTN,2006,3,8
CTN,CTN,2006,3,9
CTN,CTN,2006,3,10
CTN,CTN,2006,3,11
CTN,CTN,2006,3,15
CTN,CTN,2006,3,16
CTN,CTN,2006,3,17
CTN,CTN,2006,3,18
CTN,CTN,2006,3,22
CTN,CTN,2006,3,23
CTN,CTN,2006,3,24
CTN,CTN,2006,3,25
CTN,CTN,2006,4,5
CTN,CTN,2006,4,6
CTN,CTN,2006,4,7
CTN,CTN,2006,4,8
CTN,CTN,2006,4,9
CTN,CTN,2006,4,12
CTN,CTN,2006,4,13
CTN,CTN,2006,4,14
CTN,CTN,2006,4,15
CTN,CTN,2006,4,19
CTN,CTN,2006,4,20
CTN,CTN,2006,4,21
CTN,CTN,2006,4,22
CTN,CTN,2006,4,23
CTN,CTN,2006,4,26
CTN,CTN,2006,4,27
CTN,CTN,2006,4,28
CTN,CTN,2006,4,29
CTN,CTN,2006,4,30
CTN,CTN,2006,5,3
CTN,CTN,2006,5,4
CTN,CTN,2006,5,5
CTN,CTN,2006,5,6
CTN,CTN,2006,5,7
CTN,CTN,2006,5,10
CTN,CTN,2006,5,11
CTN,CTN,2006,5,12
CTN,CTN,2006,5,13
CTN,CTN,2006,5,14
CTN,CTN,2006,5,17
CTN,CTN,2006,5,18
CTN,CTN,2006,5,19
CTN,CTN,2006,5,20
CTN,CTN,2006,5,21
CTN,CTN,2006,5,24
CTN,CTN,2006,5,25
CTN,CTN,2006,5,26
CTN,CTN,2006,5,27
CTN,CTN,2006,5,28
CTN,CTN,2006,5,29
CTN,CTN,2006,5,31
CTN,CTN,2006,6,1
CTN,CTN,2006,6,2
CTN,CTN,2006,6,3
CTN,CTN,2006,6,4
CTN,CTN,2006,6,7
CTN,CTN,2006,6,8
CTN,CTN,2006,6,9
CTN,CTN,2006,6,10
CTN,CTN,2006,6,11
CTN,CTN,2006,6,14
CTN,CTN,2006,6,15
CTN,CTN,2006,6,16
CTN,CTN,2006,6,17
CTN,CTN,2006,6,18
CTN,CTN,2006,6,21
CTN,CTN,2006,6,22
CTN,CTN,2006,6,23
CTN,CTN,2006,6,24
CTN,CTN,2006,6,25
CTN,CTN,2006,6,28
CTN,CTN,2006,6,29
CTN,CTN,2006,6,30
CTN,CTN,2006,7,1
CTN,CTN,2006,7,2
CTN,CTN,2006,7,4
CTN,CTN,2006,7,5
CTN,CTN,2006,7,6
CTN,CTN,2006,7,7
CTN,CTN,2006,7,8
CTN,CTN,2006,7,9
CTN,CTN,2006,7,12
CTN,CTN,2006,7,13
CTN,CTN,2006,7,14
CTN,CTN,2006,7,15
CTN,CTN,2006,7,16
CTN,CTN,2006,7,19
CTN,CTN,2006,7,20
CTN,CTN,2006,7,21
CTN,CTN,2006,7,22
CTN,CTN,2006,7,23
CTN,CTN,2006,7,26
CTN,CTN,2006,7,27
CTN,CTN,2006,7,28
CTN,CTN,2006,7,29
CTN,CTN,2006,7,30
CTN,CTN,2006,8,2
CTN,CTN,2006,8,3
CTN,CTN,2006,8,4
CTN,CTN,2006,8,5
CTN,CTN,2006,8,6
CTN,CTN,2006,8,9
CTN,CTN,2006,8,10
CTN,CTN,2006,8,11
CTN,CTN,2006,8,12
CTN,CTN,2006,8,13
CTN,CTN,2006,8,16
CTN,CTN,2006,8,17
CTN,CTN,2006,8,18
CTN,CTN,2006,8,19
CTN,CTN,2006,8,20
CTN,CTN,2006,8,23
CTN,CTN,2006,8,24
CTN,CTN,2006,8,25
CTN,CTN,2006,8,26
CTN,CTN,2006,8,30
CTN,CTN,2006,8,31
CTN,CTN,2006,9,2
CTN,CTN,2006,9,3
CTN,CTN,2006,9,4
CTN,CTN,2006,9,6
CTN,CTN,2006,9,7
CTN,CTN,2006,9,8
CTN,CTN,2006,9,9
CTN,CTN,2006,9,10
CTN,CTN,2006,9,13
CTN,CTN,2006,9,14
CTN,CTN,2006,9,15
CTN,CTN,2006,9,16
CTN,CTN,2006,9,17
CTN,CTN,2006,9,20
CTN,CTN,2006,9,21
CTN,CTN,2006,9,22
CTN,CTN,2006,9,23
CTN,CTN,2006,9,24
CTN,CTN,2006,9,27
CTN,CTN,2006,9,28
CTN,CTN,2006,9,29
CTN,CTN,2006,9,30
CTN,CTN,2006,10,1
CTN,CTN,2006,10,4
CTN,CTN,2006,10,5
CTN,CTN,2006,10,6
CTN,CTN,2006,10,7
CTN,CTN,2006,10,8
CTN,CTN,2006,10,11
CTN,CTN,2006,10,12
CTN,CTN,2006,10,13
CTN,CTN,2006,10,14
CTN,CTN,2006,10,15
CTN,CTN,2006,10,18
CTN,CTN,2006,10,19
CTN,CTN,2006,10,20
CTN,CTN,2006,10,21
CTN,CTN,2006,11,2
CTN,CTN,2006,11,3
CTN,CTN,2006,11,4
CTN,CTN,2006,11,5
CTN,CTN,2006,11,9
CTN,CTN,2006,11,10
CTN,CTN,2006,11,11
CTN,CTN,2006,11,12
CTN,CTN,2006,11,17
CTN,CTN,2006,11,18
CTN,CTN,2006,11,19
CTN,CTN,2006,11,22
CTN,CTN,2006,11,24
CTN,CTN,2006,11,25
CTN,CTN,2006,11,26
CTN,CTN,2006,11,29
CTN,CTN,2006,11,30
CTN,CTN,2006,12,1
CTN,CTN,2006,12,2
CTN,CTN,2006,12,3
CTN,CTN,2006,12,6
CTN,CTN,2006,12,7
CTN,CTN,2006,12,8
CTN,CTN,2006,12,9
CTN,CTN,2006,12,10
CTN,CTN,2006,12,13
CTN,CTN,2006,12,14
CTN,CTN,2006,12,15
CTN,CTN,2006,12,16
CTN,CTN,2006,12,17
CTN,CTN,2006,12,20
CTN,CTN,2006,12,21
CTN,CTN,2006,12,22
CTN,CTN,2006,12,23
CTN,CTN,2006,12,27
CTN,CTN,2006,12,28
CTN,CTN,2006,12,29
CTN,CTN,2006,12,30
CTN,CTN,2006,12,31
CTN,CTN,2007,1,1
CTN,CTN,2007,1,4
CTN,CTN,2007,1,5
CTN,CTN,2007,1,6
CTN,CTN,2007,1,7
CTN,CTN,2007,1,11
CTN,CTN,2007,1,12
CTN,CTN,2007,1,13
CTN,CTN,2007,1,14
CTN,CTN,2007,1,18
CTN,CTN,2007,1,19
CTN,CTN,2007,1,20
CTN,CTN,2007,1,21
CTN,CTN,2007,1,25
CTN,CTN,2007,1,26
CTN,CTN,2007,1,27
CTN,CTN,2007,1,28
CTN,CTN,2007,2,1
CTN,CTN,2007,2,2
CTN,CTN,2007,2,3
CTN,CTN,2007,2,4
CTN,CTN,2007,2,8
CTN,CTN,2007,2,9
CTN,CTN,2007,2,10
CTN,CTN,2007,2,11
CTN,CTN,2007,2,16
CTN,CTN,2007,2,17
CTN,CTN,2007,2,18
CTN,CTN,2007,2,22
CTN,CTN,2007,2,23
CTN,CTN,2007,2,24
CTN,CTN,2007,3,1
CTN,CTN,2007,3,2
CTN,CTN,2007,3,3
CTN,CTN,2007,3,4
CTN,CTN,2007,3,8
CTN,CTN,2007,3,9
CTN,CTN,2007,3,10
CTN,CTN,2007,3,11
CTN,CTN,2007,3,15
CTN,CTN,2007,3,18
CTN,CTN,2007,3,22
CTN,CTN,2007,3,23
CTN,CTN,2007,3,24
CTN,CTN,2007,3,25
CTN,CTN,2007,3,29
CTN,CTN,2007,3,30
CTN,CTN,2007,3,31
CTN,CTN,2007,4,1
CTN,CTN,2007,4,5
CTN,CTN,2007,4,6
CTN,CTN,2007,4,7
CTN,CTN,2007,4,12
CTN,CTN,2007,4,13
CTN,CTN,2007,4,14
CTN,CTN,2007,4,20
CTN,CTN,2007,4,21
CTN,CTN,2007,4,22
CTN,CTN,2007,4,26
CTN,CTN,2007,4,27
CTN,CTN,2007,4,28
CTN,CTN,2007,4,29
CTN,CTN,2007,5,2
CTN,CTN,2007,5,3
CTN,CTN,2007,5,4
CTN,CTN,2007,5,5
CTN,CTN,2007,5,6
CTN,CTN,2007,5,9
CTN,CTN,2007,5,10
CTN,CTN,2007,5,11
CTN,CTN,2007,5,12
CTN,CTN,2007,5,13
CTN,CTN,2007,5,16
CTN,CTN,2007,5,17
CTN,CTN,2007,5,18
CTN,CTN,2007,5,19
CTN,CTN,2007,5,20
CTN,CTN,2007,5,23
CTN,CTN,2007,5,24
CTN,CTN,2007,5,25
CTN,CTN,2007,5,26
CTN,CTN,2007,5,27
CTN,CTN,2007,5,28
CTN,CTN,2007,5,30
CTN,CTN,2007,5,31
CTN,CTN,2007,6,1
CTN,CTN,2007,6,2
CTN,CTN,2007,6,3
CTN,CTN,2007,6,6
CTN,CTN,2007,6,7
CTN,CTN,2007,6,8
CTN,CTN,2007,6,9
CTN,CTN,2007,6,10
CTN,CTN,2007,6,13
CTN,CTN,2007,6,14
CTN,CTN,2007,6,15
CTN,CTN,2007,6,16
CTN,CTN,2007,6,17
CTN,CTN,2007,6,20
CTN,CTN,2007,6,21
CTN,CTN,2007,6,22
CTN,CTN,2007,6,23
CTN,CTN,2007,6,24
CTN,CTN,2007,6,27
CTN,CTN,2007,6,28
CTN,CTN,2007,6,29
CTN,CTN,2007,6,30
CTN,CTN,2007,7,1
CTN,CTN,2007,7,4
CTN,CTN,2007,7,5
CTN,CTN,2007,7,6
CTN,CTN,2007,7,7
CTN,CTN,2007,7,8
CTN,CTN,2007,7,11
CTN,CTN,2007,7,12
CTN,CTN,2007,7,13
CTN,CTN,2007,7,14
CTN,CTN,2007,7,15
CTN,CTN,2007,7,18
CTN,CTN,2007,7,19
CTN,CTN,2007,7,20
CTN,CTN,2007,7,21
CTN,CTN,2007,7,22
CTN,CTN,2007,7,25
CTN,CTN,2007,7,26
CTN,CTN,2007,7,27
CTN,CTN,2007,7,28
CTN,CTN,2007,7,29
CTN,CTN,2007,8,1
CTN,CTN,2007,8,2
CTN,CTN,2007,8,3
CTN,CTN,2007,8,4
CTN,CTN,2007,8,5
CTN,CTN,2007,8,8
CTN,CTN,2007,8,9
CTN,CTN,2007,8,10
CTN,CTN,2007,8,11
CTN,CTN,2007,8,12
CTN,CTN,2007,8,15
CTN,CTN,2007,8,16
CTN,CTN,2007,8,17
CTN,CTN,2007,8,18
CTN,CTN,2007,8,19
CTN,CTN,2007,8,22
CTN,CTN,2007,8,23
CTN,CTN,2007,8,24
CTN,CTN,2007,8,25
CTN,CTN,2007,8,26
CTN,CTN,2007,8,29
CTN,CTN,2007,8,30
CTN,CTN,2007,8,31
CTN,CTN,2007,9,1
CTN,CTN,2007,9,2
CTN,CTN,2007,9,3
CTN,CTN,2007,9,5
CTN,CTN,2007,9,6
CTN,CTN,2007,9,7
CTN,CTN,2007,9,8
CTN,CTN,2007,9,9
CTN,CTN,2007,9,10
CTN,CTN,2007,9,12
CTN,CTN,2007,9,13
CTN,CTN,2007,9,14
CTN,CTN,2007,9,15
CTN,CTN,2007,9,16
CTN,CTN,2007,9,19
CTN,CTN,2007,9,20
CTN,CTN,2007,9,21
CTN,CTN,2007,9,22
CTN,CTN,2007,9,23
CTN,CTN,2007,9,26
CTN,CTN,2007,9,27
CTN,CTN,2007,9,28
CTN,CTN,2007,9,29
CTN,CTN,2007,9,30
CTN,CTN,2007,10,4
CTN,CTN,2007,10,5
CTN,CTN,2007,10,6
CTN,CTN,2007,10,7
CTN,CTN,2007,10,11
CTN,CTN,2007,10,12
CTN,CTN,2007,10,13
CTN,CTN,2007,10,14
CTN,CTN,2007,10,18
CTN,CTN,2007,10,19
CTN,CTN,2007,10,20
CTN,CTN,2007,10,26
CTN,CTN,2007,10,27
CTN,CTN,2007,10,28
CTN,CTN,2007,11,1
CTN,CTN,2007,11,2
CTN,CTN,2007,11,3
CTN,CTN,2007,11,4
CTN,CTN,2007,11,8
CTN,CTN,2007,11,9
CTN,CTN,2007,11,10
CTN,CTN,2007,11,11
CTN,CTN,2007,11,15
CTN,CTN,2007,11,16
CTN,CTN,2007,11,17
CTN,CTN,2007,11,18
CTN,CTN,2007,11,23
CTN,CTN,2007,11,25
CTN,CTN,2007,11,29
CTN,CTN,2007,11,30
CTN,CTN,2007,12,2
CTN,CTN,2007,12,6
CTN,CTN,2007,12,7
CTN,CTN,2007,12,9
CTN,CTN,2007,12,13
CTN,CTN,2007,12,14
CTN,CTN,2007,12,20
CTN,CTN,2007,12,21
CTN,CTN,2007,12,22
CTN,CTN,2007,12,23
CTN,CTN,2007,12,26
CTN,CTN,2007,12,27
CTN,CTN,2007,12,28
CTN,CTN,2007,12,29
CTN,CTN,2007,12,30
CTN,CTN,2007,12,31
CTN,CTN,2008,1,1
CTN,CTN,2008,1,3
CTN,CTN,2008,1,4
CTN,CTN,2008,1,5
CTN,CTN,2008,1,6
CTN,CTN,2008,1,9
CTN,CTN,2008,1,10
CTN,CTN,2008,1,11
CTN,CTN,2008,1,12
CTN,CTN,2008,1,13
CTN,CTN,2008,1,16
CTN,CTN,2008,1,18
CTN,CTN,2008,1,19
CTN,CTN,2008,1,20
CTN,CTN,2008,1,23
CTN,CTN,2008,1,24
CTN,CTN,2008,1,25
CTN,CTN,2008,1,26
CTN,CTN,2008,1,27
CTN,CTN,2008,1,30
CTN,CTN,2008,1,31
CTN,CTN,2008,2,1
CTN,CTN,2008,2,2
CTN,CTN,2008,2,3
CTN,CTN,2008,2,6
CTN,CTN,2008,2,7
CTN,CTN,2008,2,8
CTN,CTN,2008,2,9
CTN,CTN,2008,2,10
CTN,CTN,2008,2,14
CTN,CTN,2008,2,15
CTN,CTN,2008,2,16
CTN,CTN,2008,2,17
CTN,CTN,2008,2,20
CTN,CTN,2008,2,21
CTN,CTN,2008,2,23
CTN,CTN,2008,2,24
CTN,CTN,2008,2,27
CTN,CTN,2008,2,28
CTN,CTN,2008,2,29
CTN,CTN,2008,3,1
CTN,CTN,2008,3,2
CTN,CTN,2008,3,5
CTN,CTN,2008,3,6
CTN,CTN,2008,3,7
CTN,CTN,2008,3,8
CTN,CTN,2008,3,9
CTN,CTN,2008,3,14
CTN,CTN,2008,3,15
CTN,CTN,2008,3,16
CTN,CTN,2008,3,19
CTN,CTN,2008,3,20
CTN,CTN,2008,3,21
CTN,CTN,2008,3,22
CTN,CTN,2008,3,26
CTN,CTN,2008,3,27
CTN,CTN,2008,3,28
CTN,CTN,2008,3,29
CTN,CTN,2008,3,30
CTN,CTN,2008,4,2
CTN,CTN,2008,4,3
CTN,CTN,2008,4,4
CTN,CTN,2008,4,5
CTN,CTN,2008,4,6
CTN,CTN,2008,4,9
CTN,CTN,2008,4,10
CTN,CTN,2008,4,11
CTN,CTN,2008,4,12
CTN,CTN,2008,4,13
CTN,CTN,2008,4,16
CTN,CTN,2008,4,17
CTN,CTN,2008,4,18
CTN,CTN,2008,4,19
CTN,CTN,2008,4,20
CTN,CTN,2008,4,26
CTN,CTN,2008,4,27
CTN,CTN,2008,4,30
CTN,CTN,2008,5,1
CTN,CTN,2008,5,2
CTN,CTN,2008,5,3
CTN,CTN,2008,5,4
CTN,CTN,2008,5,7
CTN,CTN,2008,5,8
CTN,CTN,2008,5,9
CTN,CTN,2008,5,10
CTN,CTN,2008,5,11
CTN,CTN,2008,5,14
CTN,CTN,2008,5,15
CTN,CTN,2008,5,16
CTN,CTN,2008,5,17
CTN,CTN,2008,5,18
CTN,CTN,2008,5,21
CTN,CTN,2008,5,22
CTN,CTN,2008,5,23
CTN,CTN,2008,5,24
CTN,CTN,2008,5,25
CTN,CTN,2008,5,26
CTN,CTN,2008,5,28
CTN,CTN,2008,5,29
CTN,CTN,2008,5,30
CTN,CTN,2008,5,31
CTN,CTN,2008,6,1
CTN,CTN,2008,6,5
CTN,CTN,2008,6,6
CTN,CTN,2008,6,7
CTN,CTN,2008,6,8
CTN,CTN,2008,6,12
CTN,CTN,2008,6,13
CTN,CTN,2008,6,14
CTN,CTN,2008,6,15
CTN,CTN,2008,6,19
CTN,CTN,2008,6,20
CTN,CTN,2008,6,21
CTN,CTN,2008,6,22
CTN,CTN,2008,6,26
CTN,CTN,2008,6,27
CTN,CTN,2008,6,28
CTN,CTN,2008,6,29
CTN,CTN,2008,7,3
CTN,CTN,2008,7,4
CTN,CTN,2008,7,5
CTN,CTN,2008,7,6
CTN,CTN,2008,7,10
CTN,CTN,2008,7,11
CTN,CTN,2008,7,12
CTN,CTN,2008,7,13
CTN,CTN,2008,7,17
CTN,CTN,2008,7,18
CTN,CTN,2008,7,19
CTN,CTN,2008,7,20
CTN,CTN,2008,7,24
CTN,CTN,2008,7,25
CTN,CTN,2008,7,26
CTN,CTN,2008,7,27
CTN,CTN,2008,7,31
CTN,CTN,2008,8,1
CTN,CTN,2008,8,2
CTN,CTN,2008,8,3
CTN,CTN,2008,8,7
CTN,CTN,2008,8,8
CTN,CTN,2008,8,9
CTN,CTN,2008,8,10
CTN,CTN,2008,8,14
CTN,CTN,2008,8,15
CTN,CTN,2008,8,16
CTN,CTN,2008,8,17
CTN,CTN,2008,8,21
CTN,CTN,2008,8,22
CTN,CTN,2008,8,23
CTN,CTN,2008,8,24
CTN,CTN,2008,8,28
CTN,CTN,2008,8,29
CTN,CTN,2008,8,30
CTN,CTN,2008,8,31
CTN,CTN,2008,9,1
CTN,CTN,2008,9,4
CTN,CTN,2008,9,5
CTN,CTN,2008,9,6
CTN,CTN,2008,9,7
CTN,CTN,2008,9,11
CTN,CTN,2008,9,12
CTN,CTN,2008,9,13
CTN,CTN,2008,9,14
CTN,CTN,2008,9,18
CTN,CTN,2008,9,19
CTN,CTN,2008,9,20
CTN,CTN,2008,9,21
CTN,CTN,2008,9,25
CTN,CTN,2008,9,26
CTN,CTN,2008,9,27
CTN,CTN,2008,9,28
CTN,CTN,2008,10,2
CTN,CTN,2008,10,3
CTN,CTN,2008,10,4
CTN,CTN,2008,10,5
CTN,CTN,2008,10,9
CTN,CTN,2008,10,10
CTN,CTN,2008,10,11
CTN,CTN,2008,10,12
CTN,CTN,2008,10,16
CTN,CTN,2008,10,17
CTN,CTN,2008,10,18
CTN,CTN,2008,10,19
CTN,CTN,2008,10,25
CTN,CTN,2008,10,26
CTN,CTN,2008,10,30
CTN,CTN,2008,10,31
CTN,CTN,2008,11,1
CTN,CTN,2008,11,2
CTN,CTN,2008,11,6
CTN,CTN,2008,11,7
CTN,CTN,2008,11,8
CTN,CTN,2008,11,9
CTN,CTN,2008,11,13
CTN,CTN,2008,11,14
CTN,CTN,2008,11,15
CTN,CTN,2008,11,16
CTN,CTN,2008,11,19
CTN,CTN,2008,11,20
CTN,CTN,2008,11,21
CTN,CTN,2008,11,22
CTN,CTN,2008,11,23
CTN,CTN,2008,11,26
CTN,CTN,2008,11,28
CTN,CTN,2008,11,29
CTN,CTN,2008,11,30
CTN,CTN,2008,12,3
CTN,CTN,2008,12,4
CTN,CTN,2008,12,5
CTN,CTN,2008,12,6
CTN,CTN,2008,12,7
CTN,CTN,2008,12,10
CTN,CTN,2008,12,11
CTN,CTN,2008,12,12
CTN,CTN,2008,12,13
CTN,CTN,2008,12,14
CTN,CTN,2008,12,17
CTN,CTN,2008,12,18
CTN,CTN,2008,12,19
CTN,CTN,2008,12,20
CTN,CTN,2008,12,21
CTN,CTN,2008,12,26
CTN,CTN,2008,12,27
CTN,CTN,2008,12,28
CTN,CTN,2008,12,31
CTN,CTN,2009,1,1
CTN,CTN,2009,1,2
CTN,CTN,2009,1,3
CTN,CTN,2009,1,4
CTN,CTN,2009,1,7
CTN,CTN,2009,1,8
CTN,CTN,2009,1,9
CTN,CTN,2009,1,10
CTN,CTN,2009,1,11
CTN,CTN,2009,1,14
CTN,CTN,2009,1,15
CTN,CTN,2009,1,17
CTN,CTN,2009,1,18
CTN,CTN,2009,1,21
CTN,CTN,2009,1,22
CTN,CTN,2009,1,23
CTN,CTN,2009,1,24
CTN,CTN,2009,1,25
CTN,CTN,2009,1,30
CTN,CTN,2009,1,31
CTN,CTN,2009,2,1
CTN,CTN,2009,2,4
CTN,CTN,2009,2,5
CTN,CTN,2009,2,6
CTN,CTN,2009,2,7
CTN,CTN,2009,2,8
CTN,CTN,2009,2,11
CTN,CTN,2009,2,12
CTN,CTN,2009,2,13
CTN,CTN,2009,2,14
CTN,CTN,2009,2,15
CTN,CTN,2009,2,18
CTN,CTN,2009,2,19
CTN,CTN,2009,2,20
CTN,CTN,2009,2,21
CTN,CTN,2009,2,22
CTN,CTN,2009,2,25
CTN,CTN,2009,2,26
CTN,CTN,2009,2,27
CTN,CTN,2009,2,28
CTN,CTN,2009,3,1
CTN,CTN,2009,3,4
CTN,CTN,2009,3,5
CTN,CTN,2009,3,6
CTN,CTN,2009,3,7
CTN,CTN,2009,3,8
CTN,CTN,2009,3,10
CTN,CTN,2009,3,11
CTN,CTN,2009,3,12
CTN,CTN,2009,3,13
CTN,CTN,2009,3,14
CTN,CTN,2009,3,15
CTN,CTN,2009,3,18
CTN,CTN,2009,3,19
CTN,CTN,2009,3,20
CTN,CTN,2009,3,21
CTN,CTN,2009,3,22
CTN,CTN,2009,3,25
CTN,CTN,2009,3,26
CTN,CTN,2009,3,27
CTN,CTN,2009,3,28
CTN,CTN,2009,3,29
CTN,CTN,2009,4,1
CTN,CTN,2009,4,2
CTN,CTN,2009,4,3
CTN,CTN,2009,4,4
CTN,CTN,2009,4,5
CTN,CTN,2009,4,8
CTN,CTN,2009,4,9
CTN,CTN,2009,4,10
CTN,CTN,2009,4,11
CTN,CTN,2009,4,15
CTN,CTN,2009,4,16
CTN,CTN,2009,4,17
CTN,CTN,2009,4,18
CTN,CTN,2009,4,25
CTN,CTN,2009,4,26
CTN,CTN,2009,4,29
CTN,CTN,2009,4,30
CTN,CTN,2009,5,1
CTN,CTN,2009,5,2
CTN,CTN,2009,5,3
CTN,CTN,2009,5,6
CTN,CTN,2009,5,9
CTN,CTN,2009,5,10
CTN,CTN,2009,5,13
CTN,CTN,2009,5,14
CTN,CTN,2009,5,15
CTN,CTN,2009,5,16
CTN,CTN,2009,5,17
CTN,CTN,2009,5,20
CTN,CTN,2009,5,21
CTN,CTN,2009,5,22
CTN,CTN,2009,5,23
CTN,CTN,2009,5,24
CTN,CTN,2009,5,25
CTN,CTN,2009,5,27
CTN,CTN,2009,5,28
CTN,CTN,2009,5,29
CTN,CTN,2009,5,30
CTN,CTN,2009,5,31
CTN,CTN,2009,6,3
CTN,CTN,2009,6,4
CTN,CTN,2009,6,5
CTN,CTN,2009,6,6
CTN,CTN,2009,6,7
CTN,CTN,2009,6,10
CTN,CTN,2009,6,11
CTN,CTN,2009,6,12
CTN,CTN,2009,6,13
CTN,CTN,2009,6,14
CTN,CTN,2009,6,17
CTN,CTN,2009,6,18
CTN,CTN,2009,6,19
CTN,CTN,2009,6,20
CTN,CTN,2009,6,21
CTN,CTN,2009,6,24
CTN,CTN,2009,6,25
CTN,CTN,2009,6,26
CTN,CTN,2009,6,27
CTN,CTN,2009,6,28
CTN,CTN,2009,7,1
CTN,CTN,2009,7,2
CTN,CTN,2009,7,3
CTN,CTN,2009,7,4
CTN,CTN,2009,7,5
CTN,CTN,2009,7,8
CTN,CTN,2009,7,9
CTN,CTN,2009,7,10
CTN,CTN,2009,7,11
CTN,CTN,2009,7,12
CTN,CTN,2009,7,15
CTN,CTN,2009,7,16
CTN,CTN,2009,7,17
CTN,CTN,2009,7,18
CTN,CTN,2009,7,19
CTN,CTN,2009,7,22
CTN,CTN,2009,7,23
CTN,CTN,2009,7,24
CTN,CTN,2009,7,25
CTN,CTN,2009,7,26
CTN,CTN,2009,7,29
CTN,CTN,2009,7,30
CTN,CTN,2009,7,31
CTN,CTN,2009,8,1
CTN,CTN,2009,8,2
CTN,CTN,2009,8,6
CTN,CTN,2009,8,7
CTN,CTN,2009,8,8
CTN,CTN,2009,8,9
CTN,CTN,2009,8,13
CTN,CTN,2009,8,14
CTN,CTN,2009,8,15
CTN,CTN,2009,8,16
CTN,CTN,2009,8,20
CTN,CTN,2009,8,21
CTN,CTN,2009,8,22
CTN,CTN,2009,8,23
CTN,CTN,2009,8,27
CTN,CTN,2009,8,28
CTN,CTN,2009,8,29
CTN,CTN,2009,8,30
CTN,CTN,2009,9,3
CTN,CTN,2009,9,4
CTN,CTN,2009,9,5
CTN,CTN,2009,9,6
CTN,CTN,2009,9,7
CTN,CTN,2009,9,10
CTN,CTN,2009,9,11
CTN,CTN,2009,9,12
CTN,CTN,2009,9,13
CTN,CTN,2009,9,17
CTN,CTN,2009,9,18
CTN,CTN,2009,9,19
CTN,CTN,2009,9,20
CTN,CTN,2009,9,24
CTN,CTN,2009,9,25
CTN,CTN,2009,9,26
CTN,CTN,2009,9,27
CTN,CTN,2009,9,30
CTN,CTN,2009,10,1
CTN,CTN,2009,10,2
CTN,CTN,2009,10,3
CTN,CTN,2009,10,4
CTN,CTN,2009,10,7
CTN,CTN,2009,10,8
CTN,CTN,2009,10,9
CTN,CTN,2009,10,10
CTN,CTN,2009,10,11
CTN,CTN,2009,10,14
CTN,CTN,2009,10,15
CTN,CTN,2009,10,16
CTN,CTN,2009,10,17
CTN,CTN,2009,10,24
CTN,CTN,2009,10,25
CTN,CTN,2009,10,28
CTN,CTN,2009,10,29
CTN,CTN,2009,10,30
CTN,CTN,2009,10,31
CTN,CTN,2009,11,1
CTN,CTN,2009,11,4
CTN,CTN,2009,11,5
CTN,CTN,2009,11,6
CTN,CTN,2009,11,7
CTN,CTN,2009,11,8
CTN,CTN,2009,11,11
CTN,CTN,2009,11,12
CTN,CTN,2009,11,13
CTN,CTN,2009,11,14
CTN,CTN,2009,11,15
CTN,CTN,2009,11,18
CTN,CTN,2009,11,19
CTN,CTN,2009,11,20
CTN,CTN,2009,11,21
CTN,CTN,2009,11,22
CTN,CTN,2009,11,25
CTN,CTN,2009,11,27
CTN,CTN,2009,11,28
CTN,CTN,2009,11,29
CTN,CTN,2009,12,2
CTN,CTN,2009,12,3
CTN,CTN,2009,12,4
CTN,CTN,2009,12,5
CTN,CTN,2009,12,6
CTN,CTN,2009,12,9
CTN,CTN,2009,12,10
CTN,CTN,2009,12,11
CTN,CTN,2009,12,12
CTN,CTN,2009,12,13
CTN,CTN,2009,12,16
CTN,CTN,2009,12,17
CTN,CTN,2009,12,18
CTN,CTN,2009,12,23
CTN,CTN,2009,12,26
CTN,CTN,2009,12,27
CTN,CTN,2009,12,30
CTN,CTN,2010,1,1
CTN,CTN,2010,1,2
CTN,CTN,2010,1,3
CTN,CTN,2010,1,6
CTN,CTN,2010,1,7
CTN,CTN,2010,1,8
CTN,CTN,2010,1,9
CTN,CTN,2010,1,10
CTN,CTN,2010,1,13
CTN,CTN,2010,1,14
CTN,CTN,2010,1,15
CTN,CTN,2010,1,16
CTN,CTN,2010,1,17
CTN,CTN,2010,1,20
CTN,CTN,2010,1,21
CTN,CTN,2010,1,22
CTN,CTN,2010,1,23
CTN,CTN,2010,1,24
CTN,CTN,2010,1,27
CTN,CTN,2010,1,28
CTN,CTN,2010,1,29
CTN,CTN,2010,2,3
CTN,CTN,2010,2,4
CTN,CTN,2010,2,17
CTN,CTN,2010,2,18
CTN,CTN,2010,2,19
CTN,CTN,2010,2,20
CTN,CTN,2010,2,21
CTN,CTN,2010,2,24
CTN,CTN,2010,2,25
CTN,CTN,2010,2,26
CTN,CTN,2010,2,27
CTN,CTN,2010,2,28
CTN,CTN,2010,3,3
CTN,CTN,2010,3,4
CTN,CTN,2010,3,5
CTN,CTN,2010,3,6
CTN,CTN,2010,3,7
CTN,CTN,2010,3,10
CTN,CTN,2010,3,11
CTN,CTN,2010,3,12
CTN,CTN,2010,3,13
CTN,CTN,2010,3,14
CTN,CTN,2010,3,17
CTN,CTN,2010,3,18
CTN,CTN,2010,3,19
CTN,CTN,2010,3,20
CTN,CTN,2010,3,21
CTN,CTN,2010,3,24
CTN,CTN,2010,3,25
CTN,CTN,2010,3,26
CTN,CTN,2010,3,27
CTN,CTN,2010,3,28
CTN,CTN,2010,3,31
CTN,CTN,2010,4,1
CTN,CTN,2010,4,2
CTN,CTN,2010,4,3
CTN,CTN,2010,4,7
CTN,CTN,2010,4,8
CTN,CTN,2010,4,9
CTN,CTN,2010,4,10
CTN,CTN,2010,4,11
CTN,CTN,2010,4,14
CTN,CTN,2010,4,15
CTN,CTN,2010,4,16
CTN,CTN,2010,4,17
CTN,CTN,2010,4,24
CTN,CTN,2010,4,25
CTN,CTN,2010,4,28
CTN,CTN,2010,4,29
CTN,CTN,2010,4,30
CTN,CTN,2010,5,1
CTN,CTN,2010,5,2
CTN,CTN,2010,5,5
CTN,CTN,2010,5,6
CTN,CTN,2010,5,7
CTN,CTN,2010,5,8
CTN,CTN,2010,5,9
CTN,CTN,2010,5,12
CTN,CTN,2010,5,13
CTN,CTN,2010,5,14
CTN,CTN,2010,5,15
CTN,CTN,2010,5,16
CTN,CTN,2010,5,19
CTN,CTN,2010,5,20
CTN,CTN,2010,5,21
CTN,CTN,2010,5,22
CTN,CTN,2010,5,23
CTN,CTN,2010,5,26
CTN,CTN,2010,5,27
CTN,CTN,2010,5,28
CTN,CTN,2010,5,29
CTN,CTN,2010,5,30
CTN,CTN,2010,5,31
CTN,CTN,2010,6,3
CTN,CTN,2010,6,4
CTN,CTN,2010,6,5
CTN,CTN,2010,6,6
CTN,CTN,2010,6,10
CTN,CTN,2010,6,11
CTN,CTN,2010,6,12
CTN,CTN,2010,6,13
CTN,CTN,2010,6,17
CTN,CTN,2010,6,18
CTN,CTN,2010,6,19
CTN,CTN,2010,6,20
CTN,CTN,2010,6,24
CTN,CTN,2010,6,25
CTN,CTN,2010,6,26
CTN,CTN,2010,6,27
CTN,CTN,2010,7,1
CTN,CTN,2010,7,2
CTN,CTN,2010,7,3
CTN,CTN,2010,7,4
CTN,CTN,2010,7,8
CTN,CTN,2010,7,9
CTN,CTN,2010,7,10
CTN,CTN,2010,7,11
CTN,CTN,2010,7,15
CTN,CTN,2010,7,16
CTN,CTN,2010,7,17
CTN,CTN,2010,7,18
CTN,CTN,2010,7,22
CTN,CTN,2010,7,23
CTN,CTN,2010,7,24
CTN,CTN,2010,7,25
CTN,CTN,2010,7,28
CTN,CTN,2010,7,29
CTN,CTN,2010,7,30
CTN,CTN,2010,7,31
CTN,CTN,2010,8,1
CTN,CTN,2010,8,4
CTN,CTN,2010,8,5
CTN,CTN,2010,8,6
CTN,CTN,2010,8,7
CTN,CTN,2010,8,8
CTN,CTN,2010,8,11
CTN,CTN,2010,8,12
CTN,CTN,2010,8,13
CTN,CTN,2010,8,14
CTN,CTN,2010,8,15
CTN,CTN,2010,8,18
CTN,CTN,2010,8,19
CTN,CTN,2010,8,20
CTN,CTN,2010,8,21
CTN,CTN,2010,8,22
CTN,CTN,2010,8,25
CTN,CTN,2010,8,26
CTN,CTN,2010,8,27
CTN,CTN,2010,8,28
CTN,CTN,2010,8,29
CTN,CTN,2010,9,1
CTN,CTN,2010,9,2
CTN,CTN,2010,9,3
CTN,CTN,2010,9,4
CTN,CTN,2010,9,5
CTN,CTN,2010,9,6
CTN,CTN,2010,9,9
CTN,CTN,2010,9,10
CTN,CTN,2010,9,11
CTN,CTN,2010,9,12
CTN,CTN,2010,9,15
CTN,CTN,2010,9,16
CTN,CTN,2010,9,17
CTN,CTN,2010,9,18
CTN,CTN,2010,9,19
CTN,CTN,2010,9,22
CTN,CTN,2010,9,23
CTN,CTN,2010,9,24
CTN,CTN,2010,9,25
CTN,CTN,2010,9,26
CTN,CTN,2010,9,29
CTN,CTN,2010,9,30
CTN,CTN,2010,10,1
CTN,CTN,2010,10,2
CTN,CTN,2010,10,3
CTN,CTN,2010,10,6
CTN,CTN,2010,10,7
CTN,CTN,2010,10,8
CTN,CTN,2010,10,9
CTN,CTN,2010,10,10
CTN,CTN,2010,10,13
CTN,CTN,2010,10,14
CTN,CTN,2010,10,15
CTN,CTN,2010,10,16
CTN,CTN,2010,10,23
CTN,CTN,2010,10,24
CTN,CTN,2010,10,27
CTN,CTN,2010,10,28
CTN,CTN,2010,10,29
CTN,CTN,2010,10,30
CTN,CTN,2010,10,31
CTN,CTN,2010,11,3
CTN,CTN,2010,11,4
CTN,CTN,2010,11,5
CTN,CTN,2010,11,6
CTN,CTN,2010,11,7
CTN,CTN,2010,11,10
CTN,CTN,2010,11,11
CTN,CTN,2010,11,12
CTN,CTN,2010,11,13
CTN,CTN,2010,11,14
CTN,CTN,2010,11,17
CTN,CTN,2010,11,18
CTN,CTN,2010,11,19
CTN,CTN,2010,11,20
CTN,CTN,2010,11,21
CTN,CTN,2010,11,24
CTN,CTN,2010,11,26
CTN,CTN,2010,11,27
CTN,CTN,2010,11,28
CTN,CTN,2010,12,1
CTN,CTN,2010,12,2
CTN,CTN,2010,12,3
CTN,CTN,2010,12,4
CTN,CTN,2010,12,5
CTN,CTN,2010,12,8
CTN,CTN,2010,12,9
CTN,CTN,2010,12,10
CTN,CTN,2010,12,11
CTN,CTN,2010,12,12
CTN,CTN,2010,12,15
CTN,CTN,2010,12,17
CTN,CTN,2010,12,18
CTN,CTN,2010,12,19
CTN,CTN,2010,12,22
CTN,CTN,2010,12,23
CTN,CTN,2010,12,26
CTN,CTN,2010,12,29
CTN,CTN,2010,12,30
CTN,CTN,2010,12,31
CTN,CTN,2011,1,4
CTN,CTN,2011,1,5
CTN,CTN,2011,1,6
CTN,CTN,2011,1,7
CTN,CTN,2011,1,8
CTN,CTN,2011,1,11
CTN,CTN,2011,1,12
CTN,CTN,2011,1,13
CTN,CTN,2011,1,14
CTN,CTN,2011,1,15
CTN,CTN,2011,1,18
CTN,CTN,2011,1,19
CTN,CTN,2011,1,20
CTN,CTN,2011,1,21
CTN,CTN,2011,1,22
CTN,CTN,2011,1,25
CTN,CTN,2011,1,28
CTN,CTN,2011,1,29
CTN,CTN,2011,2,1
CTN,CTN,2011,2,2
CTN,CTN,2011,2,3
CTN,CTN,2011,2,4
CTN,CTN,2011,2,5
CTN,CTN,2011,2,8
CTN,CTN,2011,2,9
CTN,CTN,2011,2,10
CTN,CTN,2011,2,11
CTN,CTN,2011,2,12
CTN,CTN,2011,2,15
CTN,CTN,2011,2,16
CTN,CTN,2011,2,17
CTN,CTN,2011,2,18
CTN,CTN,2011,2,19
CTN,CTN,2011,2,22
CTN,CTN,2011,2,23
CTN,CTN,2011,2,24
CTN,CTN,2011,2,25
CTN,CTN,2011,2,26
CTN,CTN,2011,3,1
CTN,CTN,2011,3,2
CTN,CTN,2011,3,3
CTN,CTN,2011,3,4
CTN,CTN,2011,3,5
CTN,CTN,2011,3,8
CTN,CTN,2011,3,9
CTN,CTN,2011,3,10
CTN,CTN,2011,3,11
CTN,CTN,2011,3,12
CTN,CTN,2011,3,15
CTN,CTN,2011,3,16
CTN,CTN,2011,3,17
CTN,CTN,2011,3,18
CTN,CTN,2011,3,19
CTN,CTN,2011,3,22
CTN,CTN,2011,3,23
CTN,CTN,2011,3,24
CTN,CTN,2011,3,25
CTN,CTN,2011,3,26
CTN,CTN,2011,3,29
CTN,CTN,2011,3,30
CTN,CTN,2011,3,31
CTN,CTN,2011,4,1
CTN,CTN,2011,4,2
CTN,CTN,2011,4,5
CTN,CTN,2011,4,6
CTN,CTN,2011,4,7
CTN,CTN,2011,4,8
CTN,CTN,2011,4,9
CTN,CTN,2011,4,12
CTN,CTN,2011,4,13
CTN,CTN,2011,4,14
CTN,CTN,2011,4,15
CTN,CTN,2011,4,16
CTN,CTN,2011,4,23
CTN,CTN,2011,4,26
CTN,CTN,2011,4,27
CTN,CTN,2011,4,28
CTN,CTN,2011,4,29
CTN,CTN,2011,4,30
CTN,CTN,2011,5,1
CTN,CTN,2011,5,4
CTN,CTN,2011,5,5
CTN,CTN,2011,5,6
CTN,CTN,2011,5,7
CTN,CTN,2011,5,8
CTN,CTN,2011,5,11
CTN,CTN,2011,5,12
CTN,CTN,2011,5,13
CTN,CTN,2011,5,14
CTN,CTN,2011,5,15
CTN,CTN,2011,5,18
CTN,CTN,2011,5,19
CTN,CTN,2011,5,20
CTN,CTN,2011,5,21
CTN,CTN,2011,5,22
CTN,CTN,2011,5,25
CTN,CTN,2011,5,26
CTN,CTN,2011,5,27
CTN,CTN,2011,5,28
CTN,CTN,2011,5,29
CTN,CTN,2011,6,1
CTN,CTN,2011,6,2
CTN,CTN,2011,6,3
CTN,CTN,2011,6,4
CTN,CTN,2011,6,5
CTN,CTN,2011,6,9
CTN,CTN,2011,6,10
CTN,CTN,2011,6,11
CTN,CTN,2011,6,12
CTN,CTN,2011,6,16
CTN,CTN,2011,6,17
CTN,CTN,2011,6,18
CTN,CTN,2011,6,19
CTN,CTN,2011,6,23
CTN,CTN,2011,6,24
CTN,CTN,2011,6,25
CTN,CTN,2011,6,26
CTN,CTN,2011,6,30
CTN,CTN,2011,7,1
CTN,CTN,2011,7,2
CTN,CTN,2011,7,3
CTN,CTN,2011,7,7
CTN,CTN,2011,7,8
CTN,CTN,2011,7,9
CTN,CTN,2011,7,10
CTN,CTN,2011,7,14
CTN,CTN,2011,7,15
CTN,CTN,2011,7,16
CTN,CTN,2011,7,17
CTN,CTN,2011,7,21
CTN,CTN,2011,7,22
CTN,CTN,2011,7,23
CTN,CTN,2011,7,24
CTN,CTN,2011,7,28
CTN,CTN,2011,7,29
CTN,CTN,2011,7,30
CTN,CTN,2011,7,31
CTN,CTN,2011,8,4
CTN,CTN,2011,8,5
CTN,CTN,2011,8,6
CTN,CTN,2011,8,7
CTN,CTN,2011,8,11
CTN,CTN,2011,8,12
CTN,CTN,2011,8,13
CTN,CTN,2011,8,14
CTN,CTN,2011,8,18
CTN,CTN,2011,8,19
CTN,CTN,2011,8,20
CTN,CTN,2011,8,21
CTN,CTN,2011,8,24
CTN,CTN,2011,8,25
CTN,CTN,2011,8,26
CTN,CTN,2011,8,27
CTN,CTN,2011,8,28
CTN,CTN,2011,8,31
CTN,CTN,2011,9,1
CTN,CTN,2011,9,2
CTN,CTN,2011,9,3
CTN,CTN,2011,9,4
CTN,CTN,2011,9,7
CTN,CTN,2011,9,8
CTN,CTN,2011,9,9
CTN,CTN,2011,9,10
CTN,CTN,2011,9,11
CTN,CTN,2011,9,14
CTN,CTN,2011,9,15
CTN,CTN,2011,9,16
CTN,CTN,2011,9,17
CTN,CTN,2011,9,18
CTN,CTN,2011,9,21
CTN,CTN,2011,9,22
CTN,CTN,2011,9,23
CTN,CTN,2011,9,24
CTN,CTN,2011,9,25
CTN,CTN,2011,9,28
CTN,CTN,2011,9,29
CTN,CTN,2011,9,30
CTN,CTN,2011,10,1
CTN,CTN,2011,10,2
CTN,CTN,2011,10,5
CTN,CTN,2011,10,6
CTN,CTN,2011,10,7
CTN,CTN,2011,10,8
CTN,CTN,2011,10,9
CTN,CTN,2011,10,12
CTN,CTN,2011,10,13
CTN,CTN,2011,10,14
CTN,CTN,2011,10,15
CTN,CTN,2011,10,22
CTN,CTN,2011,10,23
CTN,CTN,2011,10,26
CTN,CTN,2011,10,27
CTN,CTN,2011,10,28
CTN,CTN,2011,11,2
CTN,CTN,2011,11,3
CTN,CTN,2011,11,4
CTN,CTN,2011,11,5
CTN,CTN,2011,11,6
CTN,CTN,2011,11,9
CTN,CTN,2011,11,10
CTN,CTN,2011,11,11
CTN,CTN,2011,11,12
CTN,CTN,2011,11,13
CTN,CTN,2011,11,16
CTN,CTN,2011,11,17
CTN,CTN,2011,11,18
CTN,CTN,2011,11,19
CTN,CTN,2011,11,20
CTN,CTN,2011,11,23
CTN,CTN,2011,11,25
CTN,CTN,2011,11,26
CTN,CTN,2011,11,27
CTN,CTN,2011,11,30
CTN,CTN,2011,12,1
CTN,CTN,2011,12,2
CTN,CTN,2011,12,3
CTN,CTN,2011,12,4
CTN,CTN,2011,12,8
CTN,CTN,2011,12,9
CTN,CTN,2011,12,10
CTN,CTN,2011,12,11
CTN,CTN,2011,12,14
CTN,CTN,2011,12,15
CTN,CTN,2011,12,16
CTN,CTN,2011,12,17
CTN,CTN,2011,12,18
CTN,CTN,2011,12,21
CTN,CTN,2011,12,22
CTN,CTN,2011,12,23
CTN,CTN,2011,12,28
CTN,CTN,2011,12,29
CTN,CTN,2011,12,30
CTN,CTN,2012,1,3
CTN,CTN,2012,1,4
CTN,CTN,2012,1,5
CTN,CTN,2012,1,6
CTN,CTN,2012,1,7
CTN,CTN,2012,1,10
CTN,CTN,2012,1,11
CTN,CTN,2012,1,12
CTN,CTN,2012,1,13
CTN,CTN,2012,1,14
CTN,CTN,2012,1,17
CTN,CTN,2012,1,18
CTN,CTN,2012,1,19
CTN,CTN,2012,1,20
CTN,CTN,2012,1,21
CTN,CTN,2012,1,24
CTN,CTN,2012,1,25
CTN,CTN,2012,1,26
CTN,CTN,2012,1,27
CTN,CTN,2012,1,28
CTN,CTN,2012,1,31
CTN,CTN,2012,2,1
CTN,CTN,2012,2,2
CTN,CTN,2012,2,3
CTN,CTN,2012,2,4
CTN,CTN,2012,2,7
CTN,CTN,2012,2,8
CTN,CTN,2012,2,9
CTN,CTN,2012,2,10
CTN,CTN,2012,2,11
CTN,CTN,2012,2,14
CTN,CTN,2012,2,15
CTN,CTN,2012,2,16
CTN,CTN,2012,2,17
CTN,CTN,2012,2,18
CTN,CTN,2012,2,21
CTN,CTN,2012,2,22
CTN,CTN,2012,2,23
CTN,CTN,2012,2,24
CTN,CTN,2012,2,25
CTN,CTN,2012,2,28
CTN,CTN,2012,2,29
CTN,CTN,2012,3,1
CTN,CTN,2012,3,2
CTN,CTN,2012,3,3
CTN,CTN,2012,3,6
CTN,CTN,2012,3,7
CTN,CTN,2012,3,8
CTN,CTN,2012,3,9
CTN,CTN,2012,3,10
CTN,CTN,2012,3,13
CTN,CTN,2012,3,14
CTN,CTN,2012,3,15
CTN,CTN,2012,3,16
CTN,CTN,2012,3,17
CTN,CTN,2012,3,20
CTN,CTN,2012,3,21
CTN,CTN,2012,3,22
CTN,CTN,2012,3,23
CTN,CTN,2012,3,24
CTN,CTN,2012,3,27
CTN,CTN,2012,3,28
CTN,CTN,2012,3,29
CTN,CTN,2012,3,30
CTN,CTN,2012,3,31
CTN,CTN,2012,4,3
CTN,CTN,2012,4,4
CTN,CTN,2012,4,5
CTN,CTN,2012,4,6
CTN,CTN,2012,4,7
CTN,CTN,2012,4,10
CTN,CTN,2012,4,11
CTN,CTN,2012,4,12
CTN,CTN,2012,4,13
CTN,CTN,2012,4,14
CTN,CTN,2012,4,21
CTN,CTN,2012,4,24
CTN,CTN,2012,4,25
CTN,CTN,2012,4,26
CTN,CTN,2012,4,27
CTN,CTN,2012,4,28
CTN,CTN,2012,5,2
CTN,CTN,2012,5,3
CTN,CTN,2012,5,4
CTN,CTN,2012,5,5
CTN,CTN,2012,5,6
CTN,CTN,2012,5,9
CTN,CTN,2012,5,10
CTN,CTN,2012,5,11
CTN,CTN,2012,5,12
CTN,CTN,2012,5,13
CTN,CTN,2012,5,16
CTN,CTN,2012,5,17
CTN,CTN,2012,5,18
CTN,CTN,2012,5,19
CTN,CTN,2012,5,20
CTN,CTN,2012,5,23
CTN,CTN,2012,5,24
CTN,CTN,2012,5,25
CTN,CTN,2012,5,26
CTN,CTN,2012,5,27
CTN,CTN,2012,5,30
CTN,CTN,2012,5,31
CTN,CTN,2012,6,1
CTN,CTN,2012,6,2
CTN,CTN,2012,6,3
CTN,CTN,2012,6,6
CTN,CTN,2012,6,7
CTN,CTN,2012,6,8
CTN,CTN,2012,6,9
CTN,CTN,2012,6,10
CTN,CTN,2012,6,13
CTN,CTN,2012,6,14
CTN,CTN,2012,6,15
CTN,CTN,2012,6,16
CTN,CTN,2012,6,17
CTN,CTN,2012,6,20
CTN,CTN,2012,6,21
CTN,CTN,2012,6,22
CTN,CTN,2012,6,23
CTN,CTN,2012,6,24
CTN,CTN,2012,6,27
CTN,CTN,2012,6,28
CTN,CTN,2012,6,29
CTN,CTN,2012,6,30
CTN,CTN,2012,7,5
CTN,CTN,2012,7,6
CTN,CTN,2012,7,7
CTN,CTN,2012,7,12
CTN,CTN,2012,7,13
CTN,CTN,2012,7,14
CTN,CTN,2012,7,15
CTN,CTN,2012,7,19
CTN,CTN,2012,7,20
CTN,CTN,2012,7,21
CTN,CTN,2012,7,22
CTN,CTN,2012,7,26
CTN,CTN,2012,7,27
CTN,CTN,2012,7,28
CTN,CTN,2012,7,29
CTN,CTN,2012,8,2
CTN,CTN,2012,8,3
CTN,CTN,2012,8,4
CTN,CTN,2012,8,5
CTN,CTN,2012,8,9
CTN,CTN,2012,8,10
CTN,CTN,2012,8,11
CTN,CTN,2012,8,12
CTN,CTN,2012,8,16
CTN,CTN,2012,8,17
CTN,CTN,2012,8,18
CTN,CTN,2012,8,19
CTN,CTN,2012,8,23
CTN,CTN,2012,8,24
CTN,CTN,2012,8,25
CTN,CTN,2012,8,26
CTN,CTN,2012,8,30
CTN,CTN,2012,8,31
CTN,CTN,2012,9,1
CTN,CTN,2012,9,2
CTN,CTN,2012,9,6
CTN,CTN,2012,9,7
CTN,CTN,2012,9,8
CTN,CTN,2012,9,9
CTN,CTN,2012,9,13
CTN,CTN,2012,9,14
CTN,CTN,2012,9,15
CTN,CTN,2012,9,16
CTN,CTN,2012,9,20
CTN,CTN,2012,9,21
CTN,CTN,2012,9,22
CTN,CTN,2012,9,23
CTN,CTN,2012,9,27
CTN,CTN,2012,9,28
CTN,CTN,2012,9,29
CTN,CTN,2012,9,30
CTN,CTN,2012,10,3
CTN,CTN,2012,10,4
CTN,CTN,2012,10,5
CTN,CTN,2012,10,6
CTN,CTN,2012,10,7
CTN,CTN,2012,10,10
CTN,CTN,2012,10,11
CTN,CTN,2012,10,12
CTN,CTN,2012,10,13
CTN,CTN,2012,10,14
CTN,CTN,2012,10,17
CTN,CTN,2012,10,18
CTN,CTN,2012,10,19
CTN,CTN,2012,10,20
CTN,CTN,2012,10,27
CTN,CTN,2012,10,28
CTN,CTN,2012,10,31
CTN,CTN,2012,11,1
CTN,CTN,2012,11,2
CTN,CTN,2012,11,3
CTN,CTN,2012,11,6
CTN,CTN,2012,11,7
CTN,CTN,2012,11,8
CTN,CTN,2012,11,9
CTN,CTN,2012,11,10
CTN,CTN,2012,11,13
CTN,CTN,2012,11,14
CTN,CTN,2012,11,15
CTN,CTN,2012,11,16
CTN,CTN,2012,11,17
CTN,CTN,2012,11,20
CTN,CTN,2012,11,21
CTN,CTN,2012,11,23
CTN,CTN,2012,11,24
CTN,CTN,2012,11,27
CTN,CTN,2012,11,28
CTN,CTN,2012,11,29
CTN,CTN,2012,11,30
CTN,CTN,2012,12,1
CTN,CTN,2012,12,4
CTN,CTN,2012,12,5
CTN,CTN,2012,12,6
CTN,CTN,2012,12,7
CTN,CTN,2012,12,8
CTN,CTN,2012,12,11
CTN,CTN,2012,12,12
CTN,CTN,2012,12,13
CTN,CTN,2012,12,14
CTN,CTN,2012,12,15
CTN,CTN,2012,12,18
CTN,CTN,2012,12,19
CTN,CTN,2012,12,20
CTN,CTN,2012,12,21
CTN,CTN,2012,12,22
CTN,CTN,2012,12,28
CTN,CTN,2013,1,2
CTN,CTN,2013,1,3
CTN,CTN,2013,1,4
CTN,CTN,2013,1,5
CTN,CTN,2013,1,8
CTN,CTN,2013,1,9
CTN,CTN,2013,1,10
CTN,CTN,2013,1,11
CTN,CTN,2013,1,12
CTN,CTN,2013,1,15
CTN,CTN,2013,1,16
CTN,CTN,2013,1,17
CTN,CTN,2013,1,18
CTN,CTN,2013,1,19
CTN,CTN,2013,1,23
CTN,CTN,2013,1,24
CTN,CTN,2013,1,29
CTN,CTN,2013,1,30
CTN,CTN,2013,1,31
CTN,CTN,2013,2,2
CTN,CTN,2013,2,5
CTN,CTN,2013,2,6
CTN,CTN,2013,2,7
CTN,CTN,2013,2,8
CTN,CTN,2013,2,9
CTN,CTN,2013,2,12
CTN,CTN,2013,2,13
CTN,CTN,2013,2,14
CTN,CTN,2013,2,15
CTN,CTN,2013,2,16
CTN,CTN,2013,2,19
CTN,CTN,2013,2,20
CTN,CTN,2013,2,21
CTN,CTN,2013,2,22
CTN,CTN,2013,2,23
CTN,CTN,2013,2,26
CTN,CTN,2013,2,27
CTN,CTN,2013,2,28
CTN,CTN,2013,3,1
CTN,CTN,2013,3,2
CTN,CTN,2013,3,5
CTN,CTN,2013,3,7
CTN,CTN,2013,3,8
CTN,CTN,2013,3,9
CTN,CTN,2013,3,12
CTN,CTN,2013,3,13
CTN,CTN,2013,3,14
CTN,CTN,2013,3,15
CTN,CTN,2013,3,16
CTN,CTN,2013,3,19
CTN,CTN,2013,3,20
CTN,CTN,2013,3,21
CTN,CTN,2013,3,22
CTN,CTN,2013,3,23
CTN,CTN,2013,3,26
CTN,CTN,2013,3,27
CTN,CTN,2013,3,28
CTN,CTN,2013,3,29
CTN,CTN,2013,3,30
CTN,CTN,2013,4,2
CTN,CTN,2013,4,3
CTN,CTN,2013,4,4
CTN,CTN,2013,4,5
CTN,CTN,2013,4,6
CTN,CTN,2013,4,9
CTN,CTN,2013,4,10
CTN,CTN,2013,4,11
CTN,CTN,2013,4,12
CTN,CTN,2013,4,13
CTN,CTN,2013,4,16
CTN,CTN,2013,4,17
CTN,CTN,2013,4,18
CTN,CTN,2013,4,19
CTN,CTN,2013,4,20
CTN,CTN,2013,4,26
CTN,CTN,2013,4,27
CTN,CTN,2013,4,30
CTN,CTN,2013,5,1
CTN,CTN,2013,5,2
CTN,CTN,2013,5,3
CTN,CTN,2013,5,4
CTN,CTN,2013,5,5
CTN,CTN,2013,5,8
CTN,CTN,2013,5,9
CTN,CTN,2013,5,10
CTN,CTN,2013,5,11
CTN,CTN,2013,5,12
CTN,CTN,2013,5,15
CTN,CTN,2013,5,16
CTN,CTN,2013,5,17
CTN,CTN,2013,5,18
CTN,CTN,2013,5,19
CTN,CTN,2013,5,22
CTN,CTN,2013,5,23
CTN,CTN,2013,5,24
CTN,CTN,2013,5,25
CTN,CTN,2013,5,26
CTN,CTN,2013,5,29
CTN,CTN,2013,5,30
CTN,CTN,2013,5,31
CTN,CTN,2013,6,1
CTN,CTN,2013,6,2
CTN,CTN,2013,6,5
CTN,CTN,2013,6,6
CTN,CTN,2013,6,7
CTN,CTN,2013,6,8
CTN,CTN,2013,6,9
CTN,CTN,2013,6,12
CTN,CTN,2013,6,13
CTN,CTN,2013,6,14
CTN,CTN,2013,6,15
CTN,CTN,2013,6,16
CTN,CTN,2013,6,19
CTN,CTN,2013,6,20
CTN,CTN,2013,6,21
CTN,CTN,2013,6,22
CTN,CTN,2013,6,23
CTN,CTN,2013,6,26
CTN,CTN,2013,6,27
CTN,CTN,2013,6,28
CTN,CTN,2013,6,29
CTN,CTN,2013,6,30
CTN,CTN,2013,7,5
CTN,CTN,2013,7,6
CTN,CTN,2013,7,7
CTN,CTN,2013,7,11
CTN,CTN,2013,7,12
CTN,CTN,2013,7,13
CTN,CTN,2013,7,14
CTN,CTN,2013,7,18
CTN,CTN,2013,7,19
CTN,CTN,2013,7,20
CTN,CTN,2013,7,21
CTN,CTN,2013,7,25
CTN,CTN,2013,7,26
CTN,CTN,2013,7,27
CTN,CTN,2013,7,28
CTN,CTN,2013,8,1
CTN,CTN,2013,8,2
CTN,CTN,2013,8,3
CTN,CTN,2013,8,4
CTN,CTN,2013,8,8
CTN,CTN,2013,8,9
CTN,CTN,2013,8,10
CTN,CTN,2013,8,11
CTN,CTN,2013,8,15
CTN,CTN,2013,8,16
CTN,CTN,2013,8,17
CTN,CTN,2013,8,18
CTN,CTN,2013,8,22
CTN,CTN,2013,8,23
CTN,CTN,2013,8,24
CTN,CTN,2013,8,25
CTN,CTN,2013,8,29
CTN,CTN,2013,8,30
CTN,CTN,2013,8,31
CTN,CTN,2013,9,4
CTN,CTN,2013,9,5
CTN,CTN,2013,9,6
CTN,CTN,2013,9,7
CTN,CTN,2013,9,11
CTN,CTN,2013,9,12
CTN,CTN,2013,9,13
CTN,CTN,2013,9,14
CTN,CTN,2013,9,18
CTN,CTN,2013,9,19
CTN,CTN,2013,9,20
CTN,CTN,2013,9,21
CTN,CTN,2013,9,25
CTN,CTN,2013,9,26
CTN,CTN,2013,9,27
CTN,CTN,2013,9,28
CTN,CTN,2013,10,1
CTN,CTN,2013,10,2
CTN,CTN,2013,10,3
CTN,CTN,2013,10,4
CTN,CTN,2013,10,5
CTN,CTN,2013,10,8
CTN,CTN,2013,10,9
CTN,CTN,2013,10,10
CTN,CTN,2013,10,12
CTN,CTN,2013,10,15
CTN,CTN,2013,10,16
CTN,CTN,2013,10,17
CTN,CTN,2013,10,18
CTN,CTN,2013,10,19
CTN,CTN,2013,10,26
CTN,CTN,2013,10,29
CTN,CTN,2013,10,30
CTN,CTN,2013,10,31
CTN,CTN,2013,11,1
CTN,CTN,2013,11,2
CTN,CTN,2013,11,6
CTN,CTN,2013,11,7
CTN,CTN,2013,11,8
CTN,CTN,2013,11,9
CTN,CTN,2013,11,13
CTN,CTN,2013,11,14
CTN,CTN,2013,11,15
CTN,CTN,2013,11,16
CTN,CTN,2013,11,20
CTN,CTN,2013,11,21
CTN,CTN,2013,11,22
CTN,CTN,2013,11,23
CTN,CTN,2013,11,27
CTN,CTN,2013,11,29
CTN,CTN,2013,11,30
CTN,CTN,2013,12,3
CTN,CTN,2013,12,4
CTN,CTN,2013,12,5
CTN,CTN,2013,12,6
CTN,CTN,2013,12,7
CTN,CTN,2013,12,13
CTN,CTN,2013,12,14
CTN,CTN,2013,12,17
CTN,CTN,2013,12,18
CTN,CTN,2013,12,19
CTN,CTN,2013,12,20
CTN,CTN,2013,12,21
CTN,CTN,2013,12,26
CTN,CTN,2013,12,27
CTN,CTN,2013,12,28
CTN,CTN,2014,1,4
CTN,CTN,2014,1,9
CTN,CTN,2014,1,10
CTN,CTN,2014,1,11
CTN,CTN,2014,1,14
CTN,CTN,2014,1,15
CTN,CTN,2014,1,16
CTN,CTN,2014,1,17
CTN,CTN,2014,1,18
CTN,CTN,2014,1,25
CTN,CTN,2014,1,30
CTN,CTN,2014,1,31
CTN,CTN,2014,2,1
CTN,CTN,2014,2,7
CTN,CTN,2014,2,8
CTN,CTN,2014,2,11
CTN,CTN,2014,2,18
CTN,CTN,2014,2,19
CTN,CTN,2014,2,20
CTN,CTN,2014,2,21
CTN,CTN,2014,2,22
CTN,CTN,2014,2,25
CTN,CTN,2014,2,26
CTN,CTN,2014,2,28
CTN,CTN,2014,3,1
CTN,CTN,2014,3,6
CTN,CTN,2014,3,7
CTN,CTN,2014,3,8
CTN,CTN,2014,3,11
CTN,CTN,2014,3,12
CTN,CTN,2014,3,13
CTN,CTN,2014,3,14
CTN,CTN,2014,3,15
CTN,CTN,2014,3,18
CTN,CTN,2014,3,19
CTN,CTN,2014,3,20
CTN,CTN,2014,3,21
CTN,CTN,2014,3,22
CTN,CTN,2014,3,25
CTN,CTN,2014,3,26
CTN,CTN,2014,3,27
CTN,CTN,2014,3,28
CTN,CTN,2014,3,29
CTN,CTN,2014,4,1
CTN,CTN,2014,4,2
CTN,CTN,2014,4,3
CTN,CTN,2014,4,4
CTN,CTN,2014,4,5
CTN,CTN,2014,4,8
CTN,CTN,2014,4,9
CTN,CTN,2014,4,10
CTN,CTN,2014,4,11
CTN,CTN,2014,4,12
CTN,CTN,2014,4,15
CTN,CTN,2014,4,16
CTN,CTN,2014,4,17
CTN,CTN,2014,4,18
CTN,CTN,2014,4,19
CTN,CTN,2014,4,26
CTN,CTN,2014,4,29
CTN,CTN,2014,4,30
CTN,CTN,2014,5,1
CTN,CTN,2014,5,2
CTN,CTN,2014,5,3
CTN,CTN,2014,5,7
CTN,CTN,2014,5,8
CTN,CTN,2014,5,9
CTN,CTN,2014,5,10
CTN,CTN,2014,5,14
CTN,CTN,2014,5,15
CTN,CTN,2014,5,16
CTN,CTN,2014,5,17
CTN,CTN,2014,5,21
CTN,CTN,2014,5,22
CTN,CTN,2014,5,23
CTN,CTN,2014,5,24
CTN,CTN,2014,5,28
CTN,CTN,2014,5,29
CTN,CTN,2014,5,30
CTN,CTN,2014,5,31
CTN,CTN,2014,6,4
CTN,CTN,2014,6,5
CTN,CTN,2014,6,6
CTN,CTN,2014,6,7
CTN,CTN,2014,6,11
CTN,CTN,2014,6,12
CTN,CTN,2014,6,13
CTN,CTN,2014,6,14
CTN,CTN,2014,6,18
CTN,CTN,2014,6,19
CTN,CTN,2014,6,20
CTN,CTN,2014,6,21
CTN,CTN,2014,6,25
CTN,CTN,2014,6,26
CTN,CTN,2014,6,27
CTN,CTN,2014,6,28
CTN,CTN,2014,7,2
CTN,CTN,2014,7,3
CTN,CTN,2014,7,5
CTN,CTN,2014,7,9
CTN,CTN,2014,7,10
CTN,CTN,2014,7,11
CTN,CTN,2014,7,12
CTN,CTN,2014,7,16
CTN,CTN,2014,7,17
CTN,CTN,2014,7,18
CTN,CTN,2014,7,19
CTN,CTN,2014,7,23
CTN,CTN,2014,7,24
CTN,CTN,2014,7,25
CTN,CTN,2014,7,26
CTN,CTN,2014,7,30
CTN,CTN,2014,7,31
CTN,CTN,2014,8,1
CTN,CTN,2014,8,2
CTN,CTN,2014,8,6
CTN,CTN,2014,8,7
CTN,CTN,2014,8,8
CTN,CTN,2014,8,9
CTN,CTN,2014,8,13
CTN,CTN,2014,8,14
CTN,CTN,2014,8,15
CTN,CTN,2014,8,16
CTN,CTN,2014,8,20
CTN,CTN,2014,8,21
CTN,CTN,2014,8,22
CTN,CTN,2014,8,23
CTN,CTN,2014,8,27
CTN,CTN,2014,8,28
CTN,CTN,2014,8,29
CTN,CTN,2014,8,30
CTN,CTN,2014,9,3
CTN,CTN,2014,9,4
CTN,CTN,2014,9,5
CTN,CTN,2014,9,6
CTN,CTN,2014,9,10
CTN,CTN,2014,9,11
CTN,CTN,2014,9,12
CTN,CTN,2014,9,13
CTN,CTN,2014,9,17
CTN,CTN,2014,9,18
CTN,CTN,2014,9,19
CTN,CTN,2014,9,20
CTN,CTN,2014,9,24
CTN,CTN,2014,9,25
CTN,CTN,2014,9,26
CTN,CTN,2014,9,27
CTN,CTN,2014,10,1
CTN,CTN,2014,10,2
CTN,CTN,2014,10,3
CTN,CTN,2014,10,4
CTN,CTN,2014,10,8
CTN,CTN,2014,10,9
CTN,CTN,2014,10,10
CTN,CTN,2014,10,11
CTN,CTN,2014,10,15
CTN,CTN,2014,10,16
CTN,CTN,2014,10,17
CTN,CTN,2014,10,18
CTN,CTN,2014,10,25
CTN,CTN,2014,10,29
CTN,CTN,2014,10,30
CTN,CTN,2014,10,31
CTN,CTN,2014,11,1
CTN,CTN,2014,11,5
CTN,CTN,2014,11,6
CTN,CTN,2014,11,7
CTN,CTN,2014,11,8
CTN,CTN,2014,11,12
CTN,CTN,2014,11,13
CTN,CTN,2014,11,14
CTN,CTN,2014,11,15
CTN,CTN,2014,11,19
CTN,CTN,2014,11,20
CTN,CTN,2014,11,21
CTN,CTN,2014,11,22
CTN,CTN,2014,11,28
CTN,CTN,2014,11,29
CTN,CTN,2014,12,3
CTN,CTN,2014,12,4
CTN,CTN,2014,12,5
CTN,CTN,2014,12,6
CTN,CTN,2014,12,10
CTN,CTN,2014,12,11
CTN,CTN,2014,12,12
CTN,CTN,2014,12,13
CTN,CTN,2014,12,17
CTN,CTN,2014,12,18
CTN,CTN,2014,12,19
CTN,CTN,2014,12,20
CTN,CTN,2014,12,26
CTN,CTN,2014,12,27
CTN,CTN,2015,1,2
CTN,CTN,2015,1,3
CTN,CTN,2015,1,8
CTN,CTN,2015,1,10
CTN,CTN,2015,1,14
CTN,CTN,2015,1,15
CTN,CTN,2015,1,16
CTN,CTN,2015,1,17
CTN,CTN,2015,1,21
CTN,CTN,2015,1,22
CTN,CTN,2015,1,23
CTN,CTN,2015,1,24
CTN,CTN,2015,1,28
CTN,CTN,2015,1,29
CTN,CTN,2015,1,31
CTN,CTN,2015,2,4
CTN,CTN,2015,2,6
CTN,CTN,2015,2,7
CTN,CTN,2015,2,11
CTN,CTN,2015,2,13
CTN,CTN,2015,2,25
CTN,CTN,2015,2,26
CTN,CTN,2015,2,28
CTN,CTN,2015,3,4
CTN,CTN,2015,3,11
CTN,CTN,2015,3,12
CTN,CTN,2015,3,13
CTN,CTN,2015,3,14
CTN,CTN,2015,3,18
CTN,CTN,2015,3,19
CTN,CTN,2015,3,20
CTN,CTN,2015,3,21
CTN,CTN,2015,3,25
CTN,CTN,2015,3,26
CTN,CTN,2015,3,27
CTN,CTN,2015,3,28
CTN,CTN,2015,4,1
CTN,CTN,2015,4,2
CTN,CTN,2015,4,3
CTN,CTN,2015,4,4
CTN,CTN,2015,4,8
CTN,CTN,2015,4,9
CTN,CTN,2015,4,10
CTN,CTN,2015,4,11
CTN,CTN,2015,4,15
CTN,CTN,2015,4,16
CTN,CTN,2015,4,17
CTN,CTN,2015,4,18
CTN,CTN,2015,4,25
CTN,CTN,2015,4,29
CTN,CTN,2015,5,1
CTN,CTN,2015,5,2
CTN,CTN,2015,5,6
CTN,CTN,2015,5,7
CTN,CTN,2015,5,8
CTN,CTN,2015,5,9
CTN,CTN,2015,5,13
CTN,CTN,2015,5,14
CTN,CTN,2015,5,15
CTN,CTN,2015,5,16
CTN,CTN,2015,5,20
CTN,CTN,2015,5,21
CTN,CTN,2015,5,22
CTN,CTN,2015,5,23
CTN,CTN,2015,5,27
CTN,CTN,2015,5,28
CTN,CTN,2015,5,29
CTN,CTN,2015,5,30
CTN,CTN,2015,6,3
CTN,CTN,2015,6,4
CTN,CTN,2015,6,5
CTN,CTN,2015,6,6
CTN,CTN,2015,6,10
CTN,CTN,2015,6,11
CTN,CTN,2015,6,12
CTN,CTN,2015,6,13
CTN,CTN,2015,6,17
CTN,CTN,2015,6,18
CTN,CTN,2015,6,19
CTN,CTN,2015,6,20
CTN,CTN,2015,6,24
CTN,CTN,2015,6,25
CTN,CTN,2015,6,26
CTN,CTN,2015,6,27
CTN,CTN,2015,7,8
CTN,CTN,2015,7,9
CTN,CTN,2015,7,10
CTN,CTN,2015,7,11
CTN,CTN,2015,7,15
CTN,CTN,2015,7,16
CTN,CTN,2015,7,17
CTN,CTN,2015,7,18
CTN,CTN,2015,7,22
CTN,CTN,2015,7,23
CTN,CTN,2015,7,24
CTN,CTN,2015,7,25
CTN,CTN,2015,7,29
CTN,CTN,2015,7,30
CTN,CTN,2015,7,31
CTN,CTN,2015,8,1
CTN,CTN,2015,8,5
CTN,CTN,2015,8,6
CTN,CTN,2015,8,7
CTN,CTN,2015,8,8
CTN,CTN,2015,8,12
CTN,CTN,2015,8,13
CTN,CTN,2015,8,14
CTN,CTN,2015,8,15
CTN,CTN,2015,8,19
CTN,CTN,2015,8,20
CTN,CTN,2015,8,21
CTN,CTN,2015,8,22
CTN,CTN,2015,8,26
CTN,CTN,2015,8,27
CTN,CTN,2015,8,28
CTN,CTN,2015,8,29
CTN,CTN,2015,9,2
CTN,CTN,2015,9,3
CTN,CTN,2015,9,4
CTN,CTN,2015,9,5
CTN,CTN,2015,9,9
CTN,CTN,2015,9,10
CTN,CTN,2015,9,11
CTN,CTN,2015,9,12
CTN,CTN,2015,9,16
CTN,CTN,2015,9,17
CTN,CTN,2015,9,18
CTN,CTN,2015,9,19
CTN,CTN,2015,9,23
CTN,CTN,2015,9,24
CTN,CTN,2015,9,25
CTN,CTN,2015,9,26
CTN,CTN,2015,9,30
CTN,CTN,2015,10,1
CTN,CTN,2015,10,2
CTN,CTN,2015,10,3
CTN,CTN,2015,10,7
CTN,CTN,2015,10,8
CTN,CTN,2015,10,9
CTN,CTN,2015,10,10
CTN,CTN,2015,10,17
CTN,CTN,2015,10,21
CTN,CTN,2015,10,22
CTN,CTN,2015,10,23
CTN,CTN,2015,10,24
CTN,CTN,2015,10,28
CTN,CTN,2015,10,29
CTN,CTN,2015,10,30
CTN,CTN,2015,10,31
CTN,CTN,2015,11,4
CTN,CTN,2015,11,5
CTN,CTN,2015,11,6
CTN,CTN,2015,11,7
CTN,CTN,2015,11,11
CTN,CTN,2015,11,12
CTN,CTN,2015,11,13
CTN,CTN,2015,11,14
CTN,CTN,2015,11,18
CTN,CTN,2015,11,19
CTN,CTN,2015,11,20
CTN,CTN,2015,11,21
DDN,DDN,2001,1,4
DDN,DDN,2001,1,5
DDN,DDN,2001,1,6
DDN,DDN,2001,1,7
DDN,DDN,2001,1,11
DDN,DDN,2001,1,12
DDN,DDN,2001,1,13
DDN,DDN,2001,1,14
DDN,DDN,2001,1,15
DDN,DDN,2001,1,18
DDN,DDN,2001,1,19
DDN,DDN,2001,1,20
DDN,DDN,2001,1,21
DDN,DDN,2001,1,25
DDN,DDN,2001,1,26
DDN,DDN,2001,2,1
DDN,DDN,2001,2,2
DDN,DDN,2001,2,3
DDN,DDN,2001,2,4
DDN,DDN,2001,2,8
DDN,DDN,2001,2,9
DDN,DDN,2001,2,10
DDN,DDN,2001,2,11
DDN,DDN,2001,2,23
DDN,DDN,2001,2,24
DDN,DDN,2001,2,25
DDN,DDN,2001,3,1
DDN,DDN,2001,3,2
DDN,DDN,2001,3,3
DDN,DDN,2001,3,4
DDN,DDN,2001,3,8
DDN,DDN,2001,3,9
DDN,DDN,2001,3,10
DDN,DDN,2001,3,11
DDN,DDN,2001,3,15
DDN,DDN,2001,3,16
DDN,DDN,2001,3,17
DDN,DDN,2001,3,18
DDN,DDN,2001,3,22
DDN,DDN,2001,3,23
DDN,DDN,2001,3,25
DDN,DDN,2001,3,29
DDN,DDN,2001,4,5
DDN,DDN,2001,4,6
DDN,DDN,2001,4,7
DDN,DDN,2001,4,8
DDN,DDN,2001,4,12
DDN,DDN,2001,4,13
DDN,DDN,2001,11,18
DDN,DDN,2001,11,24
DDN,DDN,2001,11,25
DDN,DDN,2001,11,29
DDN,DDN,2001,11,30
DDN,DDN,2001,12,2
DDN,DDN,2001,12,6
DDN,DDN,2001,12,7
DDN,DDN,2001,12,9
DDN,DDN,2001,12,14
DDN,DDN,2001,12,15
DDN,DDN,2001,12,16
DDN,DDN,2001,12,20
DDN,DDN,2001,12,21
DDN,DDN,2001,12,23
DDN,DDN,2001,12,26
DDN,DDN,2001,12,27
DDN,DDN,2001,12,29
DDN,DDN,2001,12,30
DDN,DDN,2002,1,3
DDN,DDN,2002,1,5
DDN,DDN,2002,1,6
DDN,DDN,2002,1,10
DDN,DDN,2002,1,12
DDN,DDN,2002,1,13
DDN,DDN,2002,1,17
DDN,DDN,2002,1,18
DDN,DDN,2002,1,19
DDN,DDN,2002,1,20
DDN,DDN,2002,1,21
DDN,DDN,2002,1,24
DDN,DDN,2002,1,25
DDN,DDN,2002,1,26
DDN,DDN,2002,1,27
DDN,DDN,2002,1,31
DDN,DDN,2002,2,1
DDN,DDN,2002,2,2
DDN,DDN,2002,2,7
DDN,DDN,2002,2,8
DDN,DDN,2002,2,9
DDN,DDN,2002,2,10
DDN,DDN,2002,2,14
DDN,DDN,2002,2,15
DDN,DDN,2002,2,16
DDN,DDN,2002,2,17
DDN,DDN,2002,2,21
DDN,DDN,2002,2,22
DDN,DDN,2002,2,23
DDN,DDN,2002,2,24
DDN,DDN,2002,2,28
DDN,DDN,2002,3,1
DDN,DDN,2002,3,2
DDN,DDN,2002,3,3
DDN,DDN,2002,3,7
DDN,DDN,2002,3,8
DDN,DDN,2002,3,9
DDN,DDN,2002,3,10
DDN,DDN,2002,3,14
DDN,DDN,2002,3,15
DDN,DDN,2002,3,16
DDN,DDN,2002,3,17
DDN,DDN,2002,3,21
DDN,DDN,2002,3,22
DDN,DDN,2002,3,23
DDN,DDN,2002,3,24
DDN,DDN,2002,3,25
DDN,DDN,2002,3,28
DDN,DDN,2002,3,29
DDN,DDN,2002,3,30
DDN,DDN,2002,4,4
DDN,DDN,2002,4,5
DDN,DDN,2002,4,7
DDN,DDN,2002,11,16
DDN,DDN,2002,11,17
DDN,DDN,2002,11,21
DDN,DDN,2002,11,22
DDN,DDN,2002,11,23
DDN,DDN,2002,11,24
DDN,DDN,2002,11,27
DDN,DDN,2002,11,29
DDN,DDN,2002,11,30
DDN,DDN,2002,12,1
DDN,DDN,2002,12,5
DDN,DDN,2002,12,6
DDN,DDN,2002,12,7
DDN,DDN,2002,12,8
DDN,DDN,2002,12,12
DDN,DDN,2002,12,13
DDN,DDN,2002,12,14
DDN,DDN,2002,12,15
DDN,DDN,2002,12,19
DDN,DDN,2002,12,20
DDN,DDN,2002,12,21
DDN,DDN,2002,12,22
DDN,DDN,2002,12,26
DDN,DDN,2002,12,27
DDN,DDN,2002,12,28
DDN,DDN,2002,12,29
DDN,DDN,2003,1,2
DDN,DDN,2003,1,3
DDN,DDN,2003,1,4
DDN,DDN,2003,1,5
DDN,DDN,2003,1,9
DDN,DDN,2003,1,10
DDN,DDN,2003,1,11
DDN,DDN,2003,1,12
DDN,DDN,2003,1,16
DDN,DDN,2003,1,17
DDN,DDN,2003,1,18
DDN,DDN,2003,1,19
DDN,DDN,2003,1,22
DDN,DDN,2003,1,23
DDN,DDN,2003,1,24
DDN,DDN,2003,1,25
DDN,DDN,2003,1,30
DDN,DDN,2003,1,31
DDN,DDN,2003,2,1
DDN,DDN,2003,2,2
DDN,DDN,2003,2,6
DDN,DDN,2003,2,7
DDN,DDN,2003,2,8
DDN,DDN,2003,2,9
DDN,DDN,2003,2,13
DDN,DDN,2003,2,14
DDN,DDN,2003,2,15
DDN,DDN,2003,2,16
DDN,DDN,2003,2,20
DDN,DDN,2003,2,21
DDN,DDN,2003,2,22
DDN,DDN,2003,2,23
DDN,DDN,2003,2,27
DDN,DDN,2003,3,6
DDN,DDN,2003,3,7
DDN,DDN,2003,3,8
DDN,DDN,2003,3,9
DDN,DDN,2003,3,13
DDN,DDN,2003,3,14
DDN,DDN,2003,3,15
DDN,DDN,2003,3,16
DDN,DDN,2003,3,20
DDN,DDN,2003,3,21
DDN,DDN,2003,3,22
DDN,DDN,2003,3,23
DDN,DDN,2003,10,31
DDN,DDN,2003,11,1
DDN,DDN,2003,11,5
DDN,DDN,2003,11,6
DDN,DDN,2003,11,7
DDN,DDN,2003,11,8
DDN,DDN,2003,11,12
DDN,DDN,2003,11,13
DDN,DDN,2003,11,14
DDN,DDN,2003,11,15
DDN,DDN,2003,11,19
DDN,DDN,2003,11,20
DDN,DDN,2003,11,21
DDN,DDN,2003,11,22
DDN,DDN,2003,11,26
DDN,DDN,2003,11,28
DDN,DDN,2003,11,29
DDN,DDN,2003,11,30
DDN,DDN,2003,12,3
DDN,DDN,2003,12,4
DDN,DDN,2003,12,5
DDN,DDN,2003,12,6
DDN,DDN,2003,12,10
DDN,DDN,2003,12,11
DDN,DDN,2003,12,12
DDN,DDN,2003,12,13
DDN,DDN,2003,12,17
DDN,DDN,2003,12,18
DDN,DDN,2003,12,19
DDN,DDN,2003,12,20
DDN,DDN,2003,12,26
DDN,DDN,2003,12,27
DDN,DDN,2003,12,28
DDN,DDN,2003,12,31
DDN,DDN,2004,1,1
DDN,DDN,2004,1,2
DDN,DDN,2004,1,3
DDN,DDN,2004,1,7
DDN,DDN,2004,1,8
DDN,DDN,2004,1,9
DDN,DDN,2004,1,10
DDN,DDN,2004,1,14
DDN,DDN,2004,1,15
DDN,DDN,2004,1,16
DDN,DDN,2004,1,17
DDN,DDN,2004,1,21
DDN,DDN,2004,1,22
DDN,DDN,2004,1,23
DDN,DDN,2004,1,24
DDN,DDN,2004,1,28
DDN,DDN,2004,1,29
DDN,DDN,2004,1,30
DDN,DDN,2004,1,31
DDN,DDN,2004,2,4
DDN,DDN,2004,2,5
DDN,DDN,2004,2,6
DDN,DDN,2004,2,7
DDN,DDN,2004,2,11
DDN,DDN,2004,2,12
DDN,DDN,2004,2,13
DDN,DDN,2004,2,14
DDN,DDN,2004,2,18
DDN,DDN,2004,2,19
DDN,DDN,2004,2,20
DDN,DDN,2004,2,21
DDN,DDN,2004,2,25
DDN,DDN,2004,2,26
DDN,DDN,2004,2,27
DDN,DDN,2004,2,28
DDN,DDN,2004,3,3
DDN,DDN,2004,3,4
DDN,DDN,2004,3,5
DDN,DDN,2004,3,6
DDN,DDN,2004,3,10
DDN,DDN,2004,3,11
DDN,DDN,2004,3,12
DDN,DDN,2004,3,13
DDN,DDN,2004,3,17
DDN,DDN,2004,3,18
DDN,DDN,2004,3,19
DDN,DDN,2004,3,20
DDN,DDN,2004,3,21
DDN,DDN,2004,3,24
DDN,DDN,2004,3,25
DDN,DDN,2004,3,26
DDN,DDN,2004,3,27
DDN,DDN,2004,10,1
DDN,DDN,2004,10,2
DDN,DDN,2004,10,7
DDN,DDN,2004,10,8
DDN,DDN,2004,10,9
DDN,DDN,2004,10,14
DDN,DDN,2004,10,15
DDN,DDN,2004,10,16
DDN,DDN,2004,10,21
DDN,DDN,2004,10,22
DDN,DDN,2004,10,23
DDN,DDN,2004,10,28
DDN,DDN,2004,10,29
DDN,DDN,2004,10,30
DDN,DDN,2004,11,3
DDN,DDN,2004,11,4
DDN,DDN,2004,11,5
DDN,DDN,2004,11,6
DDN,DDN,2004,11,10
DDN,DDN,2004,11,11
DDN,DDN,2004,11,12
DDN,DDN,2004,11,13
DDN,DDN,2004,11,17
DDN,DDN,2004,11,18
DDN,DDN,2004,11,19
DDN,DDN,2004,11,20
DDN,DDN,2004,11,23
DDN,DDN,2004,11,24
DDN,DDN,2004,11,26
DDN,DDN,2004,11,27
DDN,DDN,2004,12,1
DDN,DDN,2004,12,2
DDN,DDN,2004,12,3
DDN,DDN,2004,12,4
DDN,DDN,2004,12,8
DDN,DDN,2004,12,9
DDN,DDN,2004,12,10
DDN,DDN,2004,12,11
DDN,DDN,2004,12,15
DDN,DDN,2004,12,16
DDN,DDN,2004,12,17
DDN,DDN,2004,12,21
DDN,DDN,2004,12,22
DDN,DDN,2004,12,23
DDN,DDN,2004,12,29
DDN,DDN,2004,12,30
DDN,DDN,2004,12,31
DDN,DDN,2005,1,1
DDN,DDN,2005,1,5
DDN,DDN,2005,1,6
DDN,DDN,2005,1,7
DDN,DDN,2005,1,8
DDN,DDN,2005,1,12
DDN,DDN,2005,1,13
DDN,DDN,2005,1,14
DDN,DDN,2005,1,15
DDN,DDN,2005,1,19
DDN,DDN,2005,1,20
DDN,DDN,2005,1,21
DDN,DDN,2005,1,22
DDN,DDN,2005,1,26
DDN,DDN,2005,1,27
DDN,DDN,2005,1,28
DDN,DDN,2005,1,29
DDN,DDN,2005,2,2
DDN,DDN,2005,2,3
DDN,DDN,2005,2,4
DDN,DDN,2005,2,5
DDN,DDN,2005,2,9
DDN,DDN,2005,2,10
DDN,DDN,2005,2,11
DDN,DDN,2005,2,12
DDN,DDN,2005,2,16
DDN,DDN,2005,2,17
DDN,DDN,2005,2,18
DDN,DDN,2005,2,19
DDN,DDN,2005,2,23
DDN,DDN,2005,2,24
DDN,DDN,2005,2,25
DDN,DDN,2005,2,26
DDN,DDN,2005,3,2
DDN,DDN,2005,3,3
DDN,DDN,2005,3,4
DDN,DDN,2005,3,5
DDN,DDN,2005,3,9
DDN,DDN,2005,3,10
DDN,DDN,2005,3,11
DDN,DDN,2005,3,12
DDN,DDN,2005,3,16
DDN,DDN,2005,3,17
DDN,DDN,2005,3,18
DDN,DDN,2005,3,19
DDN,DDN,2005,3,23
DDN,DDN,2005,3,24
DDN,DDN,2005,3,25
DDN,DDN,2005,3,26
DDN,DDN,2005,3,30
DDN,DDN,2005,3,31
DDN,DDN,2005,4,1
DDN,DDN,2005,4,2
DDN,DDN,2005,4,15
DDN,DDN,2005,4,16
DDN,DDN,2005,4,17
DDN,DDN,2005,4,21
DDN,DDN,2005,4,22
DDN,DDN,2005,4,23
DDN,DDN,2005,4,24
DDN,DDN,2005,4,28
DDN,DDN,2005,4,29
DDN,DDN,2005,4,30
DDN,DDN,2005,5,1
DDN,DDN,2005,5,5
DDN,DDN,2005,5,6
DDN,DDN,2005,5,7
DDN,DDN,2005,5,8
DDN,DDN,2005,5,12
DDN,DDN,2005,5,13
DDN,DDN,2005,5,14
DDN,DDN,2005,5,15
DDN,DDN,2005,5,19
DDN,DDN,2005,5,20
DDN,DDN,2005,5,21
DDN,DDN,2005,5,22
DDN,DDN,2005,5,26
DDN,DDN,2005,5,27
DDN,DDN,2005,5,28
DDN,DDN,2005,5,29
DDN,DDN,2005,6,2
DDN,DDN,2005,6,3
DDN,DDN,2005,6,4
DDN,DDN,2005,6,5
DDN,DDN,2005,6,9
DDN,DDN,2005,6,10
DDN,DDN,2005,6,11
DDN,DDN,2005,6,12
DDN,DDN,2005,6,16
DDN,DDN,2005,6,17
DDN,DDN,2005,6,18
DDN,DDN,2005,6,19
DDN,DDN,2005,6,23
DDN,DDN,2005,6,24
DDN,DDN,2005,6,25
DDN,DDN,2005,6,26
DDN,DDN,2005,6,30
DDN,DDN,2005,7,1
DDN,DDN,2005,7,2
DDN,DDN,2005,7,3
DDN,DDN,2005,7,7
DDN,DDN,2005,7,8
DDN,DDN,2005,7,9
DDN,DDN,2005,7,10
DDN,DDN,2005,7,14
DDN,DDN,2005,7,15
DDN,DDN,2005,7,16
DDN,DDN,2005,7,17
DDN,DDN,2006,4,13
DDN,DDN,2006,4,14
DDN,DDN,2006,4,15
DDN,DDN,2006,4,16
DDN,DDN,2006,4,20
DDN,DDN,2006,4,21
DDN,DDN,2006,4,22
DDN,DDN,2006,4,23
DDN,DDN,2006,4,27
DDN,DDN,2006,4,28
DDN,DDN,2006,4,29
DDN,DDN,2006,4,30
DDN,DDN,2006,5,4
DDN,DDN,2006,5,5
DDN,DDN,2006,5,6
DDN,DDN,2006,5,7
DDN,DDN,2006,5,11
DDN,DDN,2006,5,12
DDN,DDN,2006,5,13
DDN,DDN,2006,5,14
DDN,DDN,2006,5,18
DDN,DDN,2006,5,19
DDN,DDN,2006,5,20
DDN,DDN,2006,5,21
DDN,DDN,2006,5,25
DDN,DDN,2006,5,26
DDN,DDN,2006,5,27
DDN,DDN,2006,5,28
DDN,DDN,2006,6,1
DDN,DDN,2006,6,2
DDN,DDN,2006,6,3
DDN,DDN,2006,6,4
DDN,DDN,2006,6,8
DDN,DDN,2006,6,9
DDN,DDN,2006,6,10
DDN,DDN,2006,6,11
DDN,DDN,2006,6,15
DDN,DDN,2006,6,16
DDN,DDN,2006,6,17
DDN,DDN,2006,6,18
DDN,DDN,2006,6,22
DDN,DDN,2006,6,23
DDN,DDN,2006,6,24
DDN,DDN,2006,6,25
DDN,DDN,2006,6,29
DDN,DDN,2006,6,30
DDN,DDN,2006,7,1
DDN,DDN,2006,7,2
DDN,DDN,2006,7,6
DDN,DDN,2006,7,7
DDN,DDN,2006,7,8
DDN,DDN,2006,7,9
DDN,DDN,2006,11,1
DDN,DDN,2006,11,2
DDN,DDN,2006,11,3
DDN,DDN,2006,11,4
DDN,DDN,2006,11,8
DDN,DDN,2006,11,9
DDN,DDN,2006,11,10
DDN,DDN,2006,11,11
DDN,DDN,2006,11,15
DDN,DDN,2006,11,16
DDN,DDN,2006,11,17
DDN,DDN,2006,11,18
DDN,DDN,2006,11,21
DDN,DDN,2006,11,22
DDN,DDN,2006,11,24
DDN,DDN,2006,11,25
DDN,DDN,2006,11,29
DDN,DDN,2006,11,30
DDN,DDN,2006,12,1
DDN,DDN,2006,12,2
DDN,DDN,2006,12,6
DDN,DDN,2006,12,7
DDN,DDN,2006,12,8
DDN,DDN,2006,12,9
DDN,DDN,2006,12,13
DDN,DDN,2006,12,14
DDN,DDN,2006,12,15
DDN,DDN,2006,12,16
DDN,DDN,2006,12,20
DDN,DDN,2006,12,21
DDN,DDN,2006,12,22
DDN,DDN,2006,12,23
DDN,DDN,2006,12,27
DDN,DDN,2006,12,28
DDN,DDN,2006,12,29
DDN,DDN,2006,12,30
DDN,DDN,2007,1,3
DDN,DDN,2007,1,4
DDN,DDN,2007,1,5
DDN,DDN,2007,1,6
DDN,DDN,2007,1,10
DDN,DDN,2007,1,11
DDN,DDN,2007,1,12
DDN,DDN,2007,1,13
DDN,DDN,2007,1,17
DDN,DDN,2007,1,18
DDN,DDN,2007,1,19
DDN,DDN,2007,1,20
DDN,DDN,2007,1,24
DDN,DDN,2007,1,25
DDN,DDN,2007,1,26
DDN,DDN,2007,1,27
DDN,DDN,2007,1,31
DDN,DDN,2007,2,1
DDN,DDN,2007,2,2
DDN,DDN,2007,2,3
DDN,DDN,2007,2,7
DDN,DDN,2007,2,8
DDN,DDN,2007,2,9
DDN,DDN,2007,2,10
DDN,DDN,2007,2,14
DDN,DDN,2007,2,15
DDN,DDN,2007,2,16
DDN,DDN,2007,2,17
DDN,DDN,2007,2,21
DDN,DDN,2007,2,22
DDN,DDN,2007,2,23
DDN,DDN,2007,2,24
DDN,DDN,2007,2,28
DDN,DDN,2007,3,1
DDN,DDN,2007,3,2
DDN,DDN,2007,3,3
DDN,DDN,2007,3,7
DDN,DDN,2007,3,8
DDN,DDN,2007,3,9
DDN,DDN,2007,3,10
DDN,DDN,2007,3,14
DDN,DDN,2007,3,15
DDN,DDN,2007,3,16
DDN,DDN,2007,3,17
DDN,DDN,2007,3,21
DDN,DDN,2007,3,22
DDN,DDN,2007,3,23
DDN,DDN,2007,3,24
DDN,DDN,2007,3,28
DDN,DDN,2007,3,29
DDN,DDN,2007,3,30
DDN,DDN,2007,3,31
DDN,DDN,2007,4,19
DDN,DDN,2007,4,20
DDN,DDN,2007,4,21
DDN,DDN,2007,4,22
DDN,DDN,2007,4,26
DDN,DDN,2007,4,27
DDN,DDN,2007,4,28
DDN,DDN,2007,4,29
DDN,DDN,2007,5,3
DDN,DDN,2007,5,4
DDN,DDN,2007,5,5
DDN,DDN,2007,5,6
DDN,DDN,2007,5,10
DDN,DDN,2007,5,11
DDN,DDN,2007,5,12
DDN,DDN,2007,5,13
DDN,DDN,2007,5,17
DDN,DDN,2007,5,18
DDN,DDN,2007,5,19
DDN,DDN,2007,5,20
DDN,DDN,2007,5,24
DDN,DDN,2007,5,25
DDN,DDN,2007,5,26
DDN,DDN,2007,5,27
DDN,DDN,2007,5,31
DDN,DDN,2007,6,1
DDN,DDN,2007,6,2
DDN,DDN,2007,6,3
DDN,DDN,2007,6,7
DDN,DDN,2007,6,8
DDN,DDN,2007,6,9
DDN,DDN,2007,6,10
DDN,DDN,2007,6,14
DDN,DDN,2007,6,15
DDN,DDN,2007,6,16
DDN,DDN,2007,6,17
DDN,DDN,2007,6,21
DDN,DDN,2007,6,22
DDN,DDN,2007,6,23
DDN,DDN,2007,6,24
DDN,DDN,2007,6,28
DDN,DDN,2007,6,29
DDN,DDN,2007,6,30
DDN,DDN,2007,7,1
DDN,DDN,2007,7,5
DDN,DDN,2007,7,6
DDN,DDN,2007,7,7
DDN,DDN,2007,7,8
DDN,DDN,2007,7,12
DDN,DDN,2007,7,13
DDN,DDN,2007,7,14
DDN,DDN,2007,7,15
DDN,DDN,2007,10,19
DDN,DDN,2007,10,20
DDN,DDN,2007,10,24
DDN,DDN,2007,10,25
DDN,DDN,2007,10,26
DDN,DDN,2007,10,27
DDN,DDN,2007,10,31
DDN,DDN,2007,11,1
DDN,DDN,2007,11,2
DDN,DDN,2007,11,3
DDN,DDN,2007,11,7
DDN,DDN,2007,11,8
DDN,DDN,2007,11,9
DDN,DDN,2007,11,10
DDN,DDN,2007,11,14
DDN,DDN,2007,11,15
DDN,DDN,2007,11,16
DDN,DDN,2007,11,17
DDN,DDN,2007,11,21
DDN,DDN,2007,11,23
DDN,DDN,2007,11,24
DDN,DDN,2007,11,28
DDN,DDN,2007,11,29
DDN,DDN,2007,11,30
DDN,DDN,2007,12,1
DDN,DDN,2007,12,5
DDN,DDN,2007,12,6
DDN,DDN,2007,12,7
DDN,DDN,2007,12,8
DDN,DDN,2007,12,12
DDN,DDN,2007,12,13
DDN,DDN,2007,12,14
DDN,DDN,2007,12,15
DDN,DDN,2007,12,19
DDN,DDN,2007,12,20
DDN,DDN,2007,12,21
DDN,DDN,2007,12,22
DDN,DDN,2007,12,26
DDN,DDN,2007,12,27
DDN,DDN,2007,12,28
DDN,DDN,2007,12,29
DDN,DDN,2008,1,2
DDN,DDN,2008,1,3
DDN,DDN,2008,1,4
DDN,DDN,2008,1,5
DDN,DDN,2008,1,9
DDN,DDN,2008,1,10
DDN,DDN,2008,1,11
DDN,DDN,2008,1,12
DDN,DDN,2008,1,16
DDN,DDN,2008,1,17
DDN,DDN,2008,1,18
DDN,DDN,2008,1,19
DDN,DDN,2008,1,23
DDN,DDN,2008,1,24
DDN,DDN,2008,1,25
DDN,DDN,2008,1,26
DDN,DDN,2008,1,30
DDN,DDN,2008,1,31
DDN,DDN,2008,2,1
DDN,DDN,2008,2,2
DDN,DDN,2008,2,6
DDN,DDN,2008,2,7
DDN,DDN,2008,2,8
DDN,DDN,2008,2,9
DDN,DDN,2008,2,13
DDN,DDN,2008,2,14
DDN,DDN,2008,2,15
DDN,DDN,2008,2,16
DDN,DDN,2008,2,20
DDN,DDN,2008,2,21
DDN,DDN,2008,2,22
DDN,DDN,2008,2,23
DDN,DDN,2008,2,27
DDN,DDN,2008,2,28
DDN,DDN,2008,2,29
DDN,DDN,2008,3,1
DDN,DDN,2008,3,5
DDN,DDN,2008,3,6
DDN,DDN,2008,3,7
DDN,DDN,2008,3,8
DDN,DDN,2008,3,12
DDN,DDN,2008,3,13
DDN,DDN,2008,3,14
DDN,DDN,2008,3,15
DDN,DDN,2008,3,19
DDN,DDN,2008,3,20
DDN,DDN,2008,3,21
DDN,DDN,2008,3,22
DDN,DDN,2008,3,26
DDN,DDN,2008,3,27
DDN,DDN,2008,3,28
DDN,DDN,2008,3,29
DDN,DDN,2008,4,17
DDN,DDN,2008,4,18
DDN,DDN,2008,4,19
DDN,DDN,2008,4,20
DDN,DDN,2008,4,24
DDN,DDN,2008,4,25
DDN,DDN,2008,4,26
DDN,DDN,2008,4,27
DDN,DDN,2008,5,1
DDN,DDN,2008,5,2
DDN,DDN,2008,5,3
DDN,DDN,2008,5,4
DDN,DDN,2008,5,8
DDN,DDN,2008,5,9
DDN,DDN,2008,5,10
DDN,DDN,2008,5,11
DDN,DDN,2008,5,15
DDN,DDN,2008,5,16
DDN,DDN,2008,5,17
DDN,DDN,2008,5,18
DDN,DDN,2008,5,22
DDN,DDN,2008,5,23
DDN,DDN,2008,5,24
DDN,DDN,2008,5,25
DDN,DDN,2008,5,29
DDN,DDN,2008,5,30
DDN,DDN,2008,5,31
DDN,DDN,2008,6,1
DDN,DDN,2008,6,5
DDN,DDN,2008,6,6
DDN,DDN,2008,6,7
DDN,DDN,2008,6,8
DDN,DDN,2008,6,12
DDN,DDN,2008,6,13
DDN,DDN,2008,6,14
DDN,DDN,2008,6,15
DDN,DDN,2008,6,19
DDN,DDN,2008,6,20
DDN,DDN,2008,6,21
DDN,DDN,2008,6,22
DDN,DDN,2008,6,26
DDN,DDN,2008,6,27
DDN,DDN,2008,6,28
DDN,DDN,2008,6,29
DDN,DDN,2008,7,3
DDN,DDN,2008,7,4
DDN,DDN,2008,7,5
DDN,DDN,2008,7,6
DDN,DDN,2008,7,10
DDN,DDN,2008,7,11
DDN,DDN,2008,7,12
DDN,DDN,2008,7,13
DDN,DDN,2008,10,29
DDN,DDN,2008,10,30
DDN,DDN,2008,10,31
DDN,DDN,2008,11,1
DDN,DDN,2008,11,5
DDN,DDN,2008,11,6
DDN,DDN,2008,11,7
DDN,DDN,2008,11,8
DDN,DDN,2008,11,12
DDN,DDN,2008,11,13
DDN,DDN,2008,11,14
DDN,DDN,2008,11,15
DDN,DDN,2008,11,19
DDN,DDN,2008,11,20
DDN,DDN,2008,11,21
DDN,DDN,2008,11,22
DDN,DDN,2008,11,25
DDN,DDN,2008,11,26
DDN,DDN,2008,11,28
DDN,DDN,2008,11,29
DDN,DDN,2008,12,3
DDN,DDN,2008,12,4
DDN,DDN,2008,12,5
DDN,DDN,2008,12,6
DDN,DDN,2008,12,10
DDN,DDN,2008,12,11
DDN,DDN,2008,12,12
DDN,DDN,2008,12,13
DDN,DDN,2008,12,17
DDN,DDN,2008,12,18
DDN,DDN,2008,12,19
DDN,DDN,2008,12,20
DDN,DDN,2008,12,26
DDN,DDN,2008,12,27
DDN,DDN,2008,12,28
DDN,DDN,2008,12,29
DDN,DDN,2009,1,1
DDN,DDN,2009,1,2
DDN,DDN,2009,1,3
DDN,DDN,2009,1,4
DDN,DDN,2009,1,7
DDN,DDN,2009,1,8
DDN,DDN,2009,1,9
DDN,DDN,2009,1,10
DDN,DDN,2009,1,14
DDN,DDN,2009,1,15
DDN,DDN,2009,1,16
DDN,DDN,2009,1,17
DDN,DDN,2009,1,21
DDN,DDN,2009,1,22
DDN,DDN,2009,1,23
DDN,DDN,2009,1,24
DDN,DDN,2009,1,28
DDN,DDN,2009,1,29
DDN,DDN,2009,1,30
DDN,DDN,2009,1,31
DDN,DDN,2009,2,4
DDN,DDN,2009,2,5
DDN,DDN,2009,2,6
DDN,DDN,2009,2,7
DDN,DDN,2009,2,11
DDN,DDN,2009,2,12
DDN,DDN,2009,2,13
DDN,DDN,2009,2,14
DDN,DDN,2009,2,18
DDN,DDN,2009,2,19
DDN,DDN,2009,2,20
DDN,DDN,2009,2,21
DDN,DDN,2009,2,25
DDN,DDN,2009,2,26
DDN,DDN,2009,2,27
DDN,DDN,2009,2,28
DDN,DDN,2009,3,4
DDN,DDN,2009,3,5
DDN,DDN,2009,3,6
DDN,DDN,2009,3,7
DDN,DDN,2009,3,11
DDN,DDN,2009,3,12
DDN,DDN,2009,3,13
DDN,DDN,2009,3,14
DDN,DDN,2009,3,18
DDN,DDN,2009,3,19
DDN,DDN,2009,3,20
DDN,DDN,2009,3,21
DDN,DDN,2009,3,25
DDN,DDN,2009,3,26
DDN,DDN,2009,3,27
DDN,DDN,2009,3,28
DDN,DDN,2009,4,16
DDN,DDN,2009,4,17
DDN,DDN,2009,4,18
DDN,DDN,2009,4,19
DDN,DDN,2009,4,23
DDN,DDN,2009,4,24
DDN,DDN,2009,4,25
DDN,DDN,2009,4,26
DDN,DDN,2009,4,30
DDN,DDN,2009,5,1
DDN,DDN,2009,5,2
DDN,DDN,2009,5,3
DDN,DDN,2009,5,7
DDN,DDN,2009,5,8
DDN,DDN,2009,5,9
DDN,DDN,2009,5,10
DDN,DDN,2009,5,14
DDN,DDN,2009,5,15
DDN,DDN,2009,5,16
DDN,DDN,2009,5,17
DDN,DDN,2009,5,21
DDN,DDN,2009,5,22
DDN,DDN,2009,5,23
DDN,DDN,2009,5,24
DDN,DDN,2009,5,28
DDN,DDN,2009,5,29
DDN,DDN,2009,5,30
DDN,DDN,2009,5,31
DDN,DDN,2009,6,4
DDN,DDN,2009,6,5
DDN,DDN,2009,6,6
DDN,DDN,2009,6,7
DDN,DDN,2009,6,11
DDN,DDN,2009,6,12
DDN,DDN,2009,6,13
DDN,DDN,2009,6,14
DDN,DDN,2009,6,18
DDN,DDN,2009,6,19
DDN,DDN,2009,6,20
DDN,DDN,2009,6,21
DDN,DDN,2009,6,25
DDN,DDN,2009,6,26
DDN,DDN,2009,6,27
DDN,DDN,2009,6,28
DDN,DDN,2009,7,2
DDN,DDN,2009,7,3
DDN,DDN,2009,7,4
DDN,DDN,2009,7,5
DDN,DDN,2009,7,9
DDN,DDN,2009,7,10
DDN,DDN,2009,7,11
DDN,DDN,2009,7,12
DDN,DDN,2009,10,14
DDN,DDN,2009,10,15
DDN,DDN,2009,10,16
DDN,DDN,2009,10,17
DDN,DDN,2009,10,21
DDN,DDN,2009,10,22
DDN,DDN,2009,10,23
DDN,DDN,2009,10,24
DDN,DDN,2009,10,28
DDN,DDN,2009,10,29
DDN,DDN,2009,10,30
DDN,DDN,2009,10,31
DDN,DDN,2009,11,4
DDN,DDN,2009,11,5
DDN,DDN,2009,11,6
DDN,DDN,2009,11,7
DDN,DDN,2009,11,11
DDN,DDN,2009,11,12
DDN,DDN,2009,11,13
DDN,DDN,2009,11,14
DDN,DDN,2009,11,18
DDN,DDN,2009,11,19
DDN,DDN,2009,11,20
DDN,DDN,2009,11,21
DDN,DDN,2009,11,25
DDN,DDN,2009,11,27
DDN,DDN,2009,11,28
DDN,DDN,2009,12,2
DDN,DDN,2009,12,3
DDN,DDN,2009,12,4
DDN,DDN,2009,12,5
DDN,DDN,2009,12,9
DDN,DDN,2009,12,10
DDN,DDN,2009,12,11
DDN,DDN,2009,12,12
DDN,DDN,2009,12,16
DDN,DDN,2009,12,17
DDN,DDN,2009,12,18
DDN,DDN,2009,12,19
DDN,DDN,2009,12,22
DDN,DDN,2009,12,23
DDN,DDN,2009,12,26
DDN,DDN,2009,12,27
DDN,DDN,2009,12,30
DDN,DDN,2009,12,31
DDN,DDN,2010,1,1
DDN,DDN,2010,1,2
DDN,DDN,2010,1,6
DDN,DDN,2010,1,7
DDN,DDN,2010,1,8
DDN,DDN,2010,1,13
DDN,DDN,2010,1,14
DDN,DDN,2010,1,15
DDN,DDN,2010,1,16
DDN,DDN,2010,1,20
DDN,DDN,2010,1,21
DDN,DDN,2010,1,22
DDN,DDN,2010,1,23
DDN,DDN,2010,1,27
DDN,DDN,2010,1,28
DDN,DDN,2010,1,29
DDN,DDN,2010,1,30
DDN,DDN,2010,2,3
DDN,DDN,2010,2,4
DDN,DDN,2010,2,5
DDN,DDN,2010,2,6
DDN,DDN,2010,2,10
DDN,DDN,2010,2,11
DDN,DDN,2010,2,12
DDN,DDN,2010,2,13
DDN,DDN,2010,2,17
DDN,DDN,2010,2,18
DDN,DDN,2010,2,19
DDN,DDN,2010,2,20
DDN,DDN,2010,2,24
DDN,DDN,2010,2,25
DDN,DDN,2010,2,26
DDN,DDN,2010,2,27
DDN,DDN,2010,3,3
DDN,DDN,2010,3,4
DDN,DDN,2010,3,5
DDN,DDN,2010,3,6
DDN,DDN,2010,3,10
DDN,DDN,2010,3,11
DDN,DDN,2010,3,12
DDN,DDN,2010,3,13
DDN,DDN,2010,3,17
DDN,DDN,2010,3,18
DDN,DDN,2010,3,19
DDN,DDN,2010,3,20
DDN,DDN,2010,4,14
DDN,DDN,2010,4,15
DDN,DDN,2010,4,16
DDN,DDN,2010,4,17
DDN,DDN,2010,4,21
DDN,DDN,2010,4,22
DDN,DDN,2010,4,23
DDN,DDN,2010,4,24
DDN,DDN,2010,4,28
DDN,DDN,2010,4,29
DDN,DDN,2010,4,30
DDN,DDN,2010,5,1
DDN,DDN,2010,5,5
DDN,DDN,2010,5,6
DDN,DDN,2010,5,7
DDN,DDN,2010,5,8
DDN,DDN,2010,5,12
DDN,DDN,2010,5,13
DDN,DDN,2010,5,14
DDN,DDN,2010,5,15
DDN,DDN,2010,5,19
DDN,DDN,2010,5,20
DDN,DDN,2010,5,21
DDN,DDN,2010,5,22
DDN,DDN,2010,5,26
DDN,DDN,2010,5,27
DDN,DDN,2010,5,28
DDN,DDN,2010,5,29
DDN,DDN,2010,6,2
DDN,DDN,2010,6,3
DDN,DDN,2010,6,4
DDN,DDN,2010,6,5
DDN,DDN,2010,6,9
DDN,DDN,2010,6,10
DDN,DDN,2010,6,11
DDN,DDN,2010,6,12
DDN,DDN,2010,6,16
DDN,DDN,2010,6,17
DDN,DDN,2010,6,18
DDN,DDN,2010,6,19
DDN,DDN,2010,6,23
DDN,DDN,2010,6,24
DDN,DDN,2010,6,25
DDN,DDN,2010,6,26
DDN,DDN,2010,6,30
DDN,DDN,2010,7,1
DDN,DDN,2010,7,2
DDN,DDN,2010,7,3
DDN,DDN,2010,7,7
DDN,DDN,2010,7,8
DDN,DDN,2010,7,9
DDN,DDN,2010,7,10
DDN,DDN,2010,10,27
DDN,DDN,2010,10,28
DDN,DDN,2010,10,29
DDN,DDN,2010,10,30
DDN,DDN,2010,11,3
DDN,DDN,2010,11,4
DDN,DDN,2010,11,5
DDN,DDN,2010,11,6
DDN,DDN,2010,11,10
DDN,DDN,2010,11,11
DDN,DDN,2010,11,12
DDN,DDN,2010,11,13
DDN,DDN,2010,11,17
DDN,DDN,2010,11,18
DDN,DDN,2010,11,19
DDN,DDN,2010,11,20
DDN,DDN,2010,11,24
DDN,DDN,2010,11,26
DDN,DDN,2010,11,27
DDN,DDN,2010,12,1
DDN,DDN,2010,12,2
DDN,DDN,2010,12,3
DDN,DDN,2010,12,4
DDN,DDN,2010,12,8
DDN,DDN,2010,12,9
DDN,DDN,2010,12,10
DDN,DDN,2010,12,11
DDN,DDN,2010,12,15
DDN,DDN,2010,12,16
DDN,DDN,2010,12,17
DDN,DDN,2010,12,18
DDN,DDN,2010,12,29
DDN,DDN,2010,12,30
DDN,DDN,2010,12,31
DDN,DDN,2011,1,1
DDN,DDN,2011,1,5
DDN,DDN,2011,1,6
DDN,DDN,2011,1,7
DDN,DDN,2011,1,8
DDN,DDN,2011,1,12
DDN,DDN,2011,1,13
DDN,DDN,2011,1,14
DDN,DDN,2011,1,15
DDN,DDN,2011,1,19
DDN,DDN,2011,1,20
DDN,DDN,2011,1,21
DDN,DDN,2011,1,22
DDN,DDN,2011,1,26
DDN,DDN,2011,1,27
DDN,DDN,2011,1,28
DDN,DDN,2011,1,29
DDN,DDN,2011,2,2
DDN,DDN,2011,2,4
DDN,DDN,2011,2,5
DDN,DDN,2011,2,9
DDN,DDN,2011,2,10
DDN,DDN,2011,2,11
DDN,DDN,2011,2,12
DDN,DDN,2011,2,16
DDN,DDN,2011,2,17
DDN,DDN,2011,2,18
DDN,DDN,2011,2,19
DDN,DDN,2011,2,20
DDN,DDN,2011,2,23
DDN,DDN,2011,2,24
DDN,DDN,2011,2,25
DDN,DDN,2011,2,26
DDN,DDN,2011,2,27
DDN,DDN,2011,3,2
DDN,DDN,2011,3,3
DDN,DDN,2011,3,4
DDN,DDN,2011,3,5
DDN,DDN,2011,3,6
DDN,DDN,2011,3,9
DDN,DDN,2011,3,10
DDN,DDN,2011,3,11
DDN,DDN,2011,3,12
DDN,DDN,2011,3,13
DDN,DDN,2011,3,16
DDN,DDN,2011,3,17
DDN,DDN,2011,3,18
DDN,DDN,2011,3,19
DDN,DDN,2011,3,20
DDN,DDN,2011,3,23
DDN,DDN,2011,3,24
DDN,DDN,2011,3,25
DDN,DDN,2011,3,26
DDN,DDN,2011,4,16
DDN,DDN,2011,4,17
DDN,DDN,2011,4,21
DDN,DDN,2011,4,22
DDN,DDN,2011,4,23
DDN,DDN,2011,4,24
DDN,DDN,2011,4,28
DDN,DDN,2011,4,29
DDN,DDN,2011,4,30
DDN,DDN,2011,5,1
DDN,DDN,2011,5,5
DDN,DDN,2011,5,6
DDN,DDN,2011,5,7
DDN,DDN,2011,5,8
DDN,DDN,2011,5,12
DDN,DDN,2011,5,13
DDN,DDN,2011,5,14
DDN,DDN,2011,5,15
DDN,DDN,2011,5,19
DDN,DDN,2011,5,20
DDN,DDN,2011,5,21
DDN,DDN,2011,5,22
DDN,DDN,2011,5,26
DDN,DDN,2011,5,27
DDN,DDN,2011,5,28
DDN,DDN,2011,5,29
DDN,DDN,2011,6,2
DDN,DDN,2011,6,3
DDN,DDN,2011,6,4
DDN,DDN,2011,6,5
DDN,DDN,2011,6,9
DDN,DDN,2011,6,10
DDN,DDN,2011,6,11
DDN,DDN,2011,6,12
DDN,DDN,2011,6,16
DDN,DDN,2011,6,17
DDN,DDN,2011,6,18
DDN,DDN,2011,6,19
DDN,DDN,2011,6,23
DDN,DDN,2011,6,24
DDN,DDN,2011,6,25
DDN,DDN,2011,6,26
DDN,DDN,2011,6,30
DDN,DDN,2011,7,1
DDN,DDN,2011,7,2
DDN,DDN,2011,7,3
DDN,DDN,2011,10,19
DDN,DDN,2011,10,20
DDN,DDN,2011,10,21
DDN,DDN,2011,10,22
DDN,DDN,2011,10,26
DDN,DDN,2011,10,27
DDN,DDN,2011,10,28
DDN,DDN,2011,10,29
DDN,DDN,2011,11,2
DDN,DDN,2011,11,3
DDN,DDN,2011,11,4
DDN,DDN,2011,11,5
DDN,DDN,2011,11,9
DDN,DDN,2011,11,10
DDN,DDN,2011,11,11
DDN,DDN,2011,11,12
DDN,DDN,2011,11,16
DDN,DDN,2011,11,17
DDN,DDN,2011,11,18
DDN,DDN,2011,11,19
DDN,DDN,2011,11,22
DDN,DDN,2011,11,23
DDN,DDN,2011,11,25
DDN,DDN,2011,11,26
DDN,DDN,2011,11,30
DDN,DDN,2011,12,1
DDN,DDN,2011,12,2
DDN,DDN,2011,12,3
DDN,DDN,2011,12,7
DDN,DDN,2011,12,8
DDN,DDN,2011,12,9
DDN,DDN,2011,12,10
DDN,DDN,2011,12,14
DDN,DDN,2011,12,15
DDN,DDN,2011,12,16
DDN,DDN,2011,12,17
DDN,DDN,2011,12,20
DDN,DDN,2011,12,21
DDN,DDN,2011,12,22
DDN,DDN,2011,12,23
DDN,DDN,2011,12,28
DDN,DDN,2011,12,29
DDN,DDN,2011,12,30
DDN,DDN,2011,12,31
DDN,DDN,2012,1,4
DDN,DDN,2012,1,5
DDN,DDN,2012,1,6
DDN,DDN,2012,1,7
DDN,DDN,2012,1,11
DDN,DDN,2012,1,12
DDN,DDN,2012,1,13
DDN,DDN,2012,1,14
DDN,DDN,2012,1,18
DDN,DDN,2012,1,19
DDN,DDN,2012,1,20
DDN,DDN,2012,1,21
DDN,DDN,2012,1,25
DDN,DDN,2012,1,26
DDN,DDN,2012,1,27
DDN,DDN,2012,1,28
DDN,DDN,2012,2,1
DDN,DDN,2012,2,2
DDN,DDN,2012,2,3
DDN,DDN,2012,2,4
DDN,DDN,2012,2,8
DDN,DDN,2012,2,9
DDN,DDN,2012,2,10
DDN,DDN,2012,2,11
DDN,DDN,2012,2,15
DDN,DDN,2012,2,16
DDN,DDN,2012,2,17
DDN,DDN,2012,2,18
DDN,DDN,2012,2,22
DDN,DDN,2012,2,23
DDN,DDN,2012,2,24
DDN,DDN,2012,2,25
DDN,DDN,2012,2,29
DDN,DDN,2012,3,1
DDN,DDN,2012,3,2
DDN,DDN,2012,3,3
DDN,DDN,2012,3,7
DDN,DDN,2012,3,8
DDN,DDN,2012,3,9
DDN,DDN,2012,3,10
DDN,DDN,2012,3,14
DDN,DDN,2012,3,15
DDN,DDN,2012,3,16
DDN,DDN,2012,3,17
DDN,DDN,2012,4,27
DDN,DDN,2012,4,28
DDN,DDN,2012,5,2
DDN,DDN,2012,5,3
DDN,DDN,2012,5,4
DDN,DDN,2012,5,5
DDN,DDN,2012,5,9
DDN,DDN,2012,5,10
DDN,DDN,2012,5,11
DDN,DDN,2012,5,12
DDN,DDN,2012,5,16
DDN,DDN,2012,5,17
DDN,DDN,2012,5,18
DDN,DDN,2012,5,19
DDN,DDN,2012,5,23
DDN,DDN,2012,5,24
DDN,DDN,2012,5,25
DDN,DDN,2012,5,26
DDN,DDN,2012,5,30
DDN,DDN,2012,5,31
DDN,DDN,2012,6,1
DDN,DDN,2012,6,2
DDN,DDN,2012,6,6
DDN,DDN,2012,6,7
DDN,DDN,2012,6,8
DDN,DDN,2012,6,9
DDN,DDN,2012,6,13
DDN,DDN,2012,6,14
DDN,DDN,2012,6,15
DDN,DDN,2012,6,16
DDN,DDN,2012,6,20
DDN,DDN,2012,6,21
DDN,DDN,2012,6,22
DDN,DDN,2012,6,23
DDN,DDN,2012,6,27
DDN,DDN,2012,6,28
DDN,DDN,2012,6,29
DDN,DDN,2012,6,30
DDN,DDN,2012,7,4
DDN,DDN,2012,7,5
DDN,DDN,2012,7,6
DDN,DDN,2012,7,7
DDN,DDN,2012,7,11
DDN,DDN,2012,7,12
DDN,DDN,2012,7,13
DDN,DDN,2012,7,14
DDN,DDN,2012,10,19
DDN,DDN,2012,10,20
DDN,DDN,2012,10,24
DDN,DDN,2012,10,25
DDN,DDN,2012,10,26
DDN,DDN,2012,10,27
DDN,DDN,2012,10,31
DDN,DDN,2012,11,1
DDN,DDN,2012,11,2
DDN,DDN,2012,11,3
DDN,DDN,2012,11,7
DDN,DDN,2012,11,8
DDN,DDN,2012,11,9
DDN,DDN,2012,11,10
DDN,DDN,2012,11,14
DDN,DDN,2012,11,15
DDN,DDN,2012,11,16
DDN,DDN,2012,11,17
DDN,DDN,2012,11,21
DDN,DDN,2012,11,23
DDN,DDN,2012,11,24
DDN,DDN,2012,11,28
DDN,DDN,2012,11,29
DDN,DDN,2012,11,30
DDN,DDN,2012,12,1
DDN,DDN,2012,12,5
DDN,DDN,2012,12,6
DDN,DDN,2012,12,7
DDN,DDN,2012,12,8
DDN,DDN,2012,12,12
DDN,DDN,2012,12,13
DDN,DDN,2012,12,14
DDN,DDN,2012,12,15
DDN,DDN,2012,12,19
DDN,DDN,2012,12,20
DDN,DDN,2012,12,21
DDN,DDN,2012,12,22
DDN,DDN,2012,12,27
DDN,DDN,2012,12,28
DDN,DDN,2012,12,29
DDN,DDN,2013,1,2
DDN,DDN,2013,1,3
DDN,DDN,2013,1,4
DDN,DDN,2013,1,5
DDN,DDN,2013,1,10
DDN,DDN,2013,1,11
DDN,DDN,2013,1,12
DDN,DDN,2013,1,16
DDN,DDN,2013,1,17
DDN,DDN,2013,1,18
DDN,DDN,2013,1,19
DDN,DDN,2013,1,23
DDN,DDN,2013,1,24
DDN,DDN,2013,1,25
DDN,DDN,2013,1,26
DDN,DDN,2013,1,30
DDN,DDN,2013,1,31
DDN,DDN,2013,2,1
DDN,DDN,2013,2,2
DDN,DDN,2013,2,6
DDN,DDN,2013,2,7
DDN,DDN,2013,2,8
DDN,DDN,2013,2,9
DDN,DDN,2013,2,13
DDN,DDN,2013,2,14
DDN,DDN,2013,2,15
DDN,DDN,2013,2,16
DDN,DDN,2013,2,20
DDN,DDN,2013,2,21
DDN,DDN,2013,2,22
DDN,DDN,2013,2,23
DDN,DDN,2013,2,27
DDN,DDN,2013,2,28
DDN,DDN,2013,3,1
DDN,DDN,2013,3,2
DDN,DDN,2013,3,6
DDN,DDN,2013,3,7
DDN,DDN,2013,3,8
DDN,DDN,2013,3,9
DDN,DDN,2013,3,13
DDN,DDN,2013,3,14
DDN,DDN,2013,3,15
DDN,DDN,2013,3,16
DDN,DDN,2013,3,20
DDN,DDN,2013,3,21
DDN,DDN,2013,3,22
DDN,DDN,2013,3,23
DDN,DDN,2013,4,26
DDN,DDN,2013,4,27
DDN,DDN,2013,5,1
DDN,DDN,2013,5,2
DDN,DDN,2013,5,3
DDN,DDN,2013,5,4
DDN,DDN,2013,5,8
DDN,DDN,2013,5,9
DDN,DDN,2013,5,10
DDN,DDN,2013,5,11
DDN,DDN,2013,5,15
DDN,DDN,2013,5,16
DDN,DDN,2013,5,17
DDN,DDN,2013,5,18
DDN,DDN,2013,5,22
DDN,DDN,2013,5,23
DDN,DDN,2013,5,24
DDN,DDN,2013,5,25
DDN,DDN,2013,5,29
DDN,DDN,2013,5,30
DDN,DDN,2013,5,31
DDN,DDN,2013,6,1
DDN,DDN,2013,6,5
DDN,DDN,2013,6,6
DDN,DDN,2013,6,7
DDN,DDN,2013,6,8
DDN,DDN,2013,6,12
DDN,DDN,2013,6,13
DDN,DDN,2013,6,14
DDN,DDN,2013,6,15
DDN,DDN,2013,6,19
DDN,DDN,2013,6,20
DDN,DDN,2013,6,21
DDN,DDN,2013,6,22
DDN,DDN,2013,6,26
DDN,DDN,2013,6,27
DDN,DDN,2013,6,28
DDN,DDN,2013,6,29
DDN,DDN,2013,7,3
DDN,DDN,2013,7,4
DDN,DDN,2013,7,5
DDN,DDN,2013,7,6
DDN,DDN,2013,7,10
DDN,DDN,2013,7,11
DDN,DDN,2013,7,12
DDN,DDN,2013,7,13
DDN,DDN,2013,10,11
DDN,DDN,2013,10,12
DDN,DDN,2013,10,16
DDN,DDN,2013,10,17
DDN,DDN,2013,10,18
DDN,DDN,2013,10,19
DDN,DDN,2013,10,23
DDN,DDN,2013,10,24
DDN,DDN,2013,10,25
DDN,DDN,2013,10,26
DDN,DDN,2013,10,30
DDN,DDN,2013,10,31
DDN,DDN,2013,11,1
DDN,DDN,2013,11,2
DDN,DDN,2013,11,6
DDN,DDN,2013,11,7
DDN,DDN,2013,11,8
DDN,DDN,2013,11,9
DDN,DDN,2013,11,13
DDN,DDN,2013,11,14
DDN,DDN,2013,11,15
DDN,DDN,2013,11,16
DDN,DDN,2013,11,20
DDN,DDN,2013,11,21
DDN,DDN,2013,11,22
DDN,DDN,2013,11,23
DDN,DDN,2013,11,27
DDN,DDN,2013,11,29
DDN,DDN,2013,11,30
DDN,DDN,2013,12,4
DDN,DDN,2013,12,5
DDN,DDN,2013,12,6
DDN,DDN,2013,12,7
DDN,DDN,2013,12,11
DDN,DDN,2013,12,12
DDN,DDN,2013,12,13
DDN,DDN,2013,12,14
DDN,DDN,2013,12,18
DDN,DDN,2013,12,19
DDN,DDN,2013,12,20
DDN,DDN,2013,12,21
DDN,DDN,2013,12,26
DDN,DDN,2013,12,27
DDN,DDN,2013,12,28
DDN,DDN,2014,1,1
DDN,DDN,2014,1,3
DDN,DDN,2014,1,4
DDN,DDN,2014,1,8
DDN,DDN,2014,1,9
DDN,DDN,2014,1,10
DDN,DDN,2014,1,11
DDN,DDN,2014,1,15
DDN,DDN,2014,1,16
DDN,DDN,2014,1,17
DDN,DDN,2014,1,18
DDN,DDN,2014,1,22
DDN,DDN,2014,1,23
DDN,DDN,2014,1,24
DDN,DDN,2014,1,25
DDN,DDN,2014,1,29
DDN,DDN,2014,1,30
DDN,DDN,2014,1,31
DDN,DDN,2014,2,1
DDN,DDN,2014,2,5
DDN,DDN,2014,2,6
DDN,DDN,2014,2,7
DDN,DDN,2014,2,8
DDN,DDN,2014,2,12
DDN,DDN,2014,2,13
DDN,DDN,2014,2,14
DDN,DDN,2014,2,15
DDN,DDN,2014,2,19
DDN,DDN,2014,2,20
DDN,DDN,2014,2,21
DDN,DDN,2014,2,22
DDN,DDN,2014,2,26
DDN,DDN,2014,2,27
DDN,DDN,2014,2,28
DDN,DDN,2014,3,1
DDN,DDN,2014,3,5
DDN,DDN,2014,3,6
DDN,DDN,2014,3,7
DDN,DDN,2014,3,8
DDN,DDN,2014,3,12
DDN,DDN,2014,3,13
DDN,DDN,2014,3,14
DDN,DDN,2014,3,15
DDN,DDN,2014,4,25
DDN,DDN,2014,4,26
DDN,DDN,2014,4,30
DDN,DDN,2014,5,1
DDN,DDN,2014,5,2
DDN,DDN,2014,5,3
DDN,DDN,2014,5,7
DDN,DDN,2014,5,8
DDN,DDN,2014,5,9
DDN,DDN,2014,5,10
DDN,DDN,2014,5,14
DDN,DDN,2014,5,15
DDN,DDN,2014,5,16
DDN,DDN,2014,5,17
DDN,DDN,2014,5,21
DDN,DDN,2014,5,22
DDN,DDN,2014,5,23
DDN,DDN,2014,5,24
DDN,DDN,2014,5,28
DDN,DDN,2014,5,29
DDN,DDN,2014,5,30
DDN,DDN,2014,5,31
DDN,DDN,2014,6,4
DDN,DDN,2014,6,5
DDN,DDN,2014,6,6
DDN,DDN,2014,6,7
DDN,DDN,2014,6,11
DDN,DDN,2014,6,12
DDN,DDN,2014,6,13
DDN,DDN,2014,6,14
DDN,DDN,2014,6,18
DDN,DDN,2014,6,19
DDN,DDN,2014,6,20
DDN,DDN,2014,6,21
DDN,DDN,2014,6,25
DDN,DDN,2014,6,26
DDN,DDN,2014,6,27
DDN,DDN,2014,6,28
DDN,DDN,2014,7,2
DDN,DDN,2014,7,3
DDN,DDN,2014,7,4
DDN,DDN,2014,7,5
DDN,DDN,2014,7,9
DDN,DDN,2014,7,10
DDN,DDN,2014,7,11
DDN,DDN,2014,7,12
DDN,DDN,2014,10,15
DDN,DDN,2014,10,16
DDN,DDN,2014,10,17
DDN,DDN,2014,10,18
DDN,DDN,2014,10,22
DDN,DDN,2014,10,23
DDN,DDN,2014,10,24
DDN,DDN,2014,10,25
DDN,DDN,2014,10,29
DDN,DDN,2014,10,30
DDN,DDN,2014,10,31
DDN,DDN,2014,11,1
DDN,DDN,2014,11,5
DDN,DDN,2014,11,6
DDN,DDN,2014,11,7
DDN,DDN,2014,11,8
DDN,DDN,2014,11,12
DDN,DDN,2014,11,13
DDN,DDN,2014,11,14
DDN,DDN,2014,11,15
DDN,DDN,2014,11,19
DDN,DDN,2014,11,20
DDN,DDN,2014,11,21
DDN,DDN,2014,11,22
DDN,DDN,2014,11,25
DDN,DDN,2014,11,26
DDN,DDN,2014,11,28
DDN,DDN,2014,11,29
DDN,DDN,2014,12,3
DDN,DDN,2014,12,4
DDN,DDN,2014,12,5
DDN,DDN,2014,12,6
DDN,DDN,2014,12,11
DDN,DDN,2014,12,12
DDN,DDN,2014,12,13
DDN,DDN,2014,12,17
DDN,DDN,2014,12,18
DDN,DDN,2014,12,19
DDN,DDN,2014,12,20
DDN,DDN,2014,12,22
DDN,DDN,2014,12,23
DDN,DDN,2014,12,26
DDN,DDN,2014,12,27
DDN,DDN,2014,12,31
DDN,DDN,2015,1,1
DDN,DDN,2015,1,2
DDN,DDN,2015,1,3
DDN,DDN,2015,1,7
DDN,DDN,2015,1,8
DDN,DDN,2015,1,9
DDN,DDN,2015,1,10
DDN,DDN,2015,1,14
DDN,DDN,2015,1,15
DDN,DDN,2015,1,16
DDN,DDN,2015,1,17
DDN,DDN,2015,1,21
DDN,DDN,2015,1,22
DDN,DDN,2015,1,23
DDN,DDN,2015,1,24
DDN,DDN,2015,1,28
DDN,DDN,2015,1,29
DDN,DDN,2015,1,30
DDN,DDN,2015,1,31
DDN,DDN,2015,2,4
DDN,DDN,2015,2,5
DDN,DDN,2015,2,6
DDN,DDN,2015,2,7
DDN,DDN,2015,2,11
DDN,DDN,2015,2,12
DDN,DDN,2015,2,13
DDN,DDN,2015,2,14
DDN,DDN,2015,2,18
DDN,DDN,2015,2,19
DDN,DDN,2015,2,20
DDN,DDN,2015,2,21
DDN,DDN,2015,2,25
DDN,DDN,2015,2,26
DDN,DDN,2015,2,27
DDN,DDN,2015,2,28
DDN,DDN,2015,3,4
DDN,DDN,2015,3,5
DDN,DDN,2015,3,6
DDN,DDN,2015,3,7
DDN,DDN,2015,3,11
DDN,DDN,2015,3,12
DDN,DDN,2015,3,13
DDN,DDN,2015,3,14
DDN,DDN,2015,4,22
DDN,DDN,2015,4,23
DDN,DDN,2015,4,24
DDN,DDN,2015,4,25
DDN,DDN,2015,4,29
DDN,DDN,2015,4,30
DDN,DDN,2015,5,1
DDN,DDN,2015,5,2
DDN,DDN,2015,5,6
DDN,DDN,2015,5,7
DDN,DDN,2015,5,8
DDN,DDN,2015,5,9
DDN,DDN,2015,5,13
DDN,DDN,2015,5,14
DDN,DDN,2015,5,15
DDN,DDN,2015,5,16
DDN,DDN,2015,5,20
DDN,DDN,2015,5,21
DDN,DDN,2015,5,22
DDN,DDN,2015,5,23
DDN,DDN,2015,5,27
DDN,DDN,2015,5,28
DDN,DDN,2015,5,29
DDN,DDN,2015,5,30
DDN,DDN,2015,6,3
DDN,DDN,2015,6,4
DDN,DDN,2015,6,5
DDN,DDN,2015,6,6
DDN,DDN,2015,6,12
DDN,DDN,2015,6,13
DDN,DDN,2015,6,17
DDN,DDN,2015,6,18
DDN,DDN,2015,6,19
DDN,DDN,2015,6,20
DDN,DDN,2015,6,24
DDN,DDN,2015,6,25
DDN,DDN,2015,6,26
DDN,DDN,2015,6,27
DDN,DDN,2015,7,1
DDN,DDN,2015,7,2
DDN,DDN,2015,7,3
DDN,DDN,2015,7,4
DDN,DDN,2015,7,8
DDN,DDN,2015,7,9
DDN,DDN,2015,7,10
DDN,DDN,2015,7,11
DDN,DDN,2015,10,16
DDN,DDN,2015,10,17
DDN,DDN,2015,10,21
DDN,DDN,2015,10,22
DDN,DDN,2015,10,23
DDN,DDN,2015,10,24
DDN,DDN,2015,10,28
DDN,DDN,2015,10,29
DDN,DDN,2015,10,30
DDN,DDN,2015,11,4
DDN,DDN,2015,11,5
DDN,DDN,2015,11,6
DDN,DDN,2015,11,7
DDN,DDN,2015,11,11
DDN,DDN,2015,11,12
DDN,DDN,2015,11,13
DDN,DDN,2015,11,14
DDN,DDN,2015,11,18
DDN,DDN,2015,11,19
DDN,DDN,2015,11,20
DDN,DDN,2015,11,21
DDN,DDN,2015,11,24
DEL,DEL,1998,8,14
DEL,DEL,1998,8,15
DEL,DEL,1998,8,16
DEL,DEL,1998,8,17
DEL,DEL,1998,8,19
DEL,DEL,1998,8,20
DEL,DEL,1998,8,21
DEL,DEL,1998,8,22
DEL,DEL,1998,8,23
DEL,DEL,1998,8,24
DEL,DEL,1998,8,26
DEL,DEL,1998,8,27
DEL,DEL,1998,8,28
DEL,DEL,1998,8,29
DEL,DEL,1998,8,30
DEL,DEL,1998,8,31
DEL,DEL,1998,9,2
DEL,DEL,1998,9,3
DEL,DEL,1998,9,4
DEL,DEL,1998,9,5
DEL,DEL,1998,9,6
DEL,DEL,1998,9,7
DEL,DEL,1998,9,9
DEL,DEL,1999,7,22
DEL,DEL,1999,7,23
DEL,DEL,1999,7,24
DEL,DEL,1999,7,25
DEL,DEL,1999,7,26
DEL,DEL,1999,7,28
DEL,DEL,1999,7,29
DEL,DEL,1999,7,30
DEL,DEL,1999,7,31
DEL,DEL,1999,8,1
DEL,DEL,1999,8,2
DEL,DEL,1999,8,4
DEL,DEL,1999,8,5
DEL,DEL,1999,8,9
DEL,DEL,1999,8,11
DEL,DEL,1999,8,15
DEL,DEL,1999,8,16
DEL,DEL,1999,8,18
DEL,DEL,1999,8,19
DEL,DEL,1999,8,20
DEL,DEL,1999,8,21
DEL,DEL,1999,8,22
DEL,DEL,1999,8,23
DEL,DEL,1999,8,25
DEL,DEL,1999,8,26
DEL,DEL,1999,8,29
DEL,DEL,1999,8,30
DEL,DEL,1999,9,1
DEL,DEL,1999,9,2
DEL,DEL,1999,9,3
DEL,DEL,1999,9,4
DEL,DEL,1999,9,5
DEL,DEL,1999,9,6
DEL,DEL,1999,9,8
DEL,DEL,2000,7,26
DEL,DEL,2000,7,27
DEL,DEL,2000,7,28
DEL,DEL,2000,7,30
DEL,DEL,2000,7,31
DEL,DEL,2000,8,2
DEL,DEL,2000,8,3
DEL,DEL,2000,8,4
DEL,DEL,2000,8,5
DEL,DEL,2000,8,6
DEL,DEL,2000,8,7
DEL,DEL,2000,8,9
DEL,DEL,2000,8,10
DEL,DEL,2000,8,11
DEL,DEL,2000,8,12
DEL,DEL,2000,8,13
DEL,DEL,2000,8,14
DEL,DEL,2000,8,16
DEL,DEL,2000,8,17
DEL,DEL,2000,8,18
DEL,DEL,2000,8,21
DEL,DEL,2000,8,23
DEL,DEL,2000,8,24
DEL,DEL,2000,8,25
DEL,DEL,2000,8,26
DEL,DEL,2000,8,28
DEL,DEL,2000,8,30
DEL,DEL,2000,8,31
DEL,DEL,2000,9,1
DEL,DEL,2000,9,2
DEL,DEL,2000,9,3
DEL,DEL,2000,9,4
DEL,DEL,2000,9,6
DEL,DEL,2000,9,7
DEL,DEL,2000,9,8
DEL,DEL,2000,9,9
DEL,DEL,2000,9,10
DEL,DEL,2000,9,13
DEL,DEL,2001,7,18
DEL,DEL,2001,7,19
DEL,DEL,2001,7,20
DEL,DEL,2001,7,21
DEL,DEL,2001,7,28
DEL,DEL,2001,8,6
DEL,DEL,2001,8,9
DEL,DEL,2001,8,10
DEL,DEL,2001,8,11
DEL,DEL,2001,8,12
DEL,DEL,2001,8,17
DEL,DEL,2001,8,18
DEL,DEL,2001,8,19
DEL,DEL,2001,8,20
DEL,DEL,2001,8,22
DEL,DEL,2001,8,23
DEL,DEL,2001,8,24
DEL,DEL,2001,8,25
DEL,DEL,2001,8,26
DEL,DEL,2001,8,27
DEL,DEL,2001,8,31
DEL,DEL,2001,9,1
DEL,DEL,2001,9,3
DEL,DEL,2001,9,5
DEL,DEL,2002,7,24
DEL,DEL,2002,7,25
DEL,DEL,2002,7,26
DEL,DEL,2002,7,27
DEL,DEL,2002,7,28
DEL,DEL,2002,7,29
DEL,DEL,2002,7,31
DEL,DEL,2002,8,1
DEL,DEL,2002,8,2
DEL,DEL,2002,8,3
DEL,DEL,2002,8,4
DEL,DEL,2002,8,5
DEL,DEL,2002,8,7
DEL,DEL,2002,8,8
DEL,DEL,2002,8,9
DEL,DEL,2002,8,10
DEL,DEL,2002,8,11
DEL,DEL,2002,8,12
DEL,DEL,2002,8,14
DEL,DEL,2002,8,15
DEL,DEL,2002,8,16
DEL,DEL,2002,8,17
DEL,DEL,2002,8,18
DEL,DEL,2002,8,19
DEL,DEL,2002,8,21
DEL,DEL,2002,8,22
DEL,DEL,2002,8,23
DEL,DEL,2002,8,24
DEL,DEL,2002,8,25
DEL,DEL,2002,8,26
DEL,DEL,2002,8,28
DEL,DEL,2002,8,29
DEL,DEL,2002,8,30
DEL,DEL,2002,8,31
DEL,DEL,2002,9,1
DEL,DEL,2002,9,2
DEL,DEL,2002,9,4
DEL,DEL,2002,9,5
DEL,DEL,2002,9,6
DEL,DEL,2002,9,7
DEL,DEL,2002,9,8
DEL,DEL,2002,9,9
DEL,DEL,2002,9,11
DEL,DEL,2003,7,23
DEL,DEL,2003,7,24
DEL,DEL,2003,7,25
DEL,DEL,2003,7,26
DEL,DEL,2003,7,27
DEL,DEL,2003,7,28
DEL,DEL,2003,7,30
DEL,DEL,2003,7,31
DEL,DEL,2003,8,1
DEL,DEL,2003,8,2
DEL,DEL,2003,8,3
DEL,DEL,2003,8,4
DEL,DEL,2003,8,6
DEL,DEL,2003,8,7
DEL,DEL,2003,8,8
DEL,DEL,2003,8,9
DEL,DEL,2003,8,10
DEL,DEL,2003,8,11
DEL,DEL,2003,8,13
DEL,DEL,2003,8,14
DEL,DEL,2003,8,15
DEL,DEL,2003,8,16
DEL,DEL,2003,8,17
DEL,DEL,2003,8,18
DEL,DEL,2003,8,20
DEL,DEL,2003,8,21
DEL,DEL,2003,8,22
DEL,DEL,2003,8,23
DEL,DEL,2003,8,24
DEL,DEL,2003,8,25
DEL,DEL,2003,8,27
DEL,DEL,2003,8,28
DEL,DEL,2003,8,29
DEL,DEL,2003,8,30
DEL,DEL,2003,8,31
DEL,DEL,2003,9,1
DEL,DEL,2003,9,3
DEL,DEL,2003,9,4
DEL,DEL,2003,9,5
DEL,DEL,2003,9,6
DEL,DEL,2003,9,7
DEL,DEL,2003,9,8
DEL,DEL,2003,9,10
DEL,DEL,2004,7,21
DEL,DEL,2004,7,22
DEL,DEL,2004,7,23
DEL,DEL,2004,7,24
DEL,DEL,2004,7,25
DEL,DEL,2004,7,26
DEL,DEL,2004,7,28
DEL,DEL,2004,7,29
DEL,DEL,2004,7,30
DEL,DEL,2004,7,31
DEL,DEL,2004,8,1
DEL,DEL,2004,8,2
DEL,DEL,2004,8,4
DEL,DEL,2004,8,5
DEL,DEL,2004,8,6
DEL,DEL,2004,8,7
DEL,DEL,2004,8,8
DEL,DEL,2004,8,9
DEL,DEL,2004,8,11
DEL,DEL,2004,8,12
DEL,DEL,2004,8,13
DEL,DEL,2004,8,14
DEL,DEL,2004,8,15
DEL,DEL,2004,8,16
DEL,DEL,2004,8,18
DEL,DEL,2004,8,19
DEL,DEL,2004,8,20
DEL,DEL,2004,8,21
DEL,DEL,2004,8,22
DEL,DEL,2004,8,23
DEL,DEL,2004,8,25
DEL,DEL,2004,8,26
DEL,DEL,2004,8,27
DEL,DEL,2004,8,28
DEL,DEL,2004,8,29
DEL,DEL,2004,8,30
DEL,DEL,2004,9,1
DEL,DEL,2004,9,2
DEL,DEL,2004,9,3
DEL,DEL,2004,9,4
DEL,DEL,2004,9,5
DEL,DEL,2004,9,6
DEL,DEL,2004,9,8
DEL,DEL,2005,7,20
DEL,DEL,2005,7,21
DEL,DEL,2005,7,22
DEL,DEL,2005,7,23
DEL,DEL,2005,7,24
DEL,DEL,2005,7,25
DEL,DEL,2005,7,27
DEL,DEL,2005,7,28
DEL,DEL,2005,7,29
DEL,DEL,2005,7,30
DEL,DEL,2005,7,31
DEL,DEL,2005,8,1
DEL,DEL,2005,8,3
DEL,DEL,2005,8,4
DEL,DEL,2005,8,5
DEL,DEL,2005,8,6
DEL,DEL,2005,8,7
DEL,DEL,2005,8,8
DEL,DEL,2005,8,10
DEL,DEL,2005,8,11
DEL,DEL,2005,8,12
DEL,DEL,2005,8,13
DEL,DEL,2005,8,14
DEL,DEL,2005,8,15
DEL,DEL,2005,8,17
DEL,DEL,2005,8,18
DEL,DEL,2005,8,19
DEL,DEL,2005,8,20
DEL,DEL,2005,8,21
DEL,DEL,2005,8,22
DEL,DEL,2005,8,24
DEL,DEL,2005,8,25
DEL,DEL,2005,8,26
DEL,DEL,2005,8,27
DEL,DEL,2005,8,28
DEL,DEL,2005,8,29
DEL,DEL,2005,8,31
DEL,DEL,2005,9,1
DEL,DEL,2005,9,2
DEL,DEL,2005,9,3
DEL,DEL,2005,9,4
DEL,DEL,2005,9,5
DEL,DEL,2005,9,7
DEL,DEL,2006,7,19
DEL,DEL,2006,7,20
DEL,DEL,2006,7,21
DEL,DEL,2006,7,22
DEL,DEL,2006,7,23
DEL,DEL,2006,7,24
DEL,DEL,2006,7,26
DEL,DEL,2006,7,27
DEL,DEL,2006,7,28
DEL,DEL,2006,7,29
DEL,DEL,2006,7,30
DEL,DEL,2006,7,31
DEL,DEL,2006,8,2
DEL,DEL,2006,8,3
DEL,DEL,2006,8,4
DEL,DEL,2006,8,5
DEL,DEL,2006,8,6
DEL,DEL,2006,8,7
DEL,DEL,2006,8,9
DEL,DEL,2006,8,10
DEL,DEL,2006,8,11
DEL,DEL,2006,8,12
DEL,DEL,2006,8,13
DEL,DEL,2006,8,14
DEL,DEL,2006,8,16
DEL,DEL,2006,8,17
DEL,DEL,2006,8,18
DEL,DEL,2006,8,19
DEL,DEL,2006,8,20
DEL,DEL,2006,8,21
DEL,DEL,2006,8,23
DEL,DEL,2006,8,24
DEL,DEL,2006,8,25
DEL,DEL,2006,8,26
DEL,DEL,2006,8,27
DEL,DEL,2006,8,28
DEL,DEL,2006,8,30
DEL,DEL,2006,8,31
DEL,DEL,2006,9,1
DEL,DEL,2006,9,2
DEL,DEL,2006,9,3
DEL,DEL,2006,9,4
DEL,DEL,2006,9,6
DEL,DEL,2007,7,18
DEL,DEL,2007,7,19
DEL,DEL,2007,7,20
DEL,DEL,2007,7,21
DEL,DEL,2007,7,22
DEL,DEL,2007,7,23
DEL,DEL,2007,7,25
DEL,DEL,2007,7,26
DEL,DEL,2007,7,27
DEL,DEL,2007,7,28
DEL,DEL,2007,7,29
DEL,DEL,2007,7,30
DEL,DEL,2007,8,1
DEL,DEL,2007,8,2
DEL,DEL,2007,8,3
DEL,DEL,2007,8,4
DEL,DEL,2007,8,5
DEL,DEL,2007,8,6
DEL,DEL,2007,8,8
DEL,DEL,2007,8,9
DEL,DEL,2007,8,10
DEL,DEL,2007,8,11
DEL,DEL,2007,8,12
DEL,DEL,2007,8,13
DEL,DEL,2007,8,15
DEL,DEL,2007,8,16
DEL,DEL,2007,8,17
DEL,DEL,2007,8,18
DEL,DEL,2007,8,19
DEL,DEL,2007,8,20
DEL,DEL,2007,8,22
DEL,DEL,2007,8,23
DEL,DEL,2007,8,24
DEL,DEL,2007,8,25
DEL,DEL,2007,8,26
DEL,DEL,2007,8,27
DEL,DEL,2007,8,29
DEL,DEL,2007,8,30
DEL,DEL,2007,8,31
DEL,DEL,2007,9,1
DEL,DEL,2007,9,2
DEL,DEL,2007,9,3
DEL,DEL,2007,9,5
DEL,DEL,2008,7,16
DEL,DEL,2008,7,17
DEL,DEL,2008,7,18
DEL,DEL,2008,7,19
DEL,DEL,2008,7,20
DEL,DEL,2008,7,21
DEL,DEL,2008,7,23
DEL,DEL,2008,7,24
DEL,DEL,2008,7,25
DEL,DEL,2008,7,26
DEL,DEL,2008,7,27
DEL,DEL,2008,7,28
DEL,DEL,2008,7,30
DEL,DEL,2008,7,31
DEL,DEL,2008,8,1
DEL,DEL,2008,8,2
DEL,DEL,2008,8,3
DEL,DEL,2008,8,4
DEL,DEL,2008,8,6
DEL,DEL,2008,8,7
DEL,DEL,2008,8,8
DEL,DEL,2008,8,9
DEL,DEL,2008,8,10
DEL,DEL,2008,8,11
DEL,DEL,2008,8,13
DEL,DEL,2008,8,14
DEL,DEL,2008,8,15
DEL,DEL,2008,8,16
DEL,DEL,2008,8,17
DEL,DEL,2008,8,18
DEL,DEL,2008,8,20
DEL,DEL,2008,8,21
DEL,DEL,2008,8,22
DEL,DEL,2008,8,23
DEL,DEL,2008,8,24
DEL,DEL,2008,8,25
DEL,DEL,2008,8,27
DEL,DEL,2008,8,28
DEL,DEL,2008,8,29
DEL,DEL,2008,8,30
DEL,DEL,2008,8,31
DEL,DEL,2008,9,1
DEL,DEL,2008,9,3
DEL,DEL,2009,7,22
DEL,DEL,2009,7,23
DEL,DEL,2009,7,24
DEL,DEL,2009,7,25
DEL,DEL,2009,7,26
DEL,DEL,2009,7,29
DEL,DEL,2009,7,30
DEL,DEL,2009,7,31
DEL,DEL,2009,8,1
DEL,DEL,2009,8,2
DEL,DEL,2009,8,5
DEL,DEL,2009,8,6
DEL,DEL,2009,8,7
DEL,DEL,2009,8,8
DEL,DEL,2009,8,9
DEL,DEL,2009,8,12
DEL,DEL,2009,8,13
DEL,DEL,2009,8,14
DEL,DEL,2009,8,15
DEL,DEL,2009,8,16
DEL,DEL,2009,8,19
DEL,DEL,2009,8,20
DEL,DEL,2009,8,21
DEL,DEL,2009,8,22
DEL,DEL,2009,8,23
DEL,DEL,2009,8,26
DEL,DEL,2009,8,27
DEL,DEL,2009,8,28
DEL,DEL,2009,8,29
DEL,DEL,2009,8,30
DEL,DEL,2009,9,2
DEL,DEL,2009,9,3
DEL,DEL,2009,9,4
DEL,DEL,2009,9,5
DEL,DEL,2009,9,6
DEL,DEL,2009,9,7
DEL,DEL,2009,9,9
DEL,DEL,2010,7,21
DEL,DEL,2010,7,22
DEL,DEL,2010,7,23
DEL,DEL,2010,7,24
DEL,DEL,2010,7,25
DEL,DEL,2010,7,28
DEL,DEL,2010,7,29
DEL,DEL,2010,7,30
DEL,DEL,2010,7,31
DEL,DEL,2010,8,1
DEL,DEL,2010,8,4
DEL,DEL,2010,8,5
DEL,DEL,2010,8,6
DEL,DEL,2010,8,7
DEL,DEL,2010,8,8
DEL,DEL,2010,8,11
DEL,DEL,2010,8,12
DEL,DEL,2010,8,13
DEL,DEL,2010,8,14
DEL,DEL,2010,8,15
DEL,DEL,2010,8,18
DEL,DEL,2010,8,19
DEL,DEL,2010,8,20
DEL,DEL,2010,8,21
DEL,DEL,2010,8,22
DEL,DEL,2010,8,25
DEL,DEL,2010,8,26
DEL,DEL,2010,8,27
DEL,DEL,2010,8,28
DEL,DEL,2010,8,29
DEL,DEL,2010,9,1
DEL,DEL,2010,9,2
DEL,DEL,2010,9,3
DEL,DEL,2010,9,4
DEL,DEL,2010,9,5
DEL,DEL,2010,9,6
DEL,DEL,2010,9,8
DEL,DEL,2011,7,20
DEL,DEL,2011,7,21
DEL,DEL,2011,7,22
DEL,DEL,2011,7,23
DEL,DEL,2011,7,24
DEL,DEL,2011,7,27
DEL,DEL,2011,7,28
DEL,DEL,2011,7,29
DEL,DEL,2011,7,30
DEL,DEL,2011,7,31
DEL,DEL,2011,8,3
DEL,DEL,2011,8,4
DEL,DEL,2011,8,5
DEL,DEL,2011,8,6
DEL,DEL,2011,8,7
DEL,DEL,2011,8,10
DEL,DEL,2011,8,11
DEL,DEL,2011,8,12
DEL,DEL,2011,8,13
DEL,DEL,2011,8,14
DEL,DEL,2011,8,17
DEL,DEL,2011,8,18
DEL,DEL,2011,8,19
DEL,DEL,2011,8,20
DEL,DEL,2011,8,21
DEL,DEL,2011,8,24
DEL,DEL,2011,8,25
DEL,DEL,2011,8,26
DEL,DEL,2011,8,27
DEL,DEL,2011,8,28
DEL,DEL,2011,8,31
DEL,DEL,2011,9,1
DEL,DEL,2011,9,2
DEL,DEL,2011,9,3
DEL,DEL,2011,9,4
DEL,DEL,2011,9,5
DEL,DEL,2011,9,7
DEL,DEL,2012,7,18
DEL,DEL,2012,7,19
DEL,DEL,2012,7,20
DEL,DEL,2012,7,21
DEL,DEL,2012,7,22
DEL,DEL,2012,7,25
DEL,DEL,2012,7,26
DEL,DEL,2012,7,27
DEL,DEL,2012,7,28
DEL,DEL,2012,7,29
DEL,DEL,2012,8,1
DEL,DEL,2012,8,2
DEL,DEL,2012,8,3
DEL,DEL,2012,8,4
DEL,DEL,2012,8,5
DEL,DEL,2012,8,8
DEL,DEL,2012,8,9
DEL,DEL,2012,8,10
DEL,DEL,2012,8,11
DEL,DEL,2012,8,12
DEL,DEL,2012,8,15
DEL,DEL,2012,8,16
DEL,DEL,2012,8,17
DEL,DEL,2012,8,18
DEL,DEL,2012,8,19
DEL,DEL,2012,8,22
DEL,DEL,2012,8,23
DEL,DEL,2012,8,24
DEL,DEL,2012,8,25
DEL,DEL,2012,8,26
DEL,DEL,2012,8,29
DEL,DEL,2012,8,30
DEL,DEL,2012,8,31
DEL,DEL,2012,9,1
DEL,DEL,2012,9,2
DEL,DEL,2012,9,3
DEL,DEL,2012,9,5
DEL,DEL,2013,7,17
DEL,DEL,2013,7,18
DEL,DEL,2013,7,19
DEL,DEL,2013,7,20
DEL,DEL,2013,7,21
DEL,DEL,2013,7,24
DEL,DEL,2013,7,25
DEL,DEL,2013,7,26
DEL,DEL,2013,7,27
DEL,DEL,2013,7,28
DEL,DEL,2013,7,31
DEL,DEL,2013,8,1
DEL,DEL,2013,8,2
DEL,DEL,2013,8,3
DEL,DEL,2013,8,4
DEL,DEL,2013,8,7
DEL,DEL,2013,8,8
DEL,DEL,2013,8,9
DEL,DEL,2013,8,10
DEL,DEL,2013,8,11
DEL,DEL,2013,8,14
DEL,DEL,2013,8,15
DEL,DEL,2013,8,16
DEL,DEL,2013,8,17
DEL,DEL,2013,8,18
DEL,DEL,2013,8,21
DEL,DEL,2013,8,22
DEL,DEL,2013,8,23
DEL,DEL,2013,8,24
DEL,DEL,2013,8,25
DEL,DEL,2013,8,28
DEL,DEL,2013,8,29
DEL,DEL,2013,8,30
DEL,DEL,2013,8,31
DEL,DEL,2013,9,1
DEL,DEL,2013,9,2
DEL,DEL,2013,9,4
DEL,DEL,2014,7,17
DEL,DEL,2014,7,18
DEL,DEL,2014,7,19
DEL,DEL,2014,7,20
DEL,DEL,2014,7,23
DEL,DEL,2014,7,24
DEL,DEL,2014,7,25
DEL,DEL,2014,7,26
DEL,DEL,2014,7,27
DEL,DEL,2014,7,30
DEL,DEL,2014,7,31
DEL,DEL,2014,8,1
DEL,DEL,2014,8,2
DEL,DEL,2014,8,3
DEL,DEL,2014,8,6
DEL,DEL,2014,8,7
DEL,DEL,2014,8,8
DEL,DEL,2014,8,9
DEL,DEL,2014,8,10
DEL,DEL,2014,8,13
DEL,DEL,2014,8,14
DEL,DEL,2014,8,15
DEL,DEL,2014,8,16
DEL,DEL,2014,8,17
DEL,DEL,2014,8,20
DEL,DEL,2014,8,21
DEL,DEL,2014,8,22
DEL,DEL,2014,8,23
DEL,DEL,2014,8,24
DEL,DEL,2014,8,27
DEL,DEL,2014,8,28
DEL,DEL,2014,8,29
DEL,DEL,2014,8,30
DEL,DEL,2014,8,31
DEL,DEL,2014,9,1
DEL,DEL,2014,9,3
DEL,DEL,2014,11,7
DEL,DEL,2014,11,8
DEL,DEL,2014,11,9
DEL,DEL,2014,11,13
DEL,DEL,2014,11,14
DEL,DEL,2014,11,15
DEL,DEL,2014,11,16
DEL,DEL,2014,11,20
DEL,DEL,2014,11,21
DEL,DEL,2014,11,22
DEL,DEL,2014,11,23
DEL,DEL,2014,11,27
DEL,DEL,2014,11,28
DEL,DEL,2014,11,29
DEL,DEL,2014,11,30
DEL,DEL,2015,7,16
DEL,DEL,2015,7,17
DEL,DEL,2015,7,18
DEL,DEL,2015,7,19
DEL,DEL,2015,7,22
DEL,DEL,2015,7,23
DEL,DEL,2015,7,24
DEL,DEL,2015,7,25
DEL,DEL,2015,7,26
DEL,DEL,2015,7,29
DEL,DEL,2015,7,30
DEL,DEL,2015,7,31
DEL,DEL,2015,8,1
DEL,DEL,2015,8,2
DEL,DEL,2015,8,5
DEL,DEL,2015,8,6
DEL,DEL,2015,8,7
DEL,DEL,2015,8,8
DEL,DEL,2015,8,9
DEL,DEL,2015,8,12
DEL,DEL,2015,8,13
DEL,DEL,2015,8,14
DEL,DEL,2015,8,15
DEL,DEL,2015,8,16
DEL,DEL,2015,8,19
DEL,DEL,2015,8,20
DEL,DEL,2015,8,21
DEL,DEL,2015,8,22
DEL,DEL,2015,8,23
DEL,DEL,2015,8,26
DEL,DEL,2015,8,27
DEL,DEL,2015,8,28
DEL,DEL,2015,8,29
DEL,DEL,2015,8,30
DEL,DEL,2015,9,2
DEL,DEL,2015,9,3
DEL,DEL,2015,9,4
DEL,DEL,2015,9,5
DEL,DEL,2015,9,6
DEL,DEL,2015,9,7
DEL,DEL,2015,10,29
DEL,DEL,2015,10,30
DEL,DEL,2015,10,31
DEL,DEL,2015,11,1
DEL,DEL,2015,11,5
DEL,DEL,2015,11,6
DEL,DEL,2015,11,7
DEL,DEL,2015,11,8
DEL,DEL,2015,11,12
DEL,DEL,2015,11,13
DEL,DEL,2015,11,14
DEL,DEL,2015,11,15
DEL,DEL,2015,11,19
DEL,DEL,2015,11,20
DEL,DEL,2015,11,21
DEL,DEL,2015,11,22
DPK,DPK,1998,8,15
DPK,DPK,1998,8,17
DPK,DPK,1998,8,18
DPK,DPK,1998,8,19
DPK,DPK,1998,8,22
DPK,DPK,1998,8,23
DPK,DPK,1998,8,24
DPK,DPK,1998,8,25
DPK,DPK,1998,8,26
DPK,DPK,1998,8,29
DPK,DPK,1998,8,30
DPK,DPK,1998,8,31
DPK,DPK,1998,9,1
DPK,DPK,1998,9,2
DPK,DPK,1998,9,5
DPK,DPK,1998,9,6
DPK,DPK,1998,9,7
DPK,DPK,1998,9,8
DPK,DPK,1998,9,9
DPK,DPK,1998,9,12
DPK,DPK,1998,9,13
DPK,DPK,1998,9,14
DPK,DPK,1998,9,15
DPK,DPK,1998,9,16
DPK,DPK,1998,9,19
DPK,DPK,1998,9,20
DPK,DPK,1998,9,21
DPK,DPK,1998,9,22
DPK,DPK,1998,9,23
DPK,DPK,1998,9,26
DPK,DPK,1998,9,27
DPK,DPK,1998,9,28
DPK,DPK,1998,9,29
DPK,DPK,1998,9,30
DPK,DPK,1998,10,3
DPK,DPK,1998,10,4
DPK,DPK,1998,10,5
DPK,DPK,1998,10,6
DPK,DPK,1998,10,7
DPK,DPK,1998,10,10
DPK,DPK,1998,10,11
DPK,DPK,1998,10,12
DPK,DPK,1998,10,13
DPK,DPK,1998,10,14
DPK,DPK,1998,10,17
DPK,DPK,1998,10,18
DPK,DPK,1998,10,19
DPK,DPK,1998,10,20
DPK,DPK,1998,10,24
DPK,DPK,1998,10,25
DPK,DPK,1998,10,26
DPK,DPK,1998,10,27
DPK,DPK,1998,10,31
DPK,DPK,1998,11,1
DPK,DPK,1998,11,2
DPK,DPK,1998,11,3
DPK,DPK,1998,11,7
DPK,DPK,1998,11,8
DPK,DPK,1999,4,12
DPK,DPK,1999,4,13
DPK,DPK,1999,4,17
DPK,DPK,1999,4,18
DPK,DPK,1999,4,19
DPK,DPK,1999,4,24
DPK,DPK,1999,4,25
DPK,DPK,1999,5,1
DPK,DPK,1999,5,2
DPK,DPK,1999,5,3
DPK,DPK,1999,5,4
DPK,DPK,1999,5,8
DPK,DPK,1999,5,9
DPK,DPK,1999,5,11
DPK,DPK,1999,5,15
DPK,DPK,1999,5,16
DPK,DPK,1999,5,17
DPK,DPK,1999,5,19
DPK,DPK,1999,5,22
DPK,DPK,1999,5,23
DPK,DPK,1999,5,24
DPK,DPK,1999,5,26
DPK,DPK,1999,5,29
DPK,DPK,1999,5,30
DPK,DPK,1999,5,31
DPK,DPK,1999,6,2
DPK,DPK,1999,6,5
DPK,DPK,1999,6,6
DPK,DPK,1999,6,7
DPK,DPK,1999,6,8
DPK,DPK,1999,6,12
DPK,DPK,1999,6,13
DPK,DPK,1999,6,14
DPK,DPK,1999,6,16
DPK,DPK,1999,6,19
DPK,DPK,1999,6,22
DPK,DPK,1999,6,23
DPK,DPK,1999,6,26
DPK,DPK,1999,6,28
DPK,DPK,1999,6,29
DPK,DPK,1999,6,30
DPK,DPK,1999,7,3
DPK,DPK,1999,7,4
DPK,DPK,1999,7,5
DPK,DPK,1999,7,6
DPK,DPK,1999,7,7
DPK,DPK,1999,7,10
DPK,DPK,1999,7,11
DPK,DPK,1999,7,14
DPK,DPK,1999,7,18
DPK,DPK,1999,7,21
DPK,DPK,1999,7,24
DPK,DPK,1999,7,25
DPK,DPK,1999,7,26
DPK,DPK,1999,7,27
DPK,DPK,1999,7,28
DPK,DPK,1999,7,31
DPK,DPK,1999,8,1
DPK,DPK,1999,8,2
DPK,DPK,1999,8,3
DPK,DPK,1999,8,4
DPK,DPK,1999,8,10
DPK,DPK,1999,8,11
DPK,DPK,1999,8,15
DPK,DPK,1999,8,16
DPK,DPK,1999,8,17
DPK,DPK,1999,8,18
DPK,DPK,1999,8,21
DPK,DPK,1999,8,22
DPK,DPK,1999,8,23
DPK,DPK,1999,8,25
DPK,DPK,1999,8,30
DPK,DPK,1999,8,31
DPK,DPK,1999,9,1
DPK,DPK,1999,9,4
DPK,DPK,1999,9,5
DPK,DPK,1999,9,6
DPK,DPK,1999,9,7
DPK,DPK,1999,9,8
DPK,DPK,1999,9,11
DPK,DPK,1999,9,12
DPK,DPK,1999,9,13
DPK,DPK,1999,9,14
DPK,DPK,1999,9,15
DPK,DPK,1999,9,18
DPK,DPK,1999,9,19
DPK,DPK,1999,9,20
DPK,DPK,1999,9,21
DPK,DPK,1999,9,22
DPK,DPK,1999,9,25
DPK,DPK,1999,9,26
DPK,DPK,1999,9,27
DPK,DPK,1999,9,28
DPK,DPK,1999,9,29
DPK,DPK,1999,10,2
DPK,DPK,1999,10,3
DPK,DPK,1999,10,4
DPK,DPK,1999,10,6
DPK,DPK,1999,10,9
DPK,DPK,1999,10,10
DPK,DPK,1999,10,11
DPK,DPK,1999,10,12
DPK,DPK,1999,10,16
DPK,DPK,1999,10,17
DPK,DPK,1999,10,18
DPK,DPK,1999,10,19
DPK,DPK,1999,10,23
DPK,DPK,1999,10,24
DPK,DPK,1999,10,25
DPK,DPK,1999,10,26
DPK,DPK,1999,10,30
DPK,DPK,1999,10,31
DPK,DPK,1999,11,1
DPK,DPK,1999,11,2
DPK,DPK,1999,11,6
DPK,DPK,1999,11,7
DPK,DPK,2000,4,10
DPK,DPK,2000,4,11
DPK,DPK,2000,4,15
DPK,DPK,2000,4,16
DPK,DPK,2000,4,17
DPK,DPK,2000,4,18
DPK,DPK,2000,4,22
DPK,DPK,2000,4,24
DPK,DPK,2000,4,25
DPK,DPK,2000,4,29
DPK,DPK,2000,4,30
DPK,DPK,2000,5,1
DPK,DPK,2000,5,2
DPK,DPK,2000,5,6
DPK,DPK,2000,5,7
DPK,DPK,2000,5,8
DPK,DPK,2000,5,9
DPK,DPK,2000,5,14
DPK,DPK,2000,5,15
DPK,DPK,2000,5,16
DPK,DPK,2000,5,20
DPK,DPK,2000,5,21
DPK,DPK,2000,5,22
DPK,DPK,2000,5,23
DPK,DPK,2000,5,24
DPK,DPK,2000,5,27
DPK,DPK,2000,5,28
DPK,DPK,2000,5,29
DPK,DPK,2000,5,30
DPK,DPK,2000,5,31
DPK,DPK,2000,6,3
DPK,DPK,2000,6,4
DPK,DPK,2000,6,5
DPK,DPK,2000,6,6
DPK,DPK,2000,6,7
DPK,DPK,2000,6,10
DPK,DPK,2000,6,11
DPK,DPK,2000,6,12
DPK,DPK,2000,6,13
DPK,DPK,2000,6,14
DPK,DPK,2000,7,8
DPK,DPK,2000,7,10
DPK,DPK,2000,7,11
DPK,DPK,2000,7,12
DPK,DPK,2000,7,15
DPK,DPK,2000,7,16
DPK,DPK,2000,7,17
DPK,DPK,2000,7,18
DPK,DPK,2000,7,19
DPK,DPK,2000,7,22
DPK,DPK,2000,7,23
DPK,DPK,2000,7,25
DPK,DPK,2000,7,26
DPK,DPK,2000,7,29
DPK,DPK,2000,7,30
DPK,DPK,2000,7,31
DPK,DPK,2000,8,1
DPK,DPK,2000,8,2
DPK,DPK,2000,8,5
DPK,DPK,2000,8,6
DPK,DPK,2000,8,7
DPK,DPK,2000,8,8
DPK,DPK,2000,8,9
DPK,DPK,2000,8,12
DPK,DPK,2000,8,14
DPK,DPK,2000,8,16
DPK,DPK,2000,8,21
DPK,DPK,2000,8,22
DPK,DPK,2000,8,23
DPK,DPK,2000,8,26
DPK,DPK,2000,8,28
DPK,DPK,2000,8,29
DPK,DPK,2000,8,30
DPK,DPK,2000,9,3
DPK,DPK,2000,9,4
DPK,DPK,2000,9,5
DPK,DPK,2000,9,6
DPK,DPK,2000,9,9
DPK,DPK,2000,9,10
DPK,DPK,2000,9,12
DPK,DPK,2000,9,13
DPK,DPK,2000,9,16
DPK,DPK,2000,9,18
DPK,DPK,2000,9,19
DPK,DPK,2000,9,20
DPK,DPK,2000,9,23
DPK,DPK,2000,9,24
DPK,DPK,2000,9,25
DPK,DPK,2000,9,26
DPK,DPK,2000,9,27
DPK,DPK,2000,9,30
DPK,DPK,2000,10,1
DPK,DPK,2000,10,2
DPK,DPK,2000,10,3
DPK,DPK,2000,10,4
DPK,DPK,2000,10,7
DPK,DPK,2000,10,8
DPK,DPK,2000,10,9
DPK,DPK,2000,10,10
DPK,DPK,2000,10,14
DPK,DPK,2000,10,15
DPK,DPK,2000,10,16
DPK,DPK,2000,10,17
DPK,DPK,2000,10,21
DPK,DPK,2000,10,22
DPK,DPK,2000,10,23
DPK,DPK,2000,10,24
DPK,DPK,2000,10,28
DPK,DPK,2000,10,29
DPK,DPK,2000,10,30
DPK,DPK,2000,10,31
DPK,DPK,2000,11,4
DPK,DPK,2000,11,5
DPK,DPK,2000,11,6
DPK,DPK,2000,11,7
DPK,DPK,2000,11,11
DPK,DPK,2000,11,13
DPK,DPK,2000,11,14
DPK,DPK,2000,11,18
DPK,DPK,2000,11,19
DPK,DPK,2001,4,7
DPK,DPK,2001,4,8
DPK,DPK,2001,4,9
DPK,DPK,2001,4,10
DPK,DPK,2001,4,14
DPK,DPK,2001,4,16
DPK,DPK,2001,4,17
DPK,DPK,2001,4,21
DPK,DPK,2001,4,22
DPK,DPK,2001,4,29
DPK,DPK,2001,4,30
DPK,DPK,2001,5,1
DPK,DPK,2001,5,5
DPK,DPK,2001,5,6
DPK,DPK,2001,5,8
DPK,DPK,2001,5,12
DPK,DPK,2001,5,13
DPK,DPK,2001,5,14
DPK,DPK,2001,5,15
DPK,DPK,2001,5,19
DPK,DPK,2001,5,20
DPK,DPK,2001,5,21
DPK,DPK,2001,5,22
DPK,DPK,2001,5,26
DPK,DPK,2001,5,27
DPK,DPK,2001,5,28
DPK,DPK,2001,5,29
DPK,DPK,2001,5,30
DPK,DPK,2001,6,2
DPK,DPK,2001,6,3
DPK,DPK,2001,6,5
DPK,DPK,2001,6,6
DPK,DPK,2001,6,12
DPK,DPK,2001,6,13
DPK,DPK,2001,6,16
DPK,DPK,2001,6,17
DPK,DPK,2001,6,18
DPK,DPK,2001,6,19
DPK,DPK,2001,6,20
DPK,DPK,2001,6,23
DPK,DPK,2001,6,24
DPK,DPK,2001,6,25
DPK,DPK,2001,6,26
DPK,DPK,2001,6,27
DPK,DPK,2001,6,30
DPK,DPK,2001,7,1
DPK,DPK,2001,7,3
DPK,DPK,2001,7,4
DPK,DPK,2001,7,7
DPK,DPK,2001,7,8
DPK,DPK,2001,7,10
DPK,DPK,2001,7,11
DPK,DPK,2001,7,14
DPK,DPK,2001,7,15
DPK,DPK,2001,7,16
DPK,DPK,2001,7,17
DPK,DPK,2001,7,18
DPK,DPK,2001,7,21
DPK,DPK,2001,7,24
DPK,DPK,2001,7,28
DPK,DPK,2001,8,7
DPK,DPK,2001,8,11
DPK,DPK,2001,8,12
DPK,DPK,2001,8,18
DPK,DPK,2001,8,19
DPK,DPK,2001,8,20
DPK,DPK,2001,8,21
DPK,DPK,2001,8,22
DPK,DPK,2001,8,25
DPK,DPK,2001,8,26
DPK,DPK,2001,8,28
DPK,DPK,2001,9,1
DPK,DPK,2001,9,2
DPK,DPK,2001,9,3
DPK,DPK,2001,9,4
DPK,DPK,2001,9,5
DPK,DPK,2001,9,8
DPK,DPK,2001,9,9
DPK,DPK,2001,9,10
DPK,DPK,2001,9,12
DPK,DPK,2001,9,15
DPK,DPK,2001,9,16
DPK,DPK,2001,9,17
DPK,DPK,2001,9,18
DPK,DPK,2001,9,19
DPK,DPK,2001,9,22
DPK,DPK,2001,9,23
DPK,DPK,2001,9,25
DPK,DPK,2001,9,26
DPK,DPK,2001,9,29
DPK,DPK,2001,9,30
DPK,DPK,2001,10,1
DPK,DPK,2001,10,2
DPK,DPK,2001,10,3
DPK,DPK,2001,10,6
DPK,DPK,2001,10,7
DPK,DPK,2001,10,8
DPK,DPK,2001,10,9
DPK,DPK,2001,10,10
DPK,DPK,2001,10,13
DPK,DPK,2001,10,14
DPK,DPK,2001,10,15
DPK,DPK,2001,10,17
DPK,DPK,2001,10,21
DPK,DPK,2001,10,22
DPK,DPK,2001,10,28
DPK,DPK,2001,10,29
DPK,DPK,2001,10,30
DPK,DPK,2001,10,31
DPK,DPK,2001,11,4
DPK,DPK,2002,4,28
DPK,DPK,2002,4,30
DPK,DPK,2002,5,6
DPK,DPK,2002,5,13
DPK,DPK,2002,5,14
DPK,DPK,2002,5,18
DPK,DPK,2002,5,19
DPK,DPK,2002,5,20
DPK,DPK,2002,5,21
DPK,DPK,2002,5,22
DPK,DPK,2002,5,25
DPK,DPK,2002,5,26
DPK,DPK,2002,5,27
DPK,DPK,2002,5,28
DPK,DPK,2002,5,29
DPK,DPK,2002,6,1
DPK,DPK,2002,6,2
DPK,DPK,2002,6,3
DPK,DPK,2002,6,4
DPK,DPK,2002,6,5
DPK,DPK,2002,6,8
DPK,DPK,2002,6,9
DPK,DPK,2002,6,10
DPK,DPK,2002,6,11
DPK,DPK,2002,6,12
DPK,DPK,2002,6,15
DPK,DPK,2002,6,16
DPK,DPK,2002,6,17
DPK,DPK,2002,6,18
DPK,DPK,2002,6,19
DPK,DPK,2002,6,22
DPK,DPK,2002,6,23
DPK,DPK,2002,6,24
DPK,DPK,2002,6,25
DPK,DPK,2002,6,26
DPK,DPK,2002,6,29
DPK,DPK,2002,6,30
DPK,DPK,2002,7,1
DPK,DPK,2002,7,2
DPK,DPK,2002,7,3
DPK,DPK,2002,7,6
DPK,DPK,2002,7,7
DPK,DPK,2002,7,8
DPK,DPK,2002,7,9
DPK,DPK,2002,7,10
DPK,DPK,2002,7,13
DPK,DPK,2002,7,14
DPK,DPK,2002,7,15
DPK,DPK,2002,7,16
DPK,DPK,2002,7,17
DPK,DPK,2002,7,20
DPK,DPK,2002,7,21
DPK,DPK,2002,7,22
DPK,DPK,2002,7,23
DPK,DPK,2002,7,24
DPK,DPK,2002,7,27
DPK,DPK,2002,7,28
DPK,DPK,2002,7,29
DPK,DPK,2002,7,30
DPK,DPK,2002,7,31
DPK,DPK,2002,8,3
DPK,DPK,2002,8,4
DPK,DPK,2002,8,5
DPK,DPK,2002,8,6
DPK,DPK,2002,8,7
DPK,DPK,2002,8,10
DPK,DPK,2002,8,11
DPK,DPK,2002,8,12
DPK,DPK,2002,8,13
DPK,DPK,2002,8,14
DPK,DPK,2002,8,17
DPK,DPK,2002,8,18
DPK,DPK,2002,8,19
DPK,DPK,2002,8,20
DPK,DPK,2002,8,21
DPK,DPK,2002,8,24
DPK,DPK,2002,8,25
DPK,DPK,2002,8,26
DPK,DPK,2002,8,27
DPK,DPK,2002,8,28
DPK,DPK,2002,8,31
DPK,DPK,2002,9,1
DPK,DPK,2002,9,2
DPK,DPK,2002,9,3
DPK,DPK,2002,9,4
DPK,DPK,2002,9,7
DPK,DPK,2002,9,8
DPK,DPK,2002,9,9
DPK,DPK,2002,9,10
DPK,DPK,2002,9,11
DPK,DPK,2002,9,14
DPK,DPK,2002,9,15
DPK,DPK,2002,9,16
DPK,DPK,2002,9,17
DPK,DPK,2002,9,18
DPK,DPK,2002,9,21
DPK,DPK,2002,9,22
DPK,DPK,2002,9,23
DPK,DPK,2002,9,24
DPK,DPK,2002,9,25
DPK,DPK,2002,9,28
DPK,DPK,2002,9,29
DPK,DPK,2002,9,30
DPK,DPK,2002,10,1
DPK,DPK,2002,10,2
DPK,DPK,2002,10,5
DPK,DPK,2002,10,6
DPK,DPK,2002,10,7
DPK,DPK,2002,10,8
DPK,DPK,2002,10,9
DPK,DPK,2002,10,12
DPK,DPK,2002,10,13
DPK,DPK,2002,10,14
DPK,DPK,2002,10,15
DPK,DPK,2002,10,19
DPK,DPK,2002,10,20
DPK,DPK,2002,10,21
DPK,DPK,2002,10,22
DPK,DPK,2002,10,23
DPK,DPK,2002,10,26
DPK,DPK,2002,10,27
DPK,DPK,2002,10,28
DPK,DPK,2002,10,29
DPK,DPK,2002,10,30
DPK,DPK,2002,11,2
DPK,DPK,2002,11,3
DPK,DPK,2002,11,4
DPK,DPK,2002,11,5
DPK,DPK,2002,11,6
DPK,DPK,2002,11,9
DPK,DPK,2002,11,10
DPK,DPK,2002,11,11
DPK,DPK,2002,11,12
DPK,DPK,2002,11,13
DPK,DPK,2002,11,16
DPK,DPK,2002,11,17
DPK,DPK,2003,4,26
DPK,DPK,2003,4,27
DPK,DPK,2003,4,28
DPK,DPK,2003,4,29
DPK,DPK,2003,4,30
DPK,DPK,2003,5,3
DPK,DPK,2003,5,4
DPK,DPK,2003,5,5
DPK,DPK,2003,5,6
DPK,DPK,2003,5,7
DPK,DPK,2003,5,10
DPK,DPK,2003,5,11
DPK,DPK,2003,5,12
DPK,DPK,2003,5,13
DPK,DPK,2003,5,14
DPK,DPK,2003,5,17
DPK,DPK,2003,5,18
DPK,DPK,2003,5,19
DPK,DPK,2003,5,20
DPK,DPK,2003,5,21
DPK,DPK,2003,5,24
DPK,DPK,2003,5,25
DPK,DPK,2003,5,26
DPK,DPK,2003,5,27
DPK,DPK,2003,5,28
DPK,DPK,2003,5,31
DPK,DPK,2003,6,1
DPK,DPK,2003,6,2
DPK,DPK,2003,6,3
DPK,DPK,2003,6,4
DPK,DPK,2003,6,7
DPK,DPK,2003,6,8
DPK,DPK,2003,6,9
DPK,DPK,2003,6,10
DPK,DPK,2003,6,11
DPK,DPK,2003,6,14
DPK,DPK,2003,6,15
DPK,DPK,2003,6,16
DPK,DPK,2003,6,17
DPK,DPK,2003,6,18
DPK,DPK,2003,6,21
DPK,DPK,2003,6,22
DPK,DPK,2003,6,23
DPK,DPK,2003,6,24
DPK,DPK,2003,6,25
DPK,DPK,2003,6,28
DPK,DPK,2003,6,29
DPK,DPK,2003,6,30
DPK,DPK,2003,7,1
DPK,DPK,2003,7,2
DPK,DPK,2003,7,5
DPK,DPK,2003,7,6
DPK,DPK,2003,7,7
DPK,DPK,2003,7,8
DPK,DPK,2003,7,9
DPK,DPK,2003,7,12
DPK,DPK,2003,7,13
DPK,DPK,2003,7,14
DPK,DPK,2003,7,15
DPK,DPK,2003,7,16
DPK,DPK,2003,7,19
DPK,DPK,2003,7,20
DPK,DPK,2003,7,21
DPK,DPK,2003,7,22
DPK,DPK,2003,7,23
DPK,DPK,2003,7,26
DPK,DPK,2003,7,27
DPK,DPK,2003,7,28
DPK,DPK,2003,7,29
DPK,DPK,2003,7,30
DPK,DPK,2003,8,2
DPK,DPK,2003,8,3
DPK,DPK,2003,8,4
DPK,DPK,2003,8,5
DPK,DPK,2003,8,6
DPK,DPK,2003,8,9
DPK,DPK,2003,8,10
DPK,DPK,2003,8,11
DPK,DPK,2003,8,12
DPK,DPK,2003,8,13
DPK,DPK,2003,8,16
DPK,DPK,2003,8,17
DPK,DPK,2003,8,18
DPK,DPK,2003,8,19
DPK,DPK,2003,8,20
DPK,DPK,2003,8,23
DPK,DPK,2003,8,24
DPK,DPK,2003,8,25
DPK,DPK,2003,8,26
DPK,DPK,2003,8,27
DPK,DPK,2003,8,30
DPK,DPK,2003,8,31
DPK,DPK,2003,9,1
DPK,DPK,2003,9,2
DPK,DPK,2003,9,3
DPK,DPK,2003,9,6
DPK,DPK,2003,9,7
DPK,DPK,2003,9,8
DPK,DPK,2003,9,9
DPK,DPK,2003,9,10
DPK,DPK,2003,9,13
DPK,DPK,2003,9,14
DPK,DPK,2003,9,16
DPK,DPK,2003,9,17
DPK,DPK,2003,9,20
DPK,DPK,2003,9,21
DPK,DPK,2003,9,22
DPK,DPK,2003,9,23
DPK,DPK,2003,9,24
DPK,DPK,2003,9,27
DPK,DPK,2003,9,28
DPK,DPK,2003,9,29
DPK,DPK,2003,9,30
DPK,DPK,2003,10,1
DPK,DPK,2003,10,4
DPK,DPK,2003,10,5
DPK,DPK,2003,10,6
DPK,DPK,2003,10,7
DPK,DPK,2003,10,8
DPK,DPK,2003,10,11
DPK,DPK,2003,10,12
DPK,DPK,2003,10,13
DPK,DPK,2003,10,14
DPK,DPK,2003,10,15
DPK,DPK,2003,10,18
DPK,DPK,2003,10,19
DPK,DPK,2003,10,20
DPK,DPK,2003,10,21
DPK,DPK,2003,10,22
DPK,DPK,2003,10,25
DPK,DPK,2003,10,26
DPK,DPK,2003,10,27
DPK,DPK,2003,10,28
DPK,DPK,2003,10,29
DPK,DPK,2003,11,1
DPK,DPK,2003,11,2
DPK,DPK,2003,11,3
DPK,DPK,2003,11,4
DPK,DPK,2003,11,5
DPK,DPK,2003,11,8
DPK,DPK,2003,11,9
DPK,DPK,2004,4,24
DPK,DPK,2004,4,25
DPK,DPK,2004,5,1
DPK,DPK,2004,5,2
DPK,DPK,2004,5,3
DPK,DPK,2004,5,4
DPK,DPK,2004,5,5
DPK,DPK,2004,5,8
DPK,DPK,2004,5,9
DPK,DPK,2004,5,10
DPK,DPK,2004,5,11
DPK,DPK,2004,5,12
DPK,DPK,2004,5,15
DPK,DPK,2004,5,16
DPK,DPK,2004,5,17
DPK,DPK,2004,5,18
DPK,DPK,2004,5,19
DPK,DPK,2004,5,22
DPK,DPK,2004,5,23
DPK,DPK,2004,5,24
DPK,DPK,2004,5,25
DPK,DPK,2004,5,26
DPK,DPK,2004,5,29
DPK,DPK,2004,5,30
DPK,DPK,2004,5,31
DPK,DPK,2004,6,1
DPK,DPK,2004,6,2
DPK,DPK,2004,6,5
DPK,DPK,2004,6,6
DPK,DPK,2004,6,7
DPK,DPK,2004,6,8
DPK,DPK,2004,6,9
DPK,DPK,2004,6,12
DPK,DPK,2004,6,13
DPK,DPK,2004,6,14
DPK,DPK,2004,6,15
DPK,DPK,2004,6,16
DPK,DPK,2004,6,19
DPK,DPK,2004,6,20
DPK,DPK,2004,6,21
DPK,DPK,2004,6,22
DPK,DPK,2004,6,23
DPK,DPK,2004,6,26
DPK,DPK,2004,6,27
DPK,DPK,2004,6,28
DPK,DPK,2004,6,29
DPK,DPK,2004,6,30
DPK,DPK,2004,7,3
DPK,DPK,2004,7,4
DPK,DPK,2004,7,5
DPK,DPK,2004,7,6
DPK,DPK,2004,7,7
DPK,DPK,2004,7,10
DPK,DPK,2004,7,11
DPK,DPK,2004,7,12
DPK,DPK,2004,7,13
DPK,DPK,2004,7,14
DPK,DPK,2004,7,17
DPK,DPK,2004,7,18
DPK,DPK,2004,7,19
DPK,DPK,2004,7,20
DPK,DPK,2004,7,21
DPK,DPK,2004,7,24
DPK,DPK,2004,7,25
DPK,DPK,2004,7,26
DPK,DPK,2004,7,27
DPK,DPK,2004,7,28
DPK,DPK,2004,7,31
DPK,DPK,2004,8,1
DPK,DPK,2004,8,2
DPK,DPK,2004,8,3
DPK,DPK,2004,8,7
DPK,DPK,2004,8,8
DPK,DPK,2004,8,9
DPK,DPK,2004,8,10
DPK,DPK,2004,8,14
DPK,DPK,2004,8,15
DPK,DPK,2004,8,16
DPK,DPK,2004,8,17
DPK,DPK,2004,8,21
DPK,DPK,2004,8,22
DPK,DPK,2004,8,23
DPK,DPK,2004,8,24
DPK,DPK,2004,8,28
DPK,DPK,2004,8,29
DPK,DPK,2004,8,30
DPK,DPK,2004,8,31
DPK,DPK,2004,9,1
DPK,DPK,2004,9,4
DPK,DPK,2004,9,5
DPK,DPK,2004,9,6
DPK,DPK,2004,9,7
DPK,DPK,2004,9,8
DPK,DPK,2004,9,11
DPK,DPK,2004,9,12
DPK,DPK,2004,9,13
DPK,DPK,2004,9,14
DPK,DPK,2004,9,15
DPK,DPK,2004,9,18
DPK,DPK,2004,9,19
DPK,DPK,2004,9,20
DPK,DPK,2004,9,21
DPK,DPK,2004,9,22
DPK,DPK,2004,9,25
DPK,DPK,2004,9,26
DPK,DPK,2004,9,27
DPK,DPK,2004,9,28
DPK,DPK,2004,10,2
DPK,DPK,2004,10,3
DPK,DPK,2004,10,4
DPK,DPK,2004,10,5
DPK,DPK,2004,10,6
DPK,DPK,2004,10,9
DPK,DPK,2004,10,10
DPK,DPK,2004,10,11
DPK,DPK,2004,10,12
DPK,DPK,2004,10,13
DPK,DPK,2004,10,16
DPK,DPK,2004,10,17
DPK,DPK,2004,10,18
DPK,DPK,2004,10,19
DPK,DPK,2004,10,20
DPK,DPK,2004,10,23
DPK,DPK,2004,10,24
DPK,DPK,2004,10,25
DPK,DPK,2004,10,26
DPK,DPK,2004,10,27
DPK,DPK,2004,10,30
DPK,DPK,2004,11,1
DPK,DPK,2004,11,2
DPK,DPK,2004,11,3
DPK,DPK,2004,11,6
DPK,DPK,2004,11,7
DPK,DPK,2005,4,30
DPK,DPK,2005,5,1
DPK,DPK,2005,5,2
DPK,DPK,2005,5,3
DPK,DPK,2005,5,7
DPK,DPK,2005,5,8
DPK,DPK,2005,5,9
DPK,DPK,2005,5,10
DPK,DPK,2005,5,14
DPK,DPK,2005,5,15
DPK,DPK,2005,5,16
DPK,DPK,2005,5,17
DPK,DPK,2005,5,21
DPK,DPK,2005,5,22
DPK,DPK,2005,5,23
DPK,DPK,2005,5,24
DPK,DPK,2005,5,25
DPK,DPK,2005,5,28
DPK,DPK,2005,5,29
DPK,DPK,2005,5,30
DPK,DPK,2005,5,31
DPK,DPK,2005,6,1
DPK,DPK,2005,6,4
DPK,DPK,2005,6,5
DPK,DPK,2005,6,6
DPK,DPK,2005,6,7
DPK,DPK,2005,6,8
DPK,DPK,2005,6,11
DPK,DPK,2005,6,12
DPK,DPK,2005,6,13
DPK,DPK,2005,6,14
DPK,DPK,2005,6,15
DPK,DPK,2005,6,18
DPK,DPK,2005,6,19
DPK,DPK,2005,6,21
DPK,DPK,2005,6,22
DPK,DPK,2005,6,25
DPK,DPK,2005,6,26
DPK,DPK,2005,6,27
DPK,DPK,2005,6,28
DPK,DPK,2005,6,29
DPK,DPK,2005,7,2
DPK,DPK,2005,7,3
DPK,DPK,2005,7,4
DPK,DPK,2005,7,5
DPK,DPK,2005,7,6
DPK,DPK,2005,7,9
DPK,DPK,2005,7,10
DPK,DPK,2005,7,11
DPK,DPK,2005,7,12
DPK,DPK,2005,7,13
DPK,DPK,2005,7,16
DPK,DPK,2005,7,17
DPK,DPK,2005,7,18
DPK,DPK,2005,7,19
DPK,DPK,2005,7,20
DPK,DPK,2005,7,23
DPK,DPK,2005,7,24
DPK,DPK,2005,7,25
DPK,DPK,2005,7,26
DPK,DPK,2005,7,27
DPK,DPK,2005,7,30
DPK,DPK,2005,7,31
DPK,DPK,2005,8,1
DPK,DPK,2005,8,2
DPK,DPK,2005,8,3
DPK,DPK,2005,8,6
DPK,DPK,2005,8,7
DPK,DPK,2005,8,8
DPK,DPK,2005,8,9
DPK,DPK,2005,8,10
DPK,DPK,2005,8,13
DPK,DPK,2005,8,14
DPK,DPK,2005,8,15
DPK,DPK,2005,8,16
DPK,DPK,2005,8,17
DPK,DPK,2005,8,20
DPK,DPK,2005,8,21
DPK,DPK,2005,8,22
DPK,DPK,2005,8,23
DPK,DPK,2005,8,24
DPK,DPK,2005,8,27
DPK,DPK,2005,8,28
DPK,DPK,2005,8,29
DPK,DPK,2005,8,30
DPK,DPK,2005,8,31
DPK,DPK,2005,9,3
DPK,DPK,2005,9,4
DPK,DPK,2005,9,5
DPK,DPK,2005,9,6
DPK,DPK,2005,9,7
DPK,DPK,2005,9,10
DPK,DPK,2005,9,11
DPK,DPK,2005,9,12
DPK,DPK,2005,9,13
DPK,DPK,2005,9,14
DPK,DPK,2005,9,17
DPK,DPK,2005,9,18
DPK,DPK,2005,9,19
DPK,DPK,2005,9,20
DPK,DPK,2005,9,21
DPK,DPK,2005,9,24
DPK,DPK,2005,9,25
DPK,DPK,2005,9,26
DPK,DPK,2005,9,27
DPK,DPK,2005,9,28
DPK,DPK,2005,10,1
DPK,DPK,2005,10,2
DPK,DPK,2005,10,3
DPK,DPK,2005,10,4
DPK,DPK,2005,10,5
DPK,DPK,2005,10,8
DPK,DPK,2005,10,9
DPK,DPK,2005,10,10
DPK,DPK,2005,10,11
DPK,DPK,2005,10,12
DPK,DPK,2005,10,15
DPK,DPK,2005,10,16
DPK,DPK,2005,10,17
DPK,DPK,2005,10,18
DPK,DPK,2005,10,19
DPK,DPK,2005,10,22
DPK,DPK,2005,10,23
DPK,DPK,2005,10,24
DPK,DPK,2005,10,25
DPK,DPK,2005,10,26
DPK,DPK,2005,10,29
DPK,DPK,2005,10,30
DPK,DPK,2005,10,31
DPK,DPK,2005,11,1
DPK,DPK,2005,11,2
DPK,DPK,2005,11,5
DPK,DPK,2005,11,6
DPK,DPK,2005,11,7
DPK,DPK,2005,11,8
DPK,DPK,2005,11,9
DPK,DPK,2005,11,12
DPK,DPK,2005,11,13
DPK,DPK,2006,4,22
DPK,DPK,2006,4,23
DPK,DPK,2006,4,24
DPK,DPK,2006,4,25
DPK,DPK,2006,4,29
DPK,DPK,2006,4,30
DPK,DPK,2006,5,1
DPK,DPK,2006,5,2
DPK,DPK,2006,5,6
DPK,DPK,2006,5,7
DPK,DPK,2006,5,8
DPK,DPK,2006,5,9
DPK,DPK,2006,5,13
DPK,DPK,2006,5,14
DPK,DPK,2006,5,15
DPK,DPK,2006,5,16
DPK,DPK,2006,5,20
DPK,DPK,2006,5,21
DPK,DPK,2006,5,22
DPK,DPK,2006,5,23
DPK,DPK,2006,5,27
DPK,DPK,2006,5,28
DPK,DPK,2006,5,29
DPK,DPK,2006,5,30
DPK,DPK,2006,6,3
DPK,DPK,2006,6,4
DPK,DPK,2006,6,5
DPK,DPK,2006,6,6
DPK,DPK,2006,6,7
DPK,DPK,2006,6,10
DPK,DPK,2006,6,11
DPK,DPK,2006,6,12
DPK,DPK,2006,6,13
DPK,DPK,2006,6,14
DPK,DPK,2006,6,17
DPK,DPK,2006,6,18
DPK,DPK,2006,6,19
DPK,DPK,2006,6,20
DPK,DPK,2006,6,21
DPK,DPK,2006,6,24
DPK,DPK,2006,6,25
DPK,DPK,2006,6,26
DPK,DPK,2006,6,27
DPK,DPK,2006,6,28
DPK,DPK,2006,7,1
DPK,DPK,2006,7,2
DPK,DPK,2006,7,3
DPK,DPK,2006,7,4
DPK,DPK,2006,7,5
DPK,DPK,2006,7,8
DPK,DPK,2006,7,9
DPK,DPK,2006,7,10
DPK,DPK,2006,7,11
DPK,DPK,2006,7,12
DPK,DPK,2006,7,15
DPK,DPK,2006,7,16
DPK,DPK,2006,7,17
DPK,DPK,2006,7,19
DPK,DPK,2006,7,22
DPK,DPK,2006,7,23
DPK,DPK,2006,7,24
DPK,DPK,2006,7,25
DPK,DPK,2006,7,26
DPK,DPK,2006,7,29
DPK,DPK,2006,7,30
DPK,DPK,2006,7,31
DPK,DPK,2006,8,5
DPK,DPK,2006,8,6
DPK,DPK,2006,8,7
DPK,DPK,2006,8,8
DPK,DPK,2006,8,9
DPK,DPK,2006,8,12
DPK,DPK,2006,8,13
DPK,DPK,2006,8,14
DPK,DPK,2006,8,15
DPK,DPK,2006,8,16
DPK,DPK,2006,8,19
DPK,DPK,2006,8,20
DPK,DPK,2006,8,21
DPK,DPK,2006,8,22
DPK,DPK,2006,8,23
DPK,DPK,2006,8,26
DPK,DPK,2006,8,27
DPK,DPK,2006,8,28
DPK,DPK,2006,8,29
DPK,DPK,2006,8,30
DPK,DPK,2006,9,2
DPK,DPK,2006,9,3
DPK,DPK,2006,9,4
DPK,DPK,2006,9,5
DPK,DPK,2006,9,6
DPK,DPK,2006,9,9
DPK,DPK,2006,9,10
DPK,DPK,2006,9,11
DPK,DPK,2006,9,12
DPK,DPK,2006,9,13
DPK,DPK,2006,9,16
DPK,DPK,2006,9,17
DPK,DPK,2006,9,18
DPK,DPK,2006,9,19
DPK,DPK,2006,9,20
DPK,DPK,2006,9,23
DPK,DPK,2006,9,24
DPK,DPK,2006,9,25
DPK,DPK,2006,9,26
DPK,DPK,2006,9,27
DPK,DPK,2006,9,30
DPK,DPK,2006,10,1
DPK,DPK,2006,10,2
DPK,DPK,2006,10,3
DPK,DPK,2006,10,7
DPK,DPK,2006,10,8
DPK,DPK,2006,10,9
DPK,DPK,2006,10,10
DPK,DPK,2006,10,14
DPK,DPK,2006,10,15
DPK,DPK,2006,10,16
DPK,DPK,2006,10,17
DPK,DPK,2006,10,21
DPK,DPK,2006,10,22
DPK,DPK,2006,10,23
DPK,DPK,2006,10,24
DPK,DPK,2006,10,28
DPK,DPK,2006,10,29
DPK,DPK,2006,10,30
DPK,DPK,2006,10,31
DPK,DPK,2006,11,4
DPK,DPK,2006,11,5
DPK,DPK,2006,11,6
DPK,DPK,2006,11,7
DPK,DPK,2006,11,11
DPK,DPK,2006,11,12
DPK,DPK,2006,11,13
DPK,DPK,2006,11,14
DPK,DPK,2006,11,18
DPK,DPK,2006,11,19
DPK,DPK,2007,4,28
DPK,DPK,2007,4,29
DPK,DPK,2007,4,30
DPK,DPK,2007,5,1
DPK,DPK,2007,5,2
DPK,DPK,2007,5,5
DPK,DPK,2007,5,6
DPK,DPK,2007,5,7
DPK,DPK,2007,5,8
DPK,DPK,2007,5,9
DPK,DPK,2007,5,12
DPK,DPK,2007,5,13
DPK,DPK,2007,5,14
DPK,DPK,2007,5,15
DPK,DPK,2007,5,16
DPK,DPK,2007,5,19
DPK,DPK,2007,5,20
DPK,DPK,2007,5,21
DPK,DPK,2007,5,22
DPK,DPK,2007,5,23
DPK,DPK,2007,5,26
DPK,DPK,2007,5,27
DPK,DPK,2007,5,28
DPK,DPK,2007,5,29
DPK,DPK,2007,5,30
DPK,DPK,2007,6,2
DPK,DPK,2007,6,3
DPK,DPK,2007,6,4
DPK,DPK,2007,6,5
DPK,DPK,2007,6,6
DPK,DPK,2007,6,9
DPK,DPK,2007,6,10
DPK,DPK,2007,6,11
DPK,DPK,2007,6,12
DPK,DPK,2007,6,13
DPK,DPK,2007,6,16
DPK,DPK,2007,6,17
DPK,DPK,2007,6,18
DPK,DPK,2007,6,19
DPK,DPK,2007,6,20
DPK,DPK,2007,6,23
DPK,DPK,2007,6,24
DPK,DPK,2007,6,25
DPK,DPK,2007,6,26
DPK,DPK,2007,6,27
DPK,DPK,2007,6,30
DPK,DPK,2007,7,1
DPK,DPK,2007,7,2
DPK,DPK,2007,7,3
DPK,DPK,2007,7,4
DPK,DPK,2007,7,7
DPK,DPK,2007,7,8
DPK,DPK,2007,7,10
DPK,DPK,2007,7,11
DPK,DPK,2007,7,14
DPK,DPK,2007,7,15
DPK,DPK,2007,7,16
DPK,DPK,2007,7,17
DPK,DPK,2007,7,18
DPK,DPK,2007,7,21
DPK,DPK,2007,7,22
DPK,DPK,2007,7,23
DPK,DPK,2007,7,24
DPK,DPK,2007,7,25
DPK,DPK,2007,7,28
DPK,DPK,2007,7,29
DPK,DPK,2007,7,30
DPK,DPK,2007,7,31
DPK,DPK,2007,8,1
DPK,DPK,2007,8,4
DPK,DPK,2007,8,5
DPK,DPK,2007,8,6
DPK,DPK,2007,8,8
DPK,DPK,2007,8,11
DPK,DPK,2007,8,12
DPK,DPK,2007,8,13
DPK,DPK,2007,8,14
DPK,DPK,2007,8,15
DPK,DPK,2007,8,18
DPK,DPK,2007,8,19
DPK,DPK,2007,8,20
DPK,DPK,2007,8,21
DPK,DPK,2007,8,22
DPK,DPK,2007,8,25
DPK,DPK,2007,8,26
DPK,DPK,2007,8,27
DPK,DPK,2007,8,28
DPK,DPK,2007,8,29
DPK,DPK,2007,9,1
DPK,DPK,2007,9,2
DPK,DPK,2007,9,3
DPK,DPK,2007,9,4
DPK,DPK,2007,9,5
DPK,DPK,2007,9,8
DPK,DPK,2007,9,9
DPK,DPK,2007,9,10
DPK,DPK,2007,9,11
DPK,DPK,2007,9,12
DPK,DPK,2007,9,15
DPK,DPK,2007,9,16
DPK,DPK,2007,9,17
DPK,DPK,2007,9,18
DPK,DPK,2007,9,19
DPK,DPK,2007,9,22
DPK,DPK,2007,9,23
DPK,DPK,2007,9,24
DPK,DPK,2007,9,25
DPK,DPK,2007,9,26
DPK,DPK,2007,9,29
DPK,DPK,2007,9,30
DPK,DPK,2007,10,1
DPK,DPK,2007,10,2
DPK,DPK,2007,10,3
DPK,DPK,2007,10,6
DPK,DPK,2007,10,7
DPK,DPK,2007,10,8
DPK,DPK,2007,10,9
DPK,DPK,2007,10,10
DPK,DPK,2007,10,13
DPK,DPK,2007,10,14
DPK,DPK,2007,10,15
DPK,DPK,2007,10,16
DPK,DPK,2007,10,17
DPK,DPK,2007,10,20
DPK,DPK,2007,10,21
DPK,DPK,2007,10,22
DPK,DPK,2007,10,23
DPK,DPK,2007,10,24
DPK,DPK,2007,10,27
DPK,DPK,2007,10,28
DPK,DPK,2007,10,29
DPK,DPK,2007,10,30
DPK,DPK,2007,10,31
DPK,DPK,2007,11,3
DPK,DPK,2007,11,4
DPK,DPK,2008,4,19
DPK,DPK,2008,4,20
DPK,DPK,2008,4,21
DPK,DPK,2008,4,22
DPK,DPK,2008,4,26
DPK,DPK,2008,4,27
DPK,DPK,2008,4,28
DPK,DPK,2008,4,29
DPK,DPK,2008,5,3
DPK,DPK,2008,5,4
DPK,DPK,2008,5,5
DPK,DPK,2008,5,6
DPK,DPK,2008,5,10
DPK,DPK,2008,5,11
DPK,DPK,2008,5,12
DPK,DPK,2008,5,13
DPK,DPK,2008,5,17
DPK,DPK,2008,5,18
DPK,DPK,2008,5,19
DPK,DPK,2008,5,20
DPK,DPK,2008,5,24
DPK,DPK,2008,5,25
DPK,DPK,2008,5,26
DPK,DPK,2008,5,27
DPK,DPK,2008,5,28
DPK,DPK,2008,5,31
DPK,DPK,2008,6,1
DPK,DPK,2008,6,2
DPK,DPK,2008,6,3
DPK,DPK,2008,6,4
DPK,DPK,2008,6,7
DPK,DPK,2008,6,8
DPK,DPK,2008,6,9
DPK,DPK,2008,6,10
DPK,DPK,2008,6,11
DPK,DPK,2008,6,14
DPK,DPK,2008,6,15
DPK,DPK,2008,6,16
DPK,DPK,2008,6,17
DPK,DPK,2008,6,18
DPK,DPK,2008,6,21
DPK,DPK,2008,6,22
DPK,DPK,2008,6,23
DPK,DPK,2008,6,24
DPK,DPK,2008,6,25
DPK,DPK,2008,6,28
DPK,DPK,2008,6,29
DPK,DPK,2008,6,30
DPK,DPK,2008,7,1
DPK,DPK,2008,7,2
DPK,DPK,2008,7,4
DPK,DPK,2008,7,5
DPK,DPK,2008,7,6
DPK,DPK,2008,7,7
DPK,DPK,2008,7,8
DPK,DPK,2008,7,9
DPK,DPK,2008,7,12
DPK,DPK,2008,7,13
DPK,DPK,2008,7,14
DPK,DPK,2008,7,15
DPK,DPK,2008,7,16
DPK,DPK,2008,7,19
DPK,DPK,2008,7,20
DPK,DPK,2008,7,21
DPK,DPK,2008,7,22
DPK,DPK,2008,7,23
DPK,DPK,2008,7,26
DPK,DPK,2008,7,27
DPK,DPK,2008,7,28
DPK,DPK,2008,7,29
DPK,DPK,2008,7,30
DPK,DPK,2008,8,2
DPK,DPK,2008,8,3
DPK,DPK,2008,8,4
DPK,DPK,2008,8,5
DPK,DPK,2008,8,6
DPK,DPK,2008,8,9
DPK,DPK,2008,8,10
DPK,DPK,2008,8,11
DPK,DPK,2008,8,12
DPK,DPK,2008,8,16
DPK,DPK,2008,8,17
DPK,DPK,2008,8,18
DPK,DPK,2008,8,19
DPK,DPK,2008,8,23
DPK,DPK,2008,8,24
DPK,DPK,2008,8,25
DPK,DPK,2008,8,26
DPK,DPK,2008,8,30
DPK,DPK,2008,8,31
DPK,DPK,2008,9,1
DPK,DPK,2008,9,2
DPK,DPK,2008,9,3
DPK,DPK,2008,9,6
DPK,DPK,2008,9,7
DPK,DPK,2008,9,8
DPK,DPK,2008,9,9
DPK,DPK,2008,9,10
DPK,DPK,2008,9,13
DPK,DPK,2008,9,14
DPK,DPK,2008,9,15
DPK,DPK,2008,9,16
DPK,DPK,2008,9,17
DPK,DPK,2008,9,20
DPK,DPK,2008,9,21
DPK,DPK,2008,9,22
DPK,DPK,2008,9,23
DPK,DPK,2008,9,24
DPK,DPK,2008,9,27
DPK,DPK,2008,9,28
DPK,DPK,2008,9,29
DPK,DPK,2008,9,30
DPK,DPK,2008,10,4
DPK,DPK,2008,10,5
DPK,DPK,2008,10,6
DPK,DPK,2008,10,7
DPK,DPK,2008,10,11
DPK,DPK,2008,10,12
DPK,DPK,2008,10,13
DPK,DPK,2008,10,14
DPK,DPK,2008,10,18
DPK,DPK,2008,10,19
DPK,DPK,2008,10,20
DPK,DPK,2008,10,21
DPK,DPK,2008,10,25
DPK,DPK,2008,10,26
DPK,DPK,2008,10,27
DPK,DPK,2008,10,28
DPK,DPK,2008,11,1
DPK,DPK,2008,11,2
DPK,DPK,2008,11,3
DPK,DPK,2008,11,4
DPK,DPK,2008,11,8
DPK,DPK,2008,11,9
DPK,DPK,2008,11,10
DPK,DPK,2008,11,11
DPK,DPK,2009,4,25
DPK,DPK,2009,4,27
DPK,DPK,2009,4,28
DPK,DPK,2009,5,2
DPK,DPK,2009,5,4
DPK,DPK,2009,5,5
DPK,DPK,2009,5,6
DPK,DPK,2009,5,9
DPK,DPK,2009,5,11
DPK,DPK,2009,5,12
DPK,DPK,2009,5,13
DPK,DPK,2009,5,16
DPK,DPK,2009,5,18
DPK,DPK,2009,5,19
DPK,DPK,2009,5,20
DPK,DPK,2009,5,23
DPK,DPK,2009,5,25
DPK,DPK,2009,5,26
DPK,DPK,2009,5,27
DPK,DPK,2009,5,30
DPK,DPK,2009,6,1
DPK,DPK,2009,6,2
DPK,DPK,2009,6,3
DPK,DPK,2009,6,6
DPK,DPK,2009,6,7
DPK,DPK,2009,6,8
DPK,DPK,2009,6,9
DPK,DPK,2009,6,10
DPK,DPK,2009,6,13
DPK,DPK,2009,6,14
DPK,DPK,2009,6,15
DPK,DPK,2009,6,16
DPK,DPK,2009,6,17
DPK,DPK,2009,6,20
DPK,DPK,2009,6,21
DPK,DPK,2009,6,22
DPK,DPK,2009,6,23
DPK,DPK,2009,6,24
DPK,DPK,2009,6,27
DPK,DPK,2009,6,28
DPK,DPK,2009,6,29
DPK,DPK,2009,6,30
DPK,DPK,2009,7,1
DPK,DPK,2009,7,4
DPK,DPK,2009,7,5
DPK,DPK,2009,7,6
DPK,DPK,2009,7,7
DPK,DPK,2009,7,11
DPK,DPK,2009,7,12
DPK,DPK,2009,7,13
DPK,DPK,2009,7,14
DPK,DPK,2009,7,18
DPK,DPK,2009,7,19
DPK,DPK,2009,7,20
DPK,DPK,2009,7,21
DPK,DPK,2009,7,25
DPK,DPK,2009,7,26
DPK,DPK,2009,7,27
DPK,DPK,2009,7,28
DPK,DPK,2009,8,1
DPK,DPK,2009,8,3
DPK,DPK,2009,8,4
DPK,DPK,2009,8,5
DPK,DPK,2009,8,8
DPK,DPK,2009,8,10
DPK,DPK,2009,8,11
DPK,DPK,2009,8,12
DPK,DPK,2009,8,15
DPK,DPK,2009,8,17
DPK,DPK,2009,8,18
DPK,DPK,2009,8,19
DPK,DPK,2009,8,22
DPK,DPK,2009,8,24
DPK,DPK,2009,8,25
DPK,DPK,2009,8,26
DPK,DPK,2009,8,29
DPK,DPK,2009,8,31
DPK,DPK,2009,9,1
DPK,DPK,2009,9,2
DPK,DPK,2009,9,5
DPK,DPK,2009,9,7
DPK,DPK,2009,9,8
DPK,DPK,2009,9,9
DPK,DPK,2009,9,12
DPK,DPK,2009,9,14
DPK,DPK,2009,9,15
DPK,DPK,2009,9,16
DPK,DPK,2009,9,19
DPK,DPK,2009,9,21
DPK,DPK,2009,9,22
DPK,DPK,2009,9,23
DPK,DPK,2009,9,26
DPK,DPK,2009,9,28
DPK,DPK,2009,9,29
DPK,DPK,2009,9,30
DPK,DPK,2009,10,3
DPK,DPK,2009,10,5
DPK,DPK,2009,10,6
DPK,DPK,2009,10,7
DPK,DPK,2009,10,10
DPK,DPK,2009,10,12
DPK,DPK,2009,10,13
DPK,DPK,2009,10,14
DPK,DPK,2009,10,17
DPK,DPK,2009,10,19
DPK,DPK,2009,10,20
DPK,DPK,2009,10,21
DPK,DPK,2009,10,24
DPK,DPK,2009,10,26
DPK,DPK,2010,5,1
DPK,DPK,2010,5,3
DPK,DPK,2010,5,4
DPK,DPK,2010,5,5
DPK,DPK,2010,5,8
DPK,DPK,2010,5,10
DPK,DPK,2010,5,11
DPK,DPK,2010,5,12
DPK,DPK,2010,5,15
DPK,DPK,2010,5,17
DPK,DPK,2010,5,18
DPK,DPK,2010,5,19
DPK,DPK,2010,5,22
DPK,DPK,2010,5,24
DPK,DPK,2010,5,25
DPK,DPK,2010,5,26
DPK,DPK,2010,5,29
DPK,DPK,2010,5,31
DPK,DPK,2010,6,1
DPK,DPK,2010,6,2
DPK,DPK,2010,6,5
DPK,DPK,2010,6,7
DPK,DPK,2010,6,8
DPK,DPK,2010,6,9
DPK,DPK,2010,6,12
DPK,DPK,2010,6,14
DPK,DPK,2010,6,15
DPK,DPK,2010,6,16
DPK,DPK,2010,6,19
DPK,DPK,2010,6,21
DPK,DPK,2010,6,22
DPK,DPK,2010,6,23
DPK,DPK,2010,6,26
DPK,DPK,2010,6,28
DPK,DPK,2010,6,29
DPK,DPK,2010,6,30
DPK,DPK,2010,7,3
DPK,DPK,2010,7,5
DPK,DPK,2010,7,6
DPK,DPK,2010,7,10
DPK,DPK,2010,7,12
DPK,DPK,2010,7,13
DPK,DPK,2010,7,14
DPK,DPK,2010,7,15
DPK,DPK,2010,7,17
DPK,DPK,2010,7,19
DPK,DPK,2010,7,20
DPK,DPK,2010,7,21
DPK,DPK,2010,7,22
DPK,DPK,2010,7,24
DPK,DPK,2010,7,26
DPK,DPK,2010,7,27
DPK,DPK,2010,7,28
DPK,DPK,2010,7,29
DPK,DPK,2010,7,31
DPK,DPK,2010,8,2
DPK,DPK,2010,8,3
DPK,DPK,2010,8,4
DPK,DPK,2010,8,5
DPK,DPK,2010,8,7
DPK,DPK,2010,8,9
DPK,DPK,2010,8,10
DPK,DPK,2010,8,11
DPK,DPK,2010,8,12
DPK,DPK,2010,8,14
DPK,DPK,2010,8,16
DPK,DPK,2010,8,17
DPK,DPK,2010,8,18
DPK,DPK,2010,8,19
DPK,DPK,2010,8,21
DPK,DPK,2010,8,23
DPK,DPK,2010,8,24
DPK,DPK,2010,8,25
DPK,DPK,2010,8,26
DPK,DPK,2010,8,28
DPK,DPK,2010,8,30
DPK,DPK,2010,8,31
DPK,DPK,2010,9,1
DPK,DPK,2010,9,4
DPK,DPK,2010,9,6
DPK,DPK,2010,9,7
DPK,DPK,2010,9,8
DPK,DPK,2010,9,11
DPK,DPK,2010,9,13
DPK,DPK,2010,9,14
DPK,DPK,2010,9,15
DPK,DPK,2010,9,18
DPK,DPK,2010,9,20
DPK,DPK,2010,9,21
DPK,DPK,2010,9,22
DPK,DPK,2010,9,25
DPK,DPK,2010,9,27
DPK,DPK,2010,9,28
DPK,DPK,2010,9,29
DPK,DPK,2010,10,2
DPK,DPK,2010,10,4
DPK,DPK,2010,10,5
DPK,DPK,2010,10,6
DPK,DPK,2010,10,9
DPK,DPK,2010,10,11
DPK,DPK,2010,10,12
DPK,DPK,2010,10,13
DPK,DPK,2010,10,16
DPK,DPK,2010,10,18
DPK,DPK,2010,10,19
DPK,DPK,2010,10,20
DPK,DPK,2010,10,23
DPK,DPK,2010,10,25
DPK,DPK,2010,10,26
DPK,DPK,2010,10,27
DPK,DPK,2010,10,30
DPK,DPK,2010,11,1
DPK,DPK,2010,11,2
DPK,DPK,2010,11,3
DPK,DPK,2010,11,6
DPK,DPK,2011,4,30
DPK,DPK,2011,5,7
DPK,DPK,2011,5,9
DPK,DPK,2011,5,11
DPK,DPK,2011,5,14
DPK,DPK,2011,5,16
DPK,DPK,2011,5,17
DPK,DPK,2011,5,18
DPK,DPK,2011,5,21
DPK,DPK,2011,5,23
DPK,DPK,2011,5,24
DPK,DPK,2011,5,25
DPK,DPK,2011,5,28
DPK,DPK,2011,5,30
DPK,DPK,2011,5,31
DPK,DPK,2011,6,1
DPK,DPK,2011,6,4
DPK,DPK,2011,6,6
DPK,DPK,2011,6,7
DPK,DPK,2011,6,8
DPK,DPK,2011,6,11
DPK,DPK,2011,6,13
DPK,DPK,2011,6,14
DPK,DPK,2011,6,15
DPK,DPK,2011,6,18
DPK,DPK,2011,6,20
DPK,DPK,2011,6,21
DPK,DPK,2011,6,22
DPK,DPK,2011,6,25
DPK,DPK,2011,6,27
DPK,DPK,2011,6,28
DPK,DPK,2011,6,29
DPK,DPK,2011,7,2
DPK,DPK,2011,7,4
DPK,DPK,2011,7,5
DPK,DPK,2011,7,6
DPK,DPK,2011,7,9
DPK,DPK,2011,7,11
DPK,DPK,2011,7,12
DPK,DPK,2011,7,13
DPK,DPK,2011,7,16
DPK,DPK,2011,7,18
DPK,DPK,2011,7,19
DPK,DPK,2011,7,20
DPK,DPK,2011,7,25
DPK,DPK,2011,7,26
DPK,DPK,2011,7,27
DPK,DPK,2011,7,30
DPK,DPK,2011,8,1
DPK,DPK,2011,8,2
DPK,DPK,2011,8,3
DPK,DPK,2011,8,6
DPK,DPK,2011,8,8
DPK,DPK,2011,8,9
DPK,DPK,2011,8,10
DPK,DPK,2011,8,13
DPK,DPK,2011,8,15
DPK,DPK,2011,8,16
DPK,DPK,2011,8,17
DPK,DPK,2011,8,20
DPK,DPK,2011,8,22
DPK,DPK,2011,8,23
DPK,DPK,2011,8,24
DPK,DPK,2011,8,27
DPK,DPK,2011,8,31
DPK,DPK,2011,9,3
DPK,DPK,2011,9,5
DPK,DPK,2011,9,6
DPK,DPK,2011,9,7
DPK,DPK,2011,9,10
DPK,DPK,2011,9,12
DPK,DPK,2011,9,13
DPK,DPK,2011,9,14
DPK,DPK,2011,9,17
DPK,DPK,2011,9,19
DPK,DPK,2011,9,20
DPK,DPK,2011,9,21
DPK,DPK,2011,9,24
DPK,DPK,2011,9,26
DPK,DPK,2011,9,27
DPK,DPK,2011,10,1
DPK,DPK,2011,10,3
DPK,DPK,2011,10,4
DPK,DPK,2011,10,5
DPK,DPK,2011,10,8
DPK,DPK,2011,10,10
DPK,DPK,2011,10,11
DPK,DPK,2011,10,12
DPK,DPK,2011,10,15
DPK,DPK,2011,10,17
DPK,DPK,2011,10,18
DPK,DPK,2011,10,19
DPK,DPK,2011,10,22
DPK,DPK,2011,10,24
DPK,DPK,2011,10,25
DPK,DPK,2011,10,26
DPK,DPK,2011,10,29
DPK,DPK,2011,10,31
DPK,DPK,2011,11,1
DPK,DPK,2011,11,2
DPK,DPK,2011,11,5
DPK,DPK,2012,5,12
DPK,DPK,2012,5,14
DPK,DPK,2012,5,16
DPK,DPK,2012,5,19
DPK,DPK,2012,5,21
DPK,DPK,2012,5,23
DPK,DPK,2012,5,24
DPK,DPK,2012,5,26
DPK,DPK,2012,5,28
DPK,DPK,2012,5,30
DPK,DPK,2012,5,31
DPK,DPK,2012,6,2
DPK,DPK,2012,6,4
DPK,DPK,2012,6,6
DPK,DPK,2012,6,7
DPK,DPK,2012,6,9
DPK,DPK,2012,6,11
DPK,DPK,2012,6,13
DPK,DPK,2012,6,14
DPK,DPK,2012,6,16
DPK,DPK,2012,6,17
DPK,DPK,2012,6,20
DPK,DPK,2012,6,21
DPK,DPK,2012,6,23
DPK,DPK,2012,6,25
DPK,DPK,2012,6,27
DPK,DPK,2012,6,28
DPK,DPK,2012,7,2
DPK,DPK,2012,7,4
DPK,DPK,2012,7,5
DPK,DPK,2012,7,9
DPK,DPK,2012,7,11
DPK,DPK,2012,7,12
DPK,DPK,2012,7,14
DPK,DPK,2012,7,16
DPK,DPK,2012,7,18
DPK,DPK,2012,7,19
DPK,DPK,2012,7,21
DPK,DPK,2012,7,23
DPK,DPK,2012,7,25
DPK,DPK,2012,7,26
DPK,DPK,2012,7,28
DPK,DPK,2012,7,30
DPK,DPK,2012,8,1
DPK,DPK,2012,8,2
DPK,DPK,2012,8,4
DPK,DPK,2012,8,6
DPK,DPK,2012,8,8
DPK,DPK,2012,8,9
DPK,DPK,2012,8,11
DPK,DPK,2012,8,13
DPK,DPK,2012,8,15
DPK,DPK,2012,8,16
DPK,DPK,2012,8,18
DPK,DPK,2012,8,20
DPK,DPK,2012,8,22
DPK,DPK,2012,8,23
DPK,DPK,2012,8,25
DPK,DPK,2012,8,27
DPK,DPK,2012,8,29
DPK,DPK,2012,8,30
DPK,DPK,2012,9,1
DPK,DPK,2012,9,3
DPK,DPK,2012,9,5
DPK,DPK,2012,9,6
DPK,DPK,2012,9,8
DPK,DPK,2012,9,10
DPK,DPK,2012,9,12
DPK,DPK,2012,9,13
DPK,DPK,2012,9,15
DPK,DPK,2012,9,17
DPK,DPK,2012,9,19
DPK,DPK,2012,9,20
DPK,DPK,2012,9,22
DPK,DPK,2012,9,24
DPK,DPK,2012,9,26
DPK,DPK,2012,9,29
DPK,DPK,2012,10,1
DPK,DPK,2012,10,3
DPK,DPK,2012,10,4
DPK,DPK,2012,10,6
DPK,DPK,2012,10,8
DPK,DPK,2012,10,10
DPK,DPK,2012,10,11
DPK,DPK,2012,10,13
DPK,DPK,2012,10,15
DPK,DPK,2012,10,17
DPK,DPK,2012,10,18
DPK,DPK,2012,10,20
DPK,DPK,2012,10,22
DPK,DPK,2012,10,25
DPK,DPK,2012,10,27
DPK,DPK,2012,10,31
DPK,DPK,2012,11,1
DPK,DPK,2012,11,3
DPK,DPK,2013,5,18
DPK,DPK,2013,5,20
DPK,DPK,2013,5,22
DPK,DPK,2013,5,25
DPK,DPK,2013,5,27
DPK,DPK,2013,5,29
DPK,DPK,2013,5,30
DPK,DPK,2013,6,1
DPK,DPK,2013,6,3
DPK,DPK,2013,6,5
DPK,DPK,2013,6,6
DPK,DPK,2013,6,8
DPK,DPK,2013,6,10
DPK,DPK,2013,6,12
DPK,DPK,2013,6,13
DPK,DPK,2013,6,15
DPK,DPK,2013,6,17
DPK,DPK,2013,6,19
DPK,DPK,2013,6,20
DPK,DPK,2013,6,22
DPK,DPK,2013,6,24
DPK,DPK,2013,6,26
DPK,DPK,2013,6,27
DPK,DPK,2013,6,29
DPK,DPK,2013,7,1
DPK,DPK,2013,7,3
DPK,DPK,2013,7,4
DPK,DPK,2013,7,6
DPK,DPK,2013,7,8
DPK,DPK,2013,7,10
DPK,DPK,2013,7,11
DPK,DPK,2013,7,13
DPK,DPK,2013,7,15
DPK,DPK,2013,7,17
DPK,DPK,2013,7,18
DPK,DPK,2013,7,20
DPK,DPK,2013,7,22
DPK,DPK,2013,7,24
DPK,DPK,2013,7,25
DPK,DPK,2013,7,27
DPK,DPK,2013,7,29
DPK,DPK,2013,7,31
DPK,DPK,2013,8,1
DPK,DPK,2013,8,3
DPK,DPK,2013,8,5
DPK,DPK,2013,8,7
DPK,DPK,2013,8,8
DPK,DPK,2013,8,10
DPK,DPK,2013,8,12
DPK,DPK,2013,8,15
DPK,DPK,2013,8,17
DPK,DPK,2013,8,19
DPK,DPK,2013,8,21
DPK,DPK,2013,8,22
DPK,DPK,2013,8,24
DPK,DPK,2013,8,26
DPK,DPK,2013,8,28
DPK,DPK,2013,8,29
DPK,DPK,2013,8,31
DPK,DPK,2013,9,2
DPK,DPK,2013,9,4
DPK,DPK,2013,9,5
DPK,DPK,2013,9,7
DPK,DPK,2013,9,9
DPK,DPK,2013,9,11
DPK,DPK,2013,9,12
DPK,DPK,2013,9,14
DPK,DPK,2013,9,16
DPK,DPK,2013,9,18
DPK,DPK,2013,9,19
DPK,DPK,2013,9,21
DPK,DPK,2013,9,23
DPK,DPK,2013,9,25
DPK,DPK,2013,9,26
DPK,DPK,2013,9,28
DPK,DPK,2013,9,30
DPK,DPK,2013,10,2
DPK,DPK,2013,10,3
DPK,DPK,2013,10,5
DPK,DPK,2013,10,7
DPK,DPK,2013,10,9
DPK,DPK,2014,5,17
DPK,DPK,2014,5,21
DPK,DPK,2014,5,24
DPK,DPK,2014,5,26
DPK,DPK,2014,5,28
DPK,DPK,2014,5,31
DPK,DPK,2014,6,2
DPK,DPK,2014,6,4
DPK,DPK,2014,6,5
DPK,DPK,2014,6,7
DPK,DPK,2014,6,9
DPK,DPK,2014,6,11
DPK,DPK,2014,6,12
DPK,DPK,2014,6,14
DPK,DPK,2014,6,16
DPK,DPK,2014,6,18
DPK,DPK,2014,6,19
DPK,DPK,2014,6,21
DPK,DPK,2014,6,23
DPK,DPK,2014,6,25
DPK,DPK,2014,6,26
DPK,DPK,2014,6,28
DPK,DPK,2014,6,30
DPK,DPK,2014,7,2
DPK,DPK,2014,7,3
DPK,DPK,2014,7,5
DPK,DPK,2014,7,7
DPK,DPK,2014,7,9
DPK,DPK,2014,7,10
DPK,DPK,2014,7,12
DPK,DPK,2014,7,14
DPK,DPK,2014,7,16
DPK,DPK,2014,7,17
DPK,DPK,2014,7,19
DPK,DPK,2014,7,21
DPK,DPK,2014,7,23
DPK,DPK,2014,7,24
DPK,DPK,2014,7,26
DPK,DPK,2014,7,30
DPK,DPK,2014,7,31
DPK,DPK,2014,8,2
DPK,DPK,2014,8,4
DPK,DPK,2014,8,6
DPK,DPK,2014,8,7
DPK,DPK,2014,8,9
DPK,DPK,2014,8,11
DPK,DPK,2014,8,13
DPK,DPK,2014,8,14
DPK,DPK,2014,8,16
DPK,DPK,2014,8,18
DPK,DPK,2014,8,20
DPK,DPK,2014,8,21
DPK,DPK,2014,8,23
DPK,DPK,2014,8,25
DPK,DPK,2014,8,27
DPK,DPK,2014,8,28
DPK,DPK,2014,8,30
DPK,DPK,2014,9,1
DPK,DPK,2014,9,3
DPK,DPK,2014,9,4
DPK,DPK,2014,9,6
DPK,DPK,2014,9,10
DPK,DPK,2014,9,11
DPK,DPK,2014,9,13
DPK,DPK,2014,9,17
DPK,DPK,2014,9,18
DPK,DPK,2014,9,20
DPK,DPK,2014,9,24
DPK,DPK,2014,9,25
DPK,DPK,2014,9,27
DPK,DPK,2014,10,1
DPK,DPK,2014,10,2
DPK,DPK,2014,10,4
DPK,DPK,2014,10,8
DPK,DPK,2014,10,9
DPK,DPK,2014,10,11
DPK,DPK,2014,10,15
DPK,DPK,2014,10,16
DPK,DPK,2014,10,18
DPK,DPK,2014,10,22
DPK,DPK,2015,5,16
DPK,DPK,2015,5,18
DPK,DPK,2015,5,20
DPK,DPK,2015,5,23
DPK,DPK,2015,5,25
DPK,DPK,2015,5,27
DPK,DPK,2015,5,30
DPK,DPK,2015,6,1
DPK,DPK,2015,6,2
DPK,DPK,2015,6,3
DPK,DPK,2015,6,6
DPK,DPK,2015,6,8
DPK,DPK,2015,6,9
DPK,DPK,2015,6,10
DPK,DPK,2015,6,13
DPK,DPK,2015,6,15
DPK,DPK,2015,6,16
DPK,DPK,2015,6,17
DPK,DPK,2015,6,20
DPK,DPK,2015,6,22
DPK,DPK,2015,6,23
DPK,DPK,2015,6,24
DPK,DPK,2015,6,27
DPK,DPK,2015,6,29
DPK,DPK,2015,6,30
DPK,DPK,2015,7,1
DPK,DPK,2015,7,4
DPK,DPK,2015,7,6
DPK,DPK,2015,7,7
DPK,DPK,2015,7,8
DPK,DPK,2015,7,11
DPK,DPK,2015,7,13
DPK,DPK,2015,7,14
DPK,DPK,2015,7,15
DPK,DPK,2015,7,18
DPK,DPK,2015,7,20
DPK,DPK,2015,7,21
DPK,DPK,2015,7,22
DPK,DPK,2015,7,25
DPK,DPK,2015,7,27
DPK,DPK,2015,7,28
DPK,DPK,2015,7,29
DPK,DPK,2015,8,1
DPK,DPK,2015,8,3
DPK,DPK,2015,8,4
DPK,DPK,2015,8,5
DPK,DPK,2015,8,8
DPK,DPK,2015,8,10
DPK,DPK,2015,8,11
DPK,DPK,2015,8,12
DPK,DPK,2015,8,15
DPK,DPK,2015,8,17
DPK,DPK,2015,8,18
DPK,DPK,2015,8,19
DPK,DPK,2015,8,22
DPK,DPK,2015,8,24
DPK,DPK,2015,8,25
DPK,DPK,2015,8,26
DPK,DPK,2015,8,29
DPK,DPK,2015,8,31
DPK,DPK,2015,9,1
DPK,DPK,2015,9,2
DPK,DPK,2015,9,5
DPK,DPK,2015,9,7
DPK,DPK,2015,9,9
DPK,DPK,2015,9,12
DPK,DPK,2015,9,14
DPK,DPK,2015,9,16
DPK,DPK,2015,9,19
DPK,DPK,2015,9,21
DPK,DPK,2015,9,23
DPK,DPK,2015,9,26
DPK,DPK,2015,9,28
DPK,DPK,2015,9,30
DPK,DPK,2015,10,3
DPK,DPK,2015,10,5
DPK,DPK,2015,10,7
DPK,DPK,2015,10,10
DPK,DPK,2015,10,12
DPK,DPK,2015,10,14
DPK,DPK,2015,10,17
ELL,ELL,1998,8,14
ELL,ELL,1998,8,15
ELL,ELL,1998,8,17
ELL,ELL,1998,8,19
ELL,ELL,1998,8,21
ELL,ELL,1998,8,22
ELL,ELL,1998,8,23
ELL,ELL,1998,8,24
ELL,ELL,1998,8,27
ELL,ELL,1998,8,28
ELL,ELL,1998,8,29
ELL,ELL,1998,8,30
ELL,ELL,1998,8,31
ELL,ELL,1998,9,2
ELL,ELL,1998,9,3
ELL,ELL,1998,9,4
ELL,ELL,1998,9,5
ELL,ELL,1998,9,6
ELL,ELL,1998,9,7
ELL,ELL,1999,6,28
ELL,ELL,1999,6,30
ELL,ELL,1999,7,1
ELL,ELL,1999,7,2
ELL,ELL,1999,7,3
ELL,ELL,1999,7,4
ELL,ELL,1999,7,5
ELL,ELL,1999,7,7
ELL,ELL,1999,7,8
ELL,ELL,1999,7,9
ELL,ELL,1999,7,10
ELL,ELL,1999,7,11
ELL,ELL,1999,7,14
ELL,ELL,1999,7,16
ELL,ELL,1999,7,18
ELL,ELL,1999,7,21
ELL,ELL,1999,7,22
ELL,ELL,1999,7,23
ELL,ELL,1999,7,24
ELL,ELL,1999,7,25
ELL,ELL,1999,7,26
ELL,ELL,1999,7,28
ELL,ELL,1999,7,29
ELL,ELL,1999,7,30
ELL,ELL,1999,7,31
ELL,ELL,1999,8,1
ELL,ELL,1999,8,2
ELL,ELL,1999,8,4
ELL,ELL,1999,8,5
ELL,ELL,1999,8,9
ELL,ELL,1999,8,11
ELL,ELL,1999,8,15
ELL,ELL,1999,8,16
ELL,ELL,1999,8,18
ELL,ELL,1999,8,19
ELL,ELL,1999,8,20
ELL,ELL,1999,8,21
ELL,ELL,1999,8,22
ELL,ELL,1999,8,23
ELL,ELL,1999,8,25
ELL,ELL,1999,8,26
ELL,ELL,1999,8,29
ELL,ELL,1999,8,30
ELL,ELL,1999,9,1
ELL,ELL,1999,9,2
ELL,ELL,1999,9,3
ELL,ELL,1999,9,4
ELL,ELL,1999,9,5
ELL,ELL,1999,9,6
ELL,ELL,2000,7,12
ELL,ELL,2000,7,13
ELL,ELL,2000,7,14
ELL,ELL,2000,7,15
ELL,ELL,2000,7,16
ELL,ELL,2000,7,19
ELL,ELL,2000,7,20
ELL,ELL,2000,7,21
ELL,ELL,2000,7,22
ELL,ELL,2000,7,23
ELL,ELL,2000,7,26
ELL,ELL,2000,7,27
ELL,ELL,2000,7,28
ELL,ELL,2000,7,29
ELL,ELL,2000,7,30
ELL,ELL,2000,8,3
ELL,ELL,2000,8,4
ELL,ELL,2000,8,5
ELL,ELL,2000,8,6
ELL,ELL,2000,8,9
ELL,ELL,2000,8,10
ELL,ELL,2000,8,11
ELL,ELL,2000,8,12
ELL,ELL,2000,8,13
ELL,ELL,2000,8,16
ELL,ELL,2000,8,18
ELL,ELL,2000,8,23
ELL,ELL,2000,8,24
ELL,ELL,2000,8,25
ELL,ELL,2000,8,26
ELL,ELL,2000,8,30
ELL,ELL,2000,8,31
ELL,ELL,2000,9,1
ELL,ELL,2000,9,3
ELL,ELL,2000,9,4
ELL,ELL,2001,7,11
ELL,ELL,2001,7,13
ELL,ELL,2001,7,14
ELL,ELL,2001,7,15
ELL,ELL,2001,7,18
ELL,ELL,2001,7,19
ELL,ELL,2001,7,20
ELL,ELL,2001,7,21
ELL,ELL,2001,7,28
ELL,ELL,2001,8,9
ELL,ELL,2001,8,10
ELL,ELL,2001,8,11
ELL,ELL,2001,8,12
ELL,ELL,2001,8,17
ELL,ELL,2001,8,18
ELL,ELL,2001,8,19
ELL,ELL,2001,8,22
ELL,ELL,2001,8,23
ELL,ELL,2001,8,24
ELL,ELL,2001,8,25
ELL,ELL,2001,8,26
ELL,ELL,2001,8,31
ELL,ELL,2001,9,1
ELL,ELL,2001,9,2
ELL,ELL,2001,9,3
ELL,ELL,2002,7,10
ELL,ELL,2002,7,11
ELL,ELL,2002,7,12
ELL,ELL,2002,7,13
ELL,ELL,2002,7,14
ELL,ELL,2002,7,17
ELL,ELL,2002,7,18
ELL,ELL,2002,7,19
ELL,ELL,2002,7,20
ELL,ELL,2002,7,21
ELL,ELL,2002,7,24
ELL,ELL,2002,7,25
ELL,ELL,2002,7,26
ELL,ELL,2002,7,27
ELL,ELL,2002,7,28
ELL,ELL,2002,7,31
ELL,ELL,2002,8,1
ELL,ELL,2002,8,2
ELL,ELL,2002,8,3
ELL,ELL,2002,8,4
ELL,ELL,2002,8,7
ELL,ELL,2002,8,8
ELL,ELL,2002,8,9
ELL,ELL,2002,8,10
ELL,ELL,2002,8,11
ELL,ELL,2002,8,14
ELL,ELL,2002,8,15
ELL,ELL,2002,8,16
ELL,ELL,2002,8,17
ELL,ELL,2002,8,18
ELL,ELL,2002,8,21
ELL,ELL,2002,8,22
ELL,ELL,2002,8,23
ELL,ELL,2002,8,24
ELL,ELL,2002,8,25
ELL,ELL,2002,8,28
ELL,ELL,2002,8,29
ELL,ELL,2002,8,30
ELL,ELL,2002,8,31
ELL,ELL,2002,9,1
ELL,ELL,2002,9,2
ELL,ELL,2003,7,9
ELL,ELL,2003,7,10
ELL,ELL,2003,7,11
ELL,ELL,2003,7,12
ELL,ELL,2003,7,13
ELL,ELL,2003,7,16
ELL,ELL,2003,7,17
ELL,ELL,2003,7,18
ELL,ELL,2003,7,19
ELL,ELL,2003,7,20
ELL,ELL,2003,7,23
ELL,ELL,2003,7,24
ELL,ELL,2003,7,25
ELL,ELL,2003,7,26
ELL,ELL,2003,7,27
ELL,ELL,2003,7,30
ELL,ELL,2003,7,31
ELL,ELL,2003,8,1
ELL,ELL,2003,8,2
ELL,ELL,2003,8,3
ELL,ELL,2003,8,6
ELL,ELL,2003,8,7
ELL,ELL,2003,8,8
ELL,ELL,2003,8,9
ELL,ELL,2003,8,10
ELL,ELL,2003,8,13
ELL,ELL,2003,8,14
ELL,ELL,2003,8,15
ELL,ELL,2003,8,16
ELL,ELL,2003,8,17
ELL,ELL,2003,8,20
ELL,ELL,2003,8,21
ELL,ELL,2003,8,22
ELL,ELL,2003,8,23
ELL,ELL,2003,8,24
ELL,ELL,2003,8,27
ELL,ELL,2003,8,28
ELL,ELL,2003,8,29
ELL,ELL,2003,8,30
ELL,ELL,2003,8,31
ELL,ELL,2003,9,1
ELL,ELL,2004,7,7
ELL,ELL,2004,7,8
ELL,ELL,2004,7,9
ELL,ELL,2004,7,10
ELL,ELL,2004,7,11
ELL,ELL,2004,7,12
ELL,ELL,2004,7,14
ELL,ELL,2004,7,15
ELL,ELL,2004,7,16
ELL,ELL,2004,7,17
ELL,ELL,2004,7,18
ELL,ELL,2004,7,19
ELL,ELL,2004,7,21
ELL,ELL,2004,7,22
ELL,ELL,2004,7,23
ELL,ELL,2004,7,24
ELL,ELL,2004,7,25
ELL,ELL,2004,7,26
ELL,ELL,2004,7,28
ELL,ELL,2004,7,29
ELL,ELL,2004,7,30
ELL,ELL,2004,7,31
ELL,ELL,2004,8,1
ELL,ELL,2004,8,2
ELL,ELL,2004,8,4
ELL,ELL,2004,8,5
ELL,ELL,2004,8,6
ELL,ELL,2004,8,7
ELL,ELL,2004,8,8
ELL,ELL,2004,8,9
ELL,ELL,2004,8,11
ELL,ELL,2004,8,12
ELL,ELL,2004,8,13
ELL,ELL,2004,8,14
ELL,ELL,2004,8,15
ELL,ELL,2004,8,16
ELL,ELL,2004,8,18
ELL,ELL,2004,8,19
ELL,ELL,2004,8,20
ELL,ELL,2004,8,21
ELL,ELL,2004,8,22
ELL,ELL,2004,8,23
ELL,ELL,2004,8,25
ELL,ELL,2004,8,26
ELL,ELL,2004,8,27
ELL,ELL,2004,8,28
ELL,ELL,2004,8,29
ELL,ELL,2004,8,30
ELL,ELL,2004,9,1
ELL,ELL,2004,9,2
ELL,ELL,2004,9,3
ELL,ELL,2004,9,4
ELL,ELL,2004,9,5
ELL,ELL,2004,9,6
ELL,ELL,2005,7,13
ELL,ELL,2005,7,14
ELL,ELL,2005,7,15
ELL,ELL,2005,7,16
ELL,ELL,2005,7,17
ELL,ELL,2005,7,20
ELL,ELL,2005,7,21
ELL,ELL,2005,7,22
ELL,ELL,2005,7,23
ELL,ELL,2005,7,24
ELL,ELL,2005,7,27
ELL,ELL,2005,7,28
ELL,ELL,2005,7,29
ELL,ELL,2005,7,30
ELL,ELL,2005,7,31
ELL,ELL,2005,8,3
ELL,ELL,2005,8,4
ELL,ELL,2005,8,5
ELL,ELL,2005,8,6
ELL,ELL,2005,8,7
ELL,ELL,2005,8,10
ELL,ELL,2005,8,11
ELL,ELL,2005,8,12
ELL,ELL,2005,8,13
ELL,ELL,2005,8,14
ELL,ELL,2005,8,17
ELL,ELL,2005,8,18
ELL,ELL,2005,8,19
ELL,ELL,2005,8,20
ELL,ELL,2005,8,21
ELL,ELL,2005,8,24
ELL,ELL,2005,8,25
ELL,ELL,2005,8,26
ELL,ELL,2005,8,27
ELL,ELL,2005,8,28
ELL,ELL,2005,8,31
ELL,ELL,2005,9,1
ELL,ELL,2005,9,2
ELL,ELL,2005,9,3
ELL,ELL,2005,9,4
ELL,ELL,2005,9,5
ELL,ELL,2006,7,19
ELL,ELL,2006,7,20
ELL,ELL,2006,7,21
ELL,ELL,2006,7,22
ELL,ELL,2006,7,23
ELL,ELL,2006,7,26
ELL,ELL,2006,7,27
ELL,ELL,2006,7,28
ELL,ELL,2006,7,29
ELL,ELL,2006,7,30
ELL,ELL,2006,8,2
ELL,ELL,2006,8,3
ELL,ELL,2006,8,4
ELL,ELL,2006,8,5
ELL,ELL,2006,8,6
ELL,ELL,2006,8,9
ELL,ELL,2006,8,10
ELL,ELL,2006,8,11
ELL,ELL,2006,8,12
ELL,ELL,2006,8,13
ELL,ELL,2006,8,16
ELL,ELL,2006,8,17
ELL,ELL,2006,8,18
ELL,ELL,2006,8,19
ELL,ELL,2006,8,20
ELL,ELL,2006,8,23
ELL,ELL,2006,8,24
ELL,ELL,2006,8,25
ELL,ELL,2006,8,26
ELL,ELL,2006,8,27
ELL,ELL,2006,8,30
ELL,ELL,2006,8,31
ELL,ELL,2006,9,1
ELL,ELL,2006,9,2
ELL,ELL,2006,9,3
ELL,ELL,2006,9,4
ELL,ELL,2007,7,4
ELL,ELL,2007,7,5
ELL,ELL,2007,7,6
ELL,ELL,2007,7,7
ELL,ELL,2007,7,8
ELL,ELL,2007,7,11
ELL,ELL,2007,7,12
ELL,ELL,2007,7,13
ELL,ELL,2007,7,14
ELL,ELL,2007,7,15
ELL,ELL,2007,7,18
ELL,ELL,2007,7,19
ELL,ELL,2007,7,20
ELL,ELL,2007,7,21
ELL,ELL,2007,7,22
ELL,ELL,2007,7,25
ELL,ELL,2007,7,26
ELL,ELL,2007,7,27
ELL,ELL,2007,7,28
ELL,ELL,2007,7,29
ELL,ELL,2007,8,1
ELL,ELL,2007,8,2
ELL,ELL,2007,8,3
ELL,ELL,2007,8,4
ELL,ELL,2007,8,5
ELL,ELL,2007,8,8
ELL,ELL,2007,8,9
ELL,ELL,2007,8,10
ELL,ELL,2007,8,11
ELL,ELL,2007,8,12
ELL,ELL,2007,8,15
ELL,ELL,2007,8,16
ELL,ELL,2007,8,17
ELL,ELL,2007,8,18
ELL,ELL,2007,8,19
ELL,ELL,2007,8,22
ELL,ELL,2007,8,23
ELL,ELL,2007,8,24
ELL,ELL,2007,8,25
ELL,ELL,2007,8,26
ELL,ELL,2007,8,29
ELL,ELL,2007,8,30
ELL,ELL,2007,8,31
ELL,ELL,2007,9,1
ELL,ELL,2007,9,2
ELL,ELL,2007,9,3
ELL,ELL,2008,7,11
ELL,ELL,2008,7,12
ELL,ELL,2008,7,13
ELL,ELL,2008,7,16
ELL,ELL,2008,7,17
ELL,ELL,2008,7,18
ELL,ELL,2008,7,19
ELL,ELL,2008,7,20
ELL,ELL,2008,7,23
ELL,ELL,2008,7,24
ELL,ELL,2008,7,25
ELL,ELL,2008,7,26
ELL,ELL,2008,7,27
ELL,ELL,2008,7,30
ELL,ELL,2008,7,31
ELL,ELL,2008,8,1
ELL,ELL,2008,8,2
ELL,ELL,2008,8,3
ELL,ELL,2008,8,6
ELL,ELL,2008,8,7
ELL,ELL,2008,8,8
ELL,ELL,2008,8,9
ELL,ELL,2008,8,10
ELL,ELL,2008,8,13
ELL,ELL,2008,8,14
ELL,ELL,2008,8,15
ELL,ELL,2008,8,16
ELL,ELL,2008,8,17
ELL,ELL,2008,8,20
ELL,ELL,2008,8,21
ELL,ELL,2008,8,22
ELL,ELL,2008,8,23
ELL,ELL,2008,8,24
ELL,ELL,2008,8,27
ELL,ELL,2008,8,28
ELL,ELL,2008,8,29
ELL,ELL,2008,8,30
ELL,ELL,2008,8,31
ELL,ELL,2008,9,1
ELL,ELL,2009,7,11
ELL,ELL,2009,7,12
ELL,ELL,2009,7,16
ELL,ELL,2009,7,17
ELL,ELL,2009,7,18
ELL,ELL,2009,7,19
ELL,ELL,2009,7,23
ELL,ELL,2009,7,24
ELL,ELL,2009,7,25
ELL,ELL,2009,7,26
ELL,ELL,2009,8,1
ELL,ELL,2009,8,2
ELL,ELL,2009,8,7
ELL,ELL,2009,8,8
ELL,ELL,2009,8,9
ELL,ELL,2009,8,14
ELL,ELL,2009,8,15
ELL,ELL,2009,8,16
ELL,ELL,2009,8,21
ELL,ELL,2009,8,22
ELL,ELL,2009,8,23
ELL,ELL,2009,8,28
ELL,ELL,2009,8,29
ELL,ELL,2009,8,30
ELL,ELL,2009,9,4
ELL,ELL,2009,9,5
ELL,ELL,2009,9,6
ELL,ELL,2009,9,7
ELL,ELL,2010,7,10
ELL,ELL,2010,7,11
ELL,ELL,2010,7,16
ELL,ELL,2010,7,17
ELL,ELL,2010,7,18
ELL,ELL,2010,7,23
ELL,ELL,2010,7,24
ELL,ELL,2010,7,25
ELL,ELL,2010,7,30
ELL,ELL,2010,7,31
ELL,ELL,2010,8,1
ELL,ELL,2010,8,6
ELL,ELL,2010,8,7
ELL,ELL,2010,8,8
ELL,ELL,2010,8,13
ELL,ELL,2010,8,14
ELL,ELL,2010,8,15
ELL,ELL,2010,8,20
ELL,ELL,2010,8,21
ELL,ELL,2010,8,22
ELL,ELL,2010,8,27
ELL,ELL,2010,8,28
ELL,ELL,2010,8,29
ELL,ELL,2010,9,3
ELL,ELL,2010,9,4
ELL,ELL,2010,9,5
ELL,ELL,2010,9,6
ELL,ELL,2011,7,2
ELL,ELL,2011,7,3
ELL,ELL,2011,7,4
ELL,ELL,2011,7,8
ELL,ELL,2011,7,9
ELL,ELL,2011,7,10
ELL,ELL,2011,7,15
ELL,ELL,2011,7,16
ELL,ELL,2011,7,17
ELL,ELL,2011,7,22
ELL,ELL,2011,7,23
ELL,ELL,2011,7,24
ELL,ELL,2011,7,29
ELL,ELL,2011,7,30
ELL,ELL,2011,7,31
ELL,ELL,2011,8,5
ELL,ELL,2011,8,6
ELL,ELL,2011,8,7
ELL,ELL,2011,8,12
ELL,ELL,2011,8,13
ELL,ELL,2011,8,14
ELL,ELL,2011,8,19
ELL,ELL,2011,8,20
ELL,ELL,2011,8,21
ELL,ELL,2011,8,26
ELL,ELL,2011,8,27
ELL,ELL,2011,8,28
ELL,ELL,2011,9,2
ELL,ELL,2011,9,3
ELL,ELL,2011,9,4
ELL,ELL,2011,9,5
ELL,ELL,2012,7,4
ELL,ELL,2012,7,6
ELL,ELL,2012,7,7
ELL,ELL,2012,7,8
ELL,ELL,2012,7,13
ELL,ELL,2012,7,14
ELL,ELL,2012,7,15
ELL,ELL,2012,7,20
ELL,ELL,2012,7,21
ELL,ELL,2012,7,22
ELL,ELL,2012,7,27
ELL,ELL,2012,7,28
ELL,ELL,2012,7,29
ELL,ELL,2012,8,3
ELL,ELL,2012,8,4
ELL,ELL,2012,8,5
ELL,ELL,2012,8,10
ELL,ELL,2012,8,11
ELL,ELL,2012,8,12
ELL,ELL,2012,8,17
ELL,ELL,2012,8,18
ELL,ELL,2012,8,19
ELL,ELL,2012,8,24
ELL,ELL,2012,8,25
ELL,ELL,2012,8,26
ELL,ELL,2012,8,31
ELL,ELL,2012,9,1
ELL,ELL,2012,9,2
ELL,ELL,2012,9,3
ELL,ELL,2013,7,4
ELL,ELL,2013,7,5
ELL,ELL,2013,7,6
ELL,ELL,2013,7,7
ELL,ELL,2013,7,12
ELL,ELL,2013,7,13
ELL,ELL,2013,7,14
ELL,ELL,2013,7,19
ELL,ELL,2013,7,20
ELL,ELL,2013,7,21
ELL,ELL,2013,7,26
ELL,ELL,2013,7,27
ELL,ELL,2013,7,28
ELL,ELL,2013,8,2
ELL,ELL,2013,8,3
ELL,ELL,2013,8,4
ELL,ELL,2013,8,9
ELL,ELL,2013,8,10
ELL,ELL,2013,8,11
ELL,ELL,2013,8,16
ELL,ELL,2013,8,17
ELL,ELL,2013,8,18
ELL,ELL,2013,8,23
ELL,ELL,2013,8,24
ELL,ELL,2013,8,25
ELL,ELL,2013,8,30
ELL,ELL,2013,8,31
ELL,ELL,2013,9,1
ELL,ELL,2013,9,2
ELL,ELL,2014,7,3
ELL,ELL,2014,7,4
ELL,ELL,2014,7,5
ELL,ELL,2014,7,6
ELL,ELL,2014,7,11
ELL,ELL,2014,7,12
ELL,ELL,2014,7,13
ELL,ELL,2014,7,18
ELL,ELL,2014,7,19
ELL,ELL,2014,7,20
ELL,ELL,2014,7,25
ELL,ELL,2014,7,26
ELL,ELL,2014,7,27
ELL,ELL,2014,8,1
ELL,ELL,2014,8,2
ELL,ELL,2014,8,3
ELL,ELL,2014,8,8
ELL,ELL,2014,8,9
ELL,ELL,2014,8,10
ELL,ELL,2014,8,15
ELL,ELL,2014,8,16
ELL,ELL,2014,8,22
ELL,ELL,2014,8,23
ELL,ELL,2014,8,24
ELL,ELL,2014,8,29
ELL,ELL,2014,8,30
ELL,ELL,2014,8,31
ELL,ELL,2014,9,1
ELL,ELL,2015,7,3
ELL,ELL,2015,7,4
ELL,ELL,2015,7,5
ELL,ELL,2015,7,10
ELL,ELL,2015,7,11
ELL,ELL,2015,7,12
ELL,ELL,2015,7,17
ELL,ELL,2015,7,18
ELL,ELL,2015,7,19
ELL,ELL,2015,7,24
ELL,ELL,2015,7,25
ELL,ELL,2015,7,26
ELL,ELL,2015,7,31
ELL,ELL,2015,8,1
ELL,ELL,2015,8,2
ELL,ELL,2015,8,7
ELL,ELL,2015,8,8
ELL,ELL,2015,8,9
ELL,ELL,2015,8,14
ELL,ELL,2015,8,15
ELL,ELL,2015,8,16
ELL,ELL,2015,8,21
ELL,ELL,2015,8,22
ELL,ELL,2015,8,23
ELL,ELL,2015,8,28
ELL,ELL,2015,8,29
ELL,ELL,2015,8,30
ELL,ELL,2015,9,4
ELL,ELL,2015,9,5
ELL,ELL,2015,9,6
ELL,ELL,2015,9,7
EMD,EMD,1998,8,14
EMD,EMD,1998,8,15
EMD,EMD,1998,8,16
EMD,EMD,1998,8,19
EMD,EMD,1998,8,20
EMD,EMD,1998,8,21
EMD,EMD,1998,8,22
EMD,EMD,1998,8,23
EMD,EMD,1998,8,26
EMD,EMD,1998,8,27
EMD,EMD,1998,8,28
EMD,EMD,1998,8,29
EMD,EMD,1998,8,30
EMD,EMD,1998,9,3
EMD,EMD,1998,9,4
EMD,EMD,1998,9,5
EMD,EMD,1998,9,6
EMD,EMD,1998,9,7
EMD,EMD,1998,9,10
EMD,EMD,1998,9,11
EMD,EMD,1998,9,12
EMD,EMD,1998,9,13
EMD,EMD,1998,9,14
EMD,EMD,1999,4,24
EMD,EMD,1999,4,25
EMD,EMD,1999,4,29
EMD,EMD,1999,4,30
EMD,EMD,1999,5,1
EMD,EMD,1999,5,2
EMD,EMD,1999,5,6
EMD,EMD,1999,5,7
EMD,EMD,1999,5,8
EMD,EMD,1999,5,9
EMD,EMD,1999,5,13
EMD,EMD,1999,5,14
EMD,EMD,1999,5,15
EMD,EMD,1999,5,16
EMD,EMD,1999,5,20
EMD,EMD,1999,5,22
EMD,EMD,1999,5,23
EMD,EMD,1999,5,27
EMD,EMD,1999,5,28
EMD,EMD,1999,5,29
EMD,EMD,1999,5,30
EMD,EMD,1999,5,31
EMD,EMD,1999,6,3
EMD,EMD,1999,6,4
EMD,EMD,1999,6,5
EMD,EMD,1999,6,6
EMD,EMD,1999,6,10
EMD,EMD,1999,6,11
EMD,EMD,1999,6,12
EMD,EMD,1999,6,13
EMD,EMD,1999,6,17
EMD,EMD,1999,6,18
EMD,EMD,1999,6,19
EMD,EMD,1999,6,24
EMD,EMD,1999,6,25
EMD,EMD,1999,6,26
EMD,EMD,1999,7,1
EMD,EMD,1999,7,2
EMD,EMD,1999,7,3
EMD,EMD,1999,7,4
EMD,EMD,1999,7,5
EMD,EMD,1999,7,8
EMD,EMD,1999,7,9
EMD,EMD,1999,7,10
EMD,EMD,1999,7,11
EMD,EMD,1999,7,14
EMD,EMD,1999,7,16
EMD,EMD,1999,7,18
EMD,EMD,1999,7,21
EMD,EMD,1999,7,22
EMD,EMD,1999,7,23
EMD,EMD,1999,7,24
EMD,EMD,1999,7,25
EMD,EMD,1999,7,28
EMD,EMD,1999,7,29
EMD,EMD,1999,7,30
EMD,EMD,1999,7,31
EMD,EMD,1999,8,1
EMD,EMD,1999,8,4
EMD,EMD,1999,8,5
EMD,EMD,1999,8,8
EMD,EMD,1999,8,11
EMD,EMD,1999,8,15
EMD,EMD,1999,8,18
EMD,EMD,1999,8,19
EMD,EMD,1999,8,20
EMD,EMD,1999,8,21
EMD,EMD,1999,8,22
EMD,EMD,1999,8,25
EMD,EMD,1999,8,26
EMD,EMD,1999,8,29
EMD,EMD,1999,9,2
EMD,EMD,1999,9,3
EMD,EMD,1999,9,4
EMD,EMD,1999,9,5
EMD,EMD,1999,9,6
EMD,EMD,1999,9,9
EMD,EMD,1999,9,10
EMD,EMD,1999,9,11
EMD,EMD,1999,9,12
EMD,EMD,1999,9,16
EMD,EMD,1999,9,18
EMD,EMD,1999,9,19
EMD,EMD,1999,9,20
EMD,EMD,2000,4,15
EMD,EMD,2000,4,16
EMD,EMD,2000,4,20
EMD,EMD,2000,4,21
EMD,EMD,2000,4,22
EMD,EMD,2000,4,23
EMD,EMD,2000,4,27
EMD,EMD,2000,4,28
EMD,EMD,2000,4,29
EMD,EMD,2000,4,30
EMD,EMD,2000,5,4
EMD,EMD,2000,5,5
EMD,EMD,2000,5,6
EMD,EMD,2000,5,7
EMD,EMD,2000,5,11
EMD,EMD,2000,5,14
EMD,EMD,2000,5,18
EMD,EMD,2000,5,20
EMD,EMD,2000,5,21
EMD,EMD,2000,5,25
EMD,EMD,2000,5,26
EMD,EMD,2000,5,27
EMD,EMD,2000,5,28
EMD,EMD,2000,5,29
EMD,EMD,2000,6,1
EMD,EMD,2000,6,2
EMD,EMD,2000,6,3
EMD,EMD,2000,6,4
EMD,EMD,2000,6,8
EMD,EMD,2000,6,9
EMD,EMD,2000,6,10
EMD,EMD,2000,6,11
EMD,EMD,2000,7,7
EMD,EMD,2000,7,8
EMD,EMD,2000,7,13
EMD,EMD,2000,7,14
EMD,EMD,2000,7,15
EMD,EMD,2000,7,16
EMD,EMD,2000,7,19
EMD,EMD,2000,7,20
EMD,EMD,2000,7,21
EMD,EMD,2000,7,22
EMD,EMD,2000,7,23
EMD,EMD,2000,7,26
EMD,EMD,2000,7,27
EMD,EMD,2000,7,28
EMD,EMD,2000,7,29
EMD,EMD,2000,7,30
EMD,EMD,2000,8,2
EMD,EMD,2000,8,3
EMD,EMD,2000,8,4
EMD,EMD,2000,8,5
EMD,EMD,2000,8,6
EMD,EMD,2000,8,9
EMD,EMD,2000,8,10
EMD,EMD,2000,8,12
EMD,EMD,2000,8,13
EMD,EMD,2000,8,16
EMD,EMD,2000,8,17
EMD,EMD,2000,8,18
EMD,EMD,2000,8,23
EMD,EMD,2000,8,25
EMD,EMD,2000,8,26
EMD,EMD,2000,8,31
EMD,EMD,2000,9,1
EMD,EMD,2000,9,2
EMD,EMD,2000,9,3
EMD,EMD,2000,9,4
EMD,EMD,2000,9,7
EMD,EMD,2000,9,8
EMD,EMD,2000,9,9
EMD,EMD,2000,9,10
EMD,EMD,2001,4,20
EMD,EMD,2001,4,21
EMD,EMD,2001,4,22
EMD,EMD,2001,4,26
EMD,EMD,2001,4,29
EMD,EMD,2001,5,3
EMD,EMD,2001,5,4
EMD,EMD,2001,5,5
EMD,EMD,2001,5,6
EMD,EMD,2001,5,10
EMD,EMD,2001,5,11
EMD,EMD,2001,5,12
EMD,EMD,2001,5,13
EMD,EMD,2001,5,17
EMD,EMD,2001,5,18
EMD,EMD,2001,5,19
EMD,EMD,2001,5,20
EMD,EMD,2001,5,24
EMD,EMD,2001,5,25
EMD,EMD,2001,5,26
EMD,EMD,2001,5,27
EMD,EMD,2001,5,28
EMD,EMD,2001,5,31
EMD,EMD,2001,6,1
EMD,EMD,2001,6,2
EMD,EMD,2001,6,3
EMD,EMD,2001,6,7
EMD,EMD,2001,6,8
EMD,EMD,2001,6,14
EMD,EMD,2001,6,15
EMD,EMD,2001,6,16
EMD,EMD,2001,6,17
EMD,EMD,2001,6,21
EMD,EMD,2001,6,22
EMD,EMD,2001,6,24
EMD,EMD,2001,6,28
EMD,EMD,2001,6,30
EMD,EMD,2001,7,1
EMD,EMD,2001,7,4
EMD,EMD,2001,7,7
EMD,EMD,2001,7,8
EMD,EMD,2001,7,13
EMD,EMD,2001,7,15
EMD,EMD,2001,7,19
EMD,EMD,2001,7,20
EMD,EMD,2001,7,21
EMD,EMD,2001,7,28
EMD,EMD,2001,8,9
EMD,EMD,2001,8,10
EMD,EMD,2001,8,11
EMD,EMD,2001,8,12
EMD,EMD,2001,8,17
EMD,EMD,2001,8,18
EMD,EMD,2001,8,19
EMD,EMD,2001,8,23
EMD,EMD,2001,8,24
EMD,EMD,2001,8,25
EMD,EMD,2001,8,26
EMD,EMD,2001,8,31
EMD,EMD,2001,9,1
EMD,EMD,2001,9,2
EMD,EMD,2001,9,3
EMD,EMD,2001,9,6
EMD,EMD,2001,9,7
EMD,EMD,2001,9,8
EMD,EMD,2001,9,9
EMD,EMD,2001,9,13
EMD,EMD,2001,9,14
EMD,EMD,2001,9,15
EMD,EMD,2001,9,16
EMD,EMD,2001,9,17
EMD,EMD,2002,4,19
EMD,EMD,2002,4,21
EMD,EMD,2002,4,25
EMD,EMD,2002,4,26
EMD,EMD,2002,4,28
EMD,EMD,2002,5,16
EMD,EMD,2002,5,17
EMD,EMD,2002,5,18
EMD,EMD,2002,5,19
EMD,EMD,2002,5,23
EMD,EMD,2002,5,24
EMD,EMD,2002,5,26
EMD,EMD,2002,5,27
EMD,EMD,2002,5,30
EMD,EMD,2002,5,31
EMD,EMD,2002,6,1
EMD,EMD,2002,6,2
EMD,EMD,2002,6,6
EMD,EMD,2002,6,7
EMD,EMD,2002,6,8
EMD,EMD,2002,6,9
EMD,EMD,2002,6,13
EMD,EMD,2002,6,14
EMD,EMD,2002,6,15
EMD,EMD,2002,6,16
EMD,EMD,2002,6,21
EMD,EMD,2002,6,22
EMD,EMD,2002,6,23
EMD,EMD,2002,6,27
EMD,EMD,2002,6,28
EMD,EMD,2002,6,29
EMD,EMD,2002,6,30
EMD,EMD,2002,7,3
EMD,EMD,2002,7,4
EMD,EMD,2002,7,5
EMD,EMD,2002,7,6
EMD,EMD,2002,7,7
EMD,EMD,2002,7,11
EMD,EMD,2002,7,12
EMD,EMD,2002,7,13
EMD,EMD,2002,7,14
EMD,EMD,2002,7,18
EMD,EMD,2002,7,19
EMD,EMD,2002,7,20
EMD,EMD,2002,7,21
EMD,EMD,2002,7,25
EMD,EMD,2002,7,26
EMD,EMD,2002,7,27
EMD,EMD,2002,7,28
EMD,EMD,2002,8,1
EMD,EMD,2002,8,2
EMD,EMD,2002,8,3
EMD,EMD,2002,8,4
EMD,EMD,2002,8,8
EMD,EMD,2002,8,9
EMD,EMD,2002,8,10
EMD,EMD,2002,8,11
EMD,EMD,2002,8,15
EMD,EMD,2002,8,16
EMD,EMD,2002,8,17
EMD,EMD,2002,8,18
EMD,EMD,2002,8,22
EMD,EMD,2002,8,23
EMD,EMD,2002,8,24
EMD,EMD,2002,8,25
EMD,EMD,2002,8,29
EMD,EMD,2002,8,30
EMD,EMD,2002,8,31
EMD,EMD,2002,9,1
EMD,EMD,2002,9,2
EMD,EMD,2002,9,5
EMD,EMD,2002,9,6
EMD,EMD,2002,9,7
EMD,EMD,2002,9,8
EMD,EMD,2002,9,12
EMD,EMD,2002,9,13
EMD,EMD,2002,9,14
EMD,EMD,2002,9,15
EMD,EMD,2002,9,16
EMD,EMD,2003,4,19
EMD,EMD,2003,4,20
EMD,EMD,2003,4,24
EMD,EMD,2003,4,25
EMD,EMD,2003,4,26
EMD,EMD,2003,4,27
EMD,EMD,2003,5,1
EMD,EMD,2003,5,2
EMD,EMD,2003,5,3
EMD,EMD,2003,5,4
EMD,EMD,2003,5,8
EMD,EMD,2003,5,9
EMD,EMD,2003,5,10
EMD,EMD,2003,5,11
EMD,EMD,2003,5,15
EMD,EMD,2003,5,16
EMD,EMD,2003,5,17
EMD,EMD,2003,5,18
EMD,EMD,2003,5,22
EMD,EMD,2003,5,23
EMD,EMD,2003,5,24
EMD,EMD,2003,5,25
EMD,EMD,2003,5,26
EMD,EMD,2003,5,29
EMD,EMD,2003,5,30
EMD,EMD,2003,5,31
EMD,EMD,2003,6,1
EMD,EMD,2003,6,5
EMD,EMD,2003,6,6
EMD,EMD,2003,6,7
EMD,EMD,2003,6,8
EMD,EMD,2003,6,12
EMD,EMD,2003,6,13
EMD,EMD,2003,6,14
EMD,EMD,2003,6,15
EMD,EMD,2003,6,19
EMD,EMD,2003,6,20
EMD,EMD,2003,6,21
EMD,EMD,2003,6,22
EMD,EMD,2003,6,26
EMD,EMD,2003,6,27
EMD,EMD,2003,6,28
EMD,EMD,2003,6,29
EMD,EMD,2003,7,3
EMD,EMD,2003,7,4
EMD,EMD,2003,7,5
EMD,EMD,2003,7,6
EMD,EMD,2003,7,10
EMD,EMD,2003,7,11
EMD,EMD,2003,7,12
EMD,EMD,2003,7,13
EMD,EMD,2003,7,17
EMD,EMD,2003,7,18
EMD,EMD,2003,7,19
EMD,EMD,2003,7,20
EMD,EMD,2003,7,24
EMD,EMD,2003,7,25
EMD,EMD,2003,7,26
EMD,EMD,2003,7,27
EMD,EMD,2003,7,31
EMD,EMD,2003,8,1
EMD,EMD,2003,8,2
EMD,EMD,2003,8,3
EMD,EMD,2003,8,7
EMD,EMD,2003,8,8
EMD,EMD,2003,8,9
EMD,EMD,2003,8,10
EMD,EMD,2003,8,14
EMD,EMD,2003,8,15
EMD,EMD,2003,8,16
EMD,EMD,2003,8,17
EMD,EMD,2003,8,21
EMD,EMD,2003,8,22
EMD,EMD,2003,8,23
EMD,EMD,2003,8,24
EMD,EMD,2003,8,29
EMD,EMD,2003,8,30
EMD,EMD,2003,8,31
EMD,EMD,2003,9,1
EMD,EMD,2003,9,4
EMD,EMD,2003,9,5
EMD,EMD,2003,9,6
EMD,EMD,2003,9,7
EMD,EMD,2003,9,11
EMD,EMD,2003,9,12
EMD,EMD,2003,9,13
EMD,EMD,2003,9,14
EMD,EMD,2003,9,18
EMD,EMD,2003,9,19
EMD,EMD,2003,9,20
EMD,EMD,2003,9,21
EMD,EMD,2003,9,22
EMD,EMD,2004,4,16
EMD,EMD,2004,4,17
EMD,EMD,2004,4,18
EMD,EMD,2004,4,23
EMD,EMD,2004,4,24
EMD,EMD,2004,4,25
EMD,EMD,2004,4,30
EMD,EMD,2004,5,1
EMD,EMD,2004,5,2
EMD,EMD,2004,5,7
EMD,EMD,2004,5,8
EMD,EMD,2004,5,9
EMD,EMD,2004,5,13
EMD,EMD,2004,5,14
EMD,EMD,2004,5,15
EMD,EMD,2004,5,16
EMD,EMD,2004,5,20
EMD,EMD,2004,5,21
EMD,EMD,2004,5,22
EMD,EMD,2004,5,23
EMD,EMD,2004,5,28
EMD,EMD,2004,5,29
EMD,EMD,2004,5,30
EMD,EMD,2004,5,31
EMD,EMD,2004,6,3
EMD,EMD,2004,6,4
EMD,EMD,2004,6,5
EMD,EMD,2004,6,6
EMD,EMD,2004,6,10
EMD,EMD,2004,6,11
EMD,EMD,2004,6,12
EMD,EMD,2004,6,13
EMD,EMD,2004,6,17
EMD,EMD,2004,6,18
EMD,EMD,2004,6,19
EMD,EMD,2004,6,20
EMD,EMD,2004,6,24
EMD,EMD,2004,6,25
EMD,EMD,2004,6,26
EMD,EMD,2004,6,27
EMD,EMD,2004,7,1
EMD,EMD,2004,7,2
EMD,EMD,2004,7,3
EMD,EMD,2004,7,4
EMD,EMD,2004,7,5
EMD,EMD,2004,7,8
EMD,EMD,2004,7,9
EMD,EMD,2004,7,10
EMD,EMD,2004,7,11
EMD,EMD,2004,7,15
EMD,EMD,2004,7,16
EMD,EMD,2004,7,17
EMD,EMD,2004,7,18
EMD,EMD,2004,7,22
EMD,EMD,2004,7,23
EMD,EMD,2004,7,24
EMD,EMD,2004,7,25
EMD,EMD,2004,7,29
EMD,EMD,2004,7,30
EMD,EMD,2004,7,31
EMD,EMD,2004,8,1
EMD,EMD,2004,8,5
EMD,EMD,2004,8,6
EMD,EMD,2004,8,7
EMD,EMD,2004,8,8
EMD,EMD,2004,8,12
EMD,EMD,2004,8,13
EMD,EMD,2004,8,14
EMD,EMD,2004,8,15
EMD,EMD,2004,8,19
EMD,EMD,2004,8,20
EMD,EMD,2004,8,21
EMD,EMD,2004,8,22
EMD,EMD,2004,8,26
EMD,EMD,2004,8,27
EMD,EMD,2004,8,28
EMD,EMD,2004,8,29
EMD,EMD,2004,9,3
EMD,EMD,2004,9,4
EMD,EMD,2004,9,5
EMD,EMD,2004,9,6
EMD,EMD,2004,9,9
EMD,EMD,2004,9,10
EMD,EMD,2004,9,11
EMD,EMD,2004,9,12
EMD,EMD,2004,9,16
EMD,EMD,2004,9,17
EMD,EMD,2004,9,18
EMD,EMD,2004,9,19
EMD,EMD,2004,9,20
EMD,EMD,2005,4,15
EMD,EMD,2005,4,16
EMD,EMD,2005,4,17
EMD,EMD,2005,4,22
EMD,EMD,2005,4,23
EMD,EMD,2005,4,24
EMD,EMD,2005,4,29
EMD,EMD,2005,4,30
EMD,EMD,2005,5,1
EMD,EMD,2005,5,6
EMD,EMD,2005,5,7
EMD,EMD,2005,5,8
EMD,EMD,2005,5,13
EMD,EMD,2005,5,14
EMD,EMD,2005,5,15
EMD,EMD,2005,5,20
EMD,EMD,2005,5,21
EMD,EMD,2005,5,22
EMD,EMD,2005,5,27
EMD,EMD,2005,5,28
EMD,EMD,2005,5,29
EMD,EMD,2005,5,30
EMD,EMD,2005,6,2
EMD,EMD,2005,6,3
EMD,EMD,2005,6,4
EMD,EMD,2005,6,5
EMD,EMD,2005,6,9
EMD,EMD,2005,6,10
EMD,EMD,2005,6,11
EMD,EMD,2005,6,12
EMD,EMD,2005,6,16
EMD,EMD,2005,6,17
EMD,EMD,2005,6,18
EMD,EMD,2005,6,19
EMD,EMD,2005,6,23
EMD,EMD,2005,6,24
EMD,EMD,2005,6,25
EMD,EMD,2005,6,26
EMD,EMD,2005,7,1
EMD,EMD,2005,7,2
EMD,EMD,2005,7,3
EMD,EMD,2005,7,4
EMD,EMD,2005,7,7
EMD,EMD,2005,7,8
EMD,EMD,2005,7,9
EMD,EMD,2005,7,10
EMD,EMD,2005,7,14
EMD,EMD,2005,7,15
EMD,EMD,2005,7,16
EMD,EMD,2005,7,17
EMD,EMD,2005,7,21
EMD,EMD,2005,7,22
EMD,EMD,2005,7,23
EMD,EMD,2005,7,24
EMD,EMD,2005,7,28
EMD,EMD,2005,7,29
EMD,EMD,2005,7,30
EMD,EMD,2005,7,31
EMD,EMD,2005,8,4
EMD,EMD,2005,8,5
EMD,EMD,2005,8,6
EMD,EMD,2005,8,7
EMD,EMD,2005,8,11
EMD,EMD,2005,8,12
EMD,EMD,2005,8,13
EMD,EMD,2005,8,14
EMD,EMD,2005,8,18
EMD,EMD,2005,8,19
EMD,EMD,2005,8,20
EMD,EMD,2005,8,21
EMD,EMD,2005,8,25
EMD,EMD,2005,8,26
EMD,EMD,2005,8,27
EMD,EMD,2005,8,28
EMD,EMD,2005,9,2
EMD,EMD,2005,9,3
EMD,EMD,2005,9,4
EMD,EMD,2005,9,5
EMD,EMD,2005,9,9
EMD,EMD,2005,9,10
EMD,EMD,2005,9,11
EMD,EMD,2005,9,12
EMD,EMD,2005,9,16
EMD,EMD,2005,9,17
EMD,EMD,2005,9,18
EMD,EMD,2005,9,19
EMD,EMD,2005,9,23
EMD,EMD,2005,9,24
EMD,EMD,2005,9,25
EMD,EMD,2005,9,26
EMD,EMD,2005,9,30
EMD,EMD,2005,10,1
EMD,EMD,2005,10,2
EMD,EMD,2005,10,3
EMD,EMD,2005,10,7
EMD,EMD,2005,10,8
EMD,EMD,2005,10,9
EMD,EMD,2005,10,10
EMD,EMD,2005,10,14
EMD,EMD,2005,10,15
EMD,EMD,2005,10,16
EMD,EMD,2006,4,21
EMD,EMD,2006,4,22
EMD,EMD,2006,4,23
EMD,EMD,2006,4,28
EMD,EMD,2006,4,30
EMD,EMD,2006,5,5
EMD,EMD,2006,5,6
EMD,EMD,2006,5,7
EMD,EMD,2006,5,12
EMD,EMD,2006,5,13
EMD,EMD,2006,5,14
EMD,EMD,2006,5,19
EMD,EMD,2006,5,20
EMD,EMD,2006,5,21
EMD,EMD,2006,5,26
EMD,EMD,2006,5,27
EMD,EMD,2006,5,28
EMD,EMD,2006,5,29
EMD,EMD,2006,6,1
EMD,EMD,2006,6,2
EMD,EMD,2006,6,3
EMD,EMD,2006,6,4
EMD,EMD,2006,6,8
EMD,EMD,2006,6,9
EMD,EMD,2006,6,10
EMD,EMD,2006,6,11
EMD,EMD,2006,6,15
EMD,EMD,2006,6,16
EMD,EMD,2006,6,17
EMD,EMD,2006,6,18
EMD,EMD,2006,6,22
EMD,EMD,2006,6,23
EMD,EMD,2006,6,24
EMD,EMD,2006,6,25
EMD,EMD,2006,6,30
EMD,EMD,2006,7,1
EMD,EMD,2006,7,2
EMD,EMD,2006,7,3
EMD,EMD,2006,7,4
EMD,EMD,2006,7,7
EMD,EMD,2006,7,8
EMD,EMD,2006,7,9
EMD,EMD,2006,7,13
EMD,EMD,2006,7,14
EMD,EMD,2006,7,15
EMD,EMD,2006,7,16
EMD,EMD,2006,7,20
EMD,EMD,2006,7,21
EMD,EMD,2006,7,22
EMD,EMD,2006,7,23
EMD,EMD,2006,7,27
EMD,EMD,2006,7,28
EMD,EMD,2006,7,29
EMD,EMD,2006,7,30
EMD,EMD,2006,8,3
EMD,EMD,2006,8,4
EMD,EMD,2006,8,5
EMD,EMD,2006,8,6
EMD,EMD,2006,8,10
EMD,EMD,2006,8,11
EMD,EMD,2006,8,12
EMD,EMD,2006,8,13
EMD,EMD,2006,8,17
EMD,EMD,2006,8,18
EMD,EMD,2006,8,19
EMD,EMD,2006,8,20
EMD,EMD,2006,8,24
EMD,EMD,2006,8,25
EMD,EMD,2006,8,26
EMD,EMD,2006,8,27
EMD,EMD,2006,9,1
EMD,EMD,2006,9,2
EMD,EMD,2006,9,3
EMD,EMD,2006,9,4
EMD,EMD,2006,9,7
EMD,EMD,2006,9,8
EMD,EMD,2006,9,9
EMD,EMD,2006,9,10
EMD,EMD,2006,9,14
EMD,EMD,2006,9,15
EMD,EMD,2006,9,16
EMD,EMD,2006,9,17
EMD,EMD,2006,9,21
EMD,EMD,2006,9,22
EMD,EMD,2006,9,23
EMD,EMD,2006,9,24
EMD,EMD,2006,9,28
EMD,EMD,2006,9,29
EMD,EMD,2006,9,30
EMD,EMD,2006,10,1
EMD,EMD,2007,4,20
EMD,EMD,2007,4,21
EMD,EMD,2007,4,22
EMD,EMD,2007,4,27
EMD,EMD,2007,4,28
EMD,EMD,2007,4,29
EMD,EMD,2007,5,4
EMD,EMD,2007,5,5
EMD,EMD,2007,5,6
EMD,EMD,2007,5,11
EMD,EMD,2007,5,12
EMD,EMD,2007,5,13
EMD,EMD,2007,5,18
EMD,EMD,2007,5,19
EMD,EMD,2007,5,20
EMD,EMD,2007,5,25
EMD,EMD,2007,5,26
EMD,EMD,2007,5,27
EMD,EMD,2007,5,28
EMD,EMD,2007,5,31
EMD,EMD,2007,6,1
EMD,EMD,2007,6,2
EMD,EMD,2007,6,3
EMD,EMD,2007,6,7
EMD,EMD,2007,6,8
EMD,EMD,2007,6,9
EMD,EMD,2007,6,10
EMD,EMD,2007,6,14
EMD,EMD,2007,6,15
EMD,EMD,2007,6,16
EMD,EMD,2007,6,17
EMD,EMD,2007,6,21
EMD,EMD,2007,6,22
EMD,EMD,2007,6,23
EMD,EMD,2007,6,24
EMD,EMD,2007,6,28
EMD,EMD,2007,6,29
EMD,EMD,2007,6,30
EMD,EMD,2007,7,1
EMD,EMD,2007,7,4
EMD,EMD,2007,7,6
EMD,EMD,2007,7,7
EMD,EMD,2007,7,8
EMD,EMD,2007,7,12
EMD,EMD,2007,7,13
EMD,EMD,2007,7,14
EMD,EMD,2007,7,15
EMD,EMD,2007,7,19
EMD,EMD,2007,7,20
EMD,EMD,2007,7,21
EMD,EMD,2007,7,22
EMD,EMD,2007,7,26
EMD,EMD,2007,7,27
EMD,EMD,2007,7,28
EMD,EMD,2007,7,29
EMD,EMD,2007,8,2
EMD,EMD,2007,8,3
EMD,EMD,2007,8,4
EMD,EMD,2007,8,5
EMD,EMD,2007,8,9
EMD,EMD,2007,8,10
EMD,EMD,2007,8,11
EMD,EMD,2007,8,12
EMD,EMD,2007,8,16
EMD,EMD,2007,8,17
EMD,EMD,2007,8,18
EMD,EMD,2007,8,19
EMD,EMD,2007,8,23
EMD,EMD,2007,8,24
EMD,EMD,2007,8,25
EMD,EMD,2007,8,26
EMD,EMD,2007,8,31
EMD,EMD,2007,9,1
EMD,EMD,2007,9,2
EMD,EMD,2007,9,3
EMD,EMD,2007,9,6
EMD,EMD,2007,9,7
EMD,EMD,2007,9,8
EMD,EMD,2007,9,9
EMD,EMD,2007,9,13
EMD,EMD,2007,9,14
EMD,EMD,2007,9,15
EMD,EMD,2007,9,16
EMD,EMD,2007,9,20
EMD,EMD,2007,9,21
EMD,EMD,2007,9,22
EMD,EMD,2007,9,23
EMD,EMD,2007,9,27
EMD,EMD,2007,9,28
EMD,EMD,2007,9,29
EMD,EMD,2007,9,30
EMD,EMD,2008,4,18
EMD,EMD,2008,4,19
EMD,EMD,2008,4,20
EMD,EMD,2008,4,25
EMD,EMD,2008,4,26
EMD,EMD,2008,4,27
EMD,EMD,2008,5,2
EMD,EMD,2008,5,3
EMD,EMD,2008,5,4
EMD,EMD,2008,5,9
EMD,EMD,2008,5,10
EMD,EMD,2008,5,11
EMD,EMD,2008,5,16
EMD,EMD,2008,5,17
EMD,EMD,2008,5,18
EMD,EMD,2008,5,23
EMD,EMD,2008,5,24
EMD,EMD,2008,5,25
EMD,EMD,2008,5,26
EMD,EMD,2008,5,29
EMD,EMD,2008,5,30
EMD,EMD,2008,5,31
EMD,EMD,2008,6,1
EMD,EMD,2008,6,5
EMD,EMD,2008,6,6
EMD,EMD,2008,6,7
EMD,EMD,2008,6,8
EMD,EMD,2008,6,12
EMD,EMD,2008,6,13
EMD,EMD,2008,6,14
EMD,EMD,2008,6,15
EMD,EMD,2008,6,19
EMD,EMD,2008,6,20
EMD,EMD,2008,6,21
EMD,EMD,2008,6,22
EMD,EMD,2008,6,26
EMD,EMD,2008,6,27
EMD,EMD,2008,6,28
EMD,EMD,2008,6,29
EMD,EMD,2008,7,3
EMD,EMD,2008,7,4
EMD,EMD,2008,7,5
EMD,EMD,2008,7,6
EMD,EMD,2008,7,10
EMD,EMD,2008,7,11
EMD,EMD,2008,7,12
EMD,EMD,2008,7,13
EMD,EMD,2008,7,17
EMD,EMD,2008,7,18
EMD,EMD,2008,7,19
EMD,EMD,2008,7,20
EMD,EMD,2008,7,24
EMD,EMD,2008,7,25
EMD,EMD,2008,7,26
EMD,EMD,2008,7,27
EMD,EMD,2008,7,31
EMD,EMD,2008,8,1
EMD,EMD,2008,8,2
EMD,EMD,2008,8,3
EMD,EMD,2008,8,7
EMD,EMD,2008,8,8
EMD,EMD,2008,8,9
EMD,EMD,2008,8,10
EMD,EMD,2008,8,14
EMD,EMD,2008,8,15
EMD,EMD,2008,8,16
EMD,EMD,2008,8,17
EMD,EMD,2008,8,21
EMD,EMD,2008,8,22
EMD,EMD,2008,8,23
EMD,EMD,2008,8,24
EMD,EMD,2008,8,29
EMD,EMD,2008,8,30
EMD,EMD,2008,8,31
EMD,EMD,2008,9,1
EMD,EMD,2008,9,4
EMD,EMD,2008,9,5
EMD,EMD,2008,9,6
EMD,EMD,2008,9,7
EMD,EMD,2008,9,11
EMD,EMD,2008,9,12
EMD,EMD,2008,9,13
EMD,EMD,2008,9,14
EMD,EMD,2008,9,18
EMD,EMD,2008,9,19
EMD,EMD,2008,9,20
EMD,EMD,2008,9,21
EMD,EMD,2008,9,25
EMD,EMD,2008,9,26
EMD,EMD,2008,9,27
EMD,EMD,2008,9,28
EMD,EMD,2009,4,17
EMD,EMD,2009,4,18
EMD,EMD,2009,4,19
EMD,EMD,2009,4,24
EMD,EMD,2009,4,25
EMD,EMD,2009,4,26
EMD,EMD,2009,5,1
EMD,EMD,2009,5,2
EMD,EMD,2009,5,3
EMD,EMD,2009,5,8
EMD,EMD,2009,5,9
EMD,EMD,2009,5,10
EMD,EMD,2009,5,15
EMD,EMD,2009,5,16
EMD,EMD,2009,5,17
EMD,EMD,2009,5,22
EMD,EMD,2009,5,23
EMD,EMD,2009,5,24
EMD,EMD,2009,5,25
EMD,EMD,2009,5,28
EMD,EMD,2009,5,29
EMD,EMD,2009,5,30
EMD,EMD,2009,5,31
EMD,EMD,2009,6,4
EMD,EMD,2009,6,5
EMD,EMD,2009,6,6
EMD,EMD,2009,6,7
EMD,EMD,2009,6,11
EMD,EMD,2009,6,12
EMD,EMD,2009,6,13
EMD,EMD,2009,6,14
EMD,EMD,2009,6,18
EMD,EMD,2009,6,19
EMD,EMD,2009,6,20
EMD,EMD,2009,6,21
EMD,EMD,2009,6,25
EMD,EMD,2009,6,26
EMD,EMD,2009,6,27
EMD,EMD,2009,6,28
EMD,EMD,2009,7,2
EMD,EMD,2009,7,3
EMD,EMD,2009,7,4
EMD,EMD,2009,7,5
EMD,EMD,2009,7,9
EMD,EMD,2009,7,10
EMD,EMD,2009,7,11
EMD,EMD,2009,7,12
EMD,EMD,2009,7,16
EMD,EMD,2009,7,17
EMD,EMD,2009,7,18
EMD,EMD,2009,7,19
EMD,EMD,2009,7,23
EMD,EMD,2009,7,24
EMD,EMD,2009,7,25
EMD,EMD,2009,7,26
EMD,EMD,2009,7,30
EMD,EMD,2009,7,31
EMD,EMD,2009,8,1
EMD,EMD,2009,8,2
EMD,EMD,2009,8,6
EMD,EMD,2009,8,7
EMD,EMD,2009,8,8
EMD,EMD,2009,8,9
EMD,EMD,2009,8,13
EMD,EMD,2009,8,14
EMD,EMD,2009,8,15
EMD,EMD,2009,8,16
EMD,EMD,2009,8,20
EMD,EMD,2009,8,21
EMD,EMD,2009,8,22
EMD,EMD,2009,8,23
EMD,EMD,2009,8,27
EMD,EMD,2009,8,28
EMD,EMD,2009,8,29
EMD,EMD,2009,8,30
EMD,EMD,2009,9,4
EMD,EMD,2009,9,5
EMD,EMD,2009,9,6
EMD,EMD,2009,9,7
EMD,EMD,2009,9,10
EMD,EMD,2009,9,11
EMD,EMD,2009,9,12
EMD,EMD,2009,9,13
EMD,EMD,2009,9,17
EMD,EMD,2009,9,18
EMD,EMD,2009,9,19
EMD,EMD,2009,9,20
EMD,EMD,2009,9,24
EMD,EMD,2009,9,25
EMD,EMD,2009,9,26
EMD,EMD,2009,9,27
EMD,EMD,2010,4,9
EMD,EMD,2010,4,10
EMD,EMD,2010,4,11
EMD,EMD,2010,4,16
EMD,EMD,2010,4,17
EMD,EMD,2010,4,18
EMD,EMD,2010,4,23
EMD,EMD,2010,4,24
EMD,EMD,2010,4,25
EMD,EMD,2010,4,30
EMD,EMD,2010,5,1
EMD,EMD,2010,5,2
EMD,EMD,2010,5,7
EMD,EMD,2010,5,8
EMD,EMD,2010,5,9
EMD,EMD,2010,5,14
EMD,EMD,2010,5,15
EMD,EMD,2010,5,16
EMD,EMD,2010,5,21
EMD,EMD,2010,5,22
EMD,EMD,2010,5,23
EMD,EMD,2010,5,28
EMD,EMD,2010,5,29
EMD,EMD,2010,5,30
EMD,EMD,2010,5,31
EMD,EMD,2010,6,4
EMD,EMD,2010,6,5
EMD,EMD,2010,6,6
EMD,EMD,2010,6,10
EMD,EMD,2010,6,11
EMD,EMD,2010,6,12
EMD,EMD,2010,6,13
EMD,EMD,2010,6,17
EMD,EMD,2010,6,18
EMD,EMD,2010,6,19
EMD,EMD,2010,6,20
EMD,EMD,2010,6,24
EMD,EMD,2010,6,25
EMD,EMD,2010,6,26
EMD,EMD,2010,6,27
EMD,EMD,2010,7,1
EMD,EMD,2010,7,2
EMD,EMD,2010,7,3
EMD,EMD,2010,7,4
EMD,EMD,2010,7,8
EMD,EMD,2010,7,9
EMD,EMD,2010,7,10
EMD,EMD,2010,7,11
EMD,EMD,2010,7,15
EMD,EMD,2010,7,16
EMD,EMD,2010,7,17
EMD,EMD,2010,7,18
EMD,EMD,2010,7,22
EMD,EMD,2010,7,23
EMD,EMD,2010,7,24
EMD,EMD,2010,7,25
EMD,EMD,2010,7,29
EMD,EMD,2010,7,30
EMD,EMD,2010,7,31
EMD,EMD,2010,8,1
EMD,EMD,2010,8,5
EMD,EMD,2010,8,6
EMD,EMD,2010,8,7
EMD,EMD,2010,8,8
EMD,EMD,2010,8,12
EMD,EMD,2010,8,13
EMD,EMD,2010,8,14
EMD,EMD,2010,8,15
EMD,EMD,2010,8,19
EMD,EMD,2010,8,20
EMD,EMD,2010,8,21
EMD,EMD,2010,8,22
EMD,EMD,2010,8,26
EMD,EMD,2010,8,27
EMD,EMD,2010,8,28
EMD,EMD,2010,8,29
EMD,EMD,2010,9,3
EMD,EMD,2010,9,4
EMD,EMD,2010,9,5
EMD,EMD,2010,9,6
EMD,EMD,2010,9,10
EMD,EMD,2010,9,11
EMD,EMD,2010,9,12
EMD,EMD,2010,9,17
EMD,EMD,2010,9,18
EMD,EMD,2010,9,19
EMD,EMD,2010,9,22
EMD,EMD,2010,9,24
EMD,EMD,2010,9,25
EMD,EMD,2010,9,26
EMD,EMD,2011,4,15
EMD,EMD,2011,4,16
EMD,EMD,2011,4,17
EMD,EMD,2011,4,22
EMD,EMD,2011,4,23
EMD,EMD,2011,4,24
EMD,EMD,2011,4,29
EMD,EMD,2011,4,30
EMD,EMD,2011,5,1
EMD,EMD,2011,5,6
EMD,EMD,2011,5,7
EMD,EMD,2011,5,8
EMD,EMD,2011,5,13
EMD,EMD,2011,5,14
EMD,EMD,2011,5,15
EMD,EMD,2011,5,20
EMD,EMD,2011,5,21
EMD,EMD,2011,5,22
EMD,EMD,2011,5,27
EMD,EMD,2011,5,28
EMD,EMD,2011,5,29
EMD,EMD,2011,5,30
EMD,EMD,2011,6,3
EMD,EMD,2011,6,4
EMD,EMD,2011,6,5
EMD,EMD,2011,6,10
EMD,EMD,2011,6,11
EMD,EMD,2011,6,12
EMD,EMD,2011,6,17
EMD,EMD,2011,6,18
EMD,EMD,2011,6,19
EMD,EMD,2011,6,24
EMD,EMD,2011,6,25
EMD,EMD,2011,6,26
EMD,EMD,2011,7,1
EMD,EMD,2011,7,2
EMD,EMD,2011,7,3
EMD,EMD,2011,7,4
EMD,EMD,2011,7,8
EMD,EMD,2011,7,9
EMD,EMD,2011,7,10
EMD,EMD,2011,7,14
EMD,EMD,2011,7,15
EMD,EMD,2011,7,16
EMD,EMD,2011,7,17
EMD,EMD,2011,7,21
EMD,EMD,2011,7,22
EMD,EMD,2011,7,23
EMD,EMD,2011,7,24
EMD,EMD,2011,7,28
EMD,EMD,2011,7,29
EMD,EMD,2011,7,30
EMD,EMD,2011,7,31
EMD,EMD,2011,8,4
EMD,EMD,2011,8,5
EMD,EMD,2011,8,6
EMD,EMD,2011,8,7
EMD,EMD,2011,8,11
EMD,EMD,2011,8,12
EMD,EMD,2011,8,13
EMD,EMD,2011,8,14
EMD,EMD,2011,8,18
EMD,EMD,2011,8,19
EMD,EMD,2011,8,20
EMD,EMD,2011,8,21
EMD,EMD,2011,8,25
EMD,EMD,2011,8,26
EMD,EMD,2011,8,27
EMD,EMD,2011,8,28
EMD,EMD,2011,9,2
EMD,EMD,2011,9,3
EMD,EMD,2011,9,4
EMD,EMD,2011,9,5
EMD,EMD,2011,9,9
EMD,EMD,2011,9,10
EMD,EMD,2011,9,11
EMD,EMD,2011,9,16
EMD,EMD,2011,9,17
EMD,EMD,2011,9,18
EMD,EMD,2011,9,23
EMD,EMD,2011,9,24
EMD,EMD,2011,9,25
EMD,EMD,2012,4,13
EMD,EMD,2012,4,14
EMD,EMD,2012,4,15
EMD,EMD,2012,4,20
EMD,EMD,2012,4,21
EMD,EMD,2012,4,22
EMD,EMD,2012,4,27
EMD,EMD,2012,4,28
EMD,EMD,2012,4,29
EMD,EMD,2012,5,4
EMD,EMD,2012,5,5
EMD,EMD,2012,5,6
EMD,EMD,2012,5,11
EMD,EMD,2012,5,12
EMD,EMD,2012,5,13
EMD,EMD,2012,5,18
EMD,EMD,2012,5,19
EMD,EMD,2012,5,20
EMD,EMD,2012,5,25
EMD,EMD,2012,5,26
EMD,EMD,2012,5,27
EMD,EMD,2012,5,28
EMD,EMD,2012,6,1
EMD,EMD,2012,6,2
EMD,EMD,2012,6,3
EMD,EMD,2012,6,8
EMD,EMD,2012,6,9
EMD,EMD,2012,6,10
EMD,EMD,2012,6,15
EMD,EMD,2012,6,16
EMD,EMD,2012,6,17
EMD,EMD,2012,6,22
EMD,EMD,2012,6,23
EMD,EMD,2012,6,24
EMD,EMD,2012,6,29
EMD,EMD,2012,6,30
EMD,EMD,2012,7,1
EMD,EMD,2012,7,3
EMD,EMD,2012,7,6
EMD,EMD,2012,7,7
EMD,EMD,2012,7,8
EMD,EMD,2012,7,13
EMD,EMD,2012,7,14
EMD,EMD,2012,7,15
EMD,EMD,2012,7,19
EMD,EMD,2012,7,20
EMD,EMD,2012,7,21
EMD,EMD,2012,7,22
EMD,EMD,2012,7,26
EMD,EMD,2012,7,27
EMD,EMD,2012,7,28
EMD,EMD,2012,7,29
EMD,EMD,2012,8,2
EMD,EMD,2012,8,3
EMD,EMD,2012,8,4
EMD,EMD,2012,8,5
EMD,EMD,2012,8,9
EMD,EMD,2012,8,10
EMD,EMD,2012,8,11
EMD,EMD,2012,8,12
EMD,EMD,2012,8,16
EMD,EMD,2012,8,17
EMD,EMD,2012,8,18
EMD,EMD,2012,8,19
EMD,EMD,2012,8,23
EMD,EMD,2012,8,24
EMD,EMD,2012,8,25
EMD,EMD,2012,8,26
EMD,EMD,2012,8,31
EMD,EMD,2012,9,1
EMD,EMD,2012,9,2
EMD,EMD,2012,9,3
EMD,EMD,2012,9,7
EMD,EMD,2012,9,8
EMD,EMD,2012,9,9
EMD,EMD,2012,9,14
EMD,EMD,2012,9,15
EMD,EMD,2012,9,16
EMD,EMD,2012,9,21
EMD,EMD,2012,9,22
EMD,EMD,2012,9,23
EMD,EMD,2013,4,19
EMD,EMD,2013,4,20
EMD,EMD,2013,4,21
EMD,EMD,2013,4,26
EMD,EMD,2013,4,27
EMD,EMD,2013,4,28
EMD,EMD,2013,5,3
EMD,EMD,2013,5,4
EMD,EMD,2013,5,5
EMD,EMD,2013,5,10
EMD,EMD,2013,5,11
EMD,EMD,2013,5,12
EMD,EMD,2013,5,17
EMD,EMD,2013,5,18
EMD,EMD,2013,5,19
EMD,EMD,2013,5,24
EMD,EMD,2013,5,25
EMD,EMD,2013,5,26
EMD,EMD,2013,5,27
EMD,EMD,2013,5,31
EMD,EMD,2013,6,1
EMD,EMD,2013,6,2
EMD,EMD,2013,6,7
EMD,EMD,2013,6,8
EMD,EMD,2013,6,9
EMD,EMD,2013,6,14
EMD,EMD,2013,6,15
EMD,EMD,2013,6,16
EMD,EMD,2013,6,21
EMD,EMD,2013,6,22
EMD,EMD,2013,6,23
EMD,EMD,2013,6,28
EMD,EMD,2013,6,29
EMD,EMD,2013,6,30
EMD,EMD,2013,7,3
EMD,EMD,2013,7,4
EMD,EMD,2013,7,6
EMD,EMD,2013,7,7
EMD,EMD,2013,7,12
EMD,EMD,2013,7,13
EMD,EMD,2013,7,14
EMD,EMD,2013,7,19
EMD,EMD,2013,7,20
EMD,EMD,2013,7,21
EMD,EMD,2013,7,26
EMD,EMD,2013,7,27
EMD,EMD,2013,7,28
EMD,EMD,2013,8,2
EMD,EMD,2013,8,3
EMD,EMD,2013,8,4
EMD,EMD,2013,8,9
EMD,EMD,2013,8,10
EMD,EMD,2013,8,11
EMD,EMD,2013,8,16
EMD,EMD,2013,8,17
EMD,EMD,2013,8,18
EMD,EMD,2013,8,23
EMD,EMD,2013,8,24
EMD,EMD,2013,8,25
EMD,EMD,2013,8,30
EMD,EMD,2013,8,31
EMD,EMD,2013,9,1
EMD,EMD,2013,9,2
EMD,EMD,2013,9,6
EMD,EMD,2013,9,7
EMD,EMD,2013,9,8
EMD,EMD,2013,9,13
EMD,EMD,2013,9,14
EMD,EMD,2013,9,15
EMD,EMD,2013,9,20
EMD,EMD,2013,9,21
EMD,EMD,2013,9,22
EMD,EMD,2013,9,27
EMD,EMD,2013,9,28
EMD,EMD,2013,9,29
EMD,EMD,2014,4,12
EMD,EMD,2014,4,13
EMD,EMD,2014,4,19
EMD,EMD,2014,4,20
EMD,EMD,2014,4,26
EMD,EMD,2014,4,27
EMD,EMD,2014,5,2
EMD,EMD,2014,5,3
EMD,EMD,2014,5,4
EMD,EMD,2014,5,9
EMD,EMD,2014,5,10
EMD,EMD,2014,5,11
EMD,EMD,2014,5,16
EMD,EMD,2014,5,17
EMD,EMD,2014,5,18
EMD,EMD,2014,5,24
EMD,EMD,2014,5,25
EMD,EMD,2014,5,26
EMD,EMD,2014,5,30
EMD,EMD,2014,5,31
EMD,EMD,2014,6,1
EMD,EMD,2014,6,6
EMD,EMD,2014,6,7
EMD,EMD,2014,6,8
EMD,EMD,2014,6,13
EMD,EMD,2014,6,14
EMD,EMD,2014,6,15
EMD,EMD,2014,6,20
EMD,EMD,2014,6,21
EMD,EMD,2014,6,22
EMD,EMD,2014,6,27
EMD,EMD,2014,6,28
EMD,EMD,2014,6,29
EMD,EMD,2014,7,3
EMD,EMD,2014,7,4
EMD,EMD,2014,7,5
EMD,EMD,2014,7,6
EMD,EMD,2014,7,11
EMD,EMD,2014,7,12
EMD,EMD,2014,7,13
EMD,EMD,2014,7,18
EMD,EMD,2014,7,19
EMD,EMD,2014,7,20
EMD,EMD,2014,7,25
EMD,EMD,2014,7,26
EMD,EMD,2014,7,27
EMD,EMD,2014,8,1
EMD,EMD,2014,8,2
EMD,EMD,2014,8,3
EMD,EMD,2014,8,8
EMD,EMD,2014,8,9
EMD,EMD,2014,8,10
EMD,EMD,2014,8,15
EMD,EMD,2014,8,16
EMD,EMD,2014,8,17
EMD,EMD,2014,8,22
EMD,EMD,2014,8,23
EMD,EMD,2014,8,24
EMD,EMD,2014,8,30
EMD,EMD,2014,8,31
EMD,EMD,2014,9,1
EMD,EMD,2014,9,5
EMD,EMD,2014,9,6
EMD,EMD,2014,9,7
EMD,EMD,2014,9,12
EMD,EMD,2014,9,13
EMD,EMD,2014,9,14
EMD,EMD,2014,9,19
EMD,EMD,2014,9,20
EMD,EMD,2014,9,21
EMD,EMD,2014,9,26
EMD,EMD,2014,9,27
EMD,EMD,2014,9,28
EMD,EMD,2015,4,18
EMD,EMD,2015,4,19
EMD,EMD,2015,4,25
EMD,EMD,2015,4,26
EMD,EMD,2015,5,1
EMD,EMD,2015,5,2
EMD,EMD,2015,5,3
EMD,EMD,2015,5,8
EMD,EMD,2015,5,9
EMD,EMD,2015,5,10
EMD,EMD,2015,5,15
EMD,EMD,2015,5,16
EMD,EMD,2015,5,17
EMD,EMD,2015,5,23
EMD,EMD,2015,5,24
EMD,EMD,2015,5,25
EMD,EMD,2015,5,29
EMD,EMD,2015,5,30
EMD,EMD,2015,5,31
EMD,EMD,2015,6,5
EMD,EMD,2015,6,6
EMD,EMD,2015,6,7
EMD,EMD,2015,6,12
EMD,EMD,2015,6,13
EMD,EMD,2015,6,14
EMD,EMD,2015,6,19
EMD,EMD,2015,6,20
EMD,EMD,2015,6,21
EMD,EMD,2015,6,26
EMD,EMD,2015,6,27
EMD,EMD,2015,6,28
EMD,EMD,2015,7,3
EMD,EMD,2015,7,4
EMD,EMD,2015,7,5
EMD,EMD,2015,7,10
EMD,EMD,2015,7,11
EMD,EMD,2015,7,12
EMD,EMD,2015,7,17
EMD,EMD,2015,7,18
EMD,EMD,2015,7,19
EMD,EMD,2015,7,24
EMD,EMD,2015,7,25
EMD,EMD,2015,7,26
EMD,EMD,2015,7,31
EMD,EMD,2015,8,1
EMD,EMD,2015,8,2
EMD,EMD,2015,8,7
EMD,EMD,2015,8,8
EMD,EMD,2015,8,9
EMD,EMD,2015,8,14
EMD,EMD,2015,8,15
EMD,EMD,2015,8,16
EMD,EMD,2015,8,21
EMD,EMD,2015,8,22
EMD,EMD,2015,8,23
EMD,EMD,2015,8,28
EMD,EMD,2015,8,29
EMD,EMD,2015,8,30
EMD,EMD,2015,9,5
EMD,EMD,2015,9,6
EMD,EMD,2015,9,7
EMD,EMD,2015,9,11
EMD,EMD,2015,9,12
EMD,EMD,2015,9,13
EMD,EMD,2015,9,18
EMD,EMD,2015,9,19
EMD,EMD,2015,9,20
EMD,EMD,2015,9,25
EMD,EMD,2015,9,26
EMD,EMD,2015,9,27
EVN,EVN,1998,8,14
EVN,EVN,1998,8,15
EVN,EVN,1998,8,17
EVN,EVN,1998,8,20
EVN,EVN,1998,8,21
EVN,EVN,1998,8,22
EVN,EVN,1998,8,24
EVN,EVN,1998,8,27
EVN,EVN,1998,8,28
EVN,EVN,1998,8,29
EVN,EVN,1998,8,31
EVN,EVN,1998,9,3
EVN,EVN,1998,9,4
EVN,EVN,1998,9,5
EVN,EVN,1998,9,7
EVN,EVN,1999,4,17
EVN,EVN,1999,4,19
EVN,EVN,1999,4,22
EVN,EVN,1999,4,23
EVN,EVN,1999,4,24
EVN,EVN,1999,4,29
EVN,EVN,1999,4,30
EVN,EVN,1999,5,1
EVN,EVN,1999,5,3
EVN,EVN,1999,5,6
EVN,EVN,1999,5,7
EVN,EVN,1999,5,8
EVN,EVN,1999,5,13
EVN,EVN,1999,5,14
EVN,EVN,1999,5,15
EVN,EVN,1999,5,17
EVN,EVN,1999,5,20
EVN,EVN,1999,5,22
EVN,EVN,1999,5,24
EVN,EVN,1999,5,27
EVN,EVN,1999,5,28
EVN,EVN,1999,5,29
EVN,EVN,1999,5,31
EVN,EVN,1999,6,3
EVN,EVN,1999,6,4
EVN,EVN,1999,6,5
EVN,EVN,1999,6,7
EVN,EVN,1999,6,10
EVN,EVN,1999,6,11
EVN,EVN,1999,6,12
EVN,EVN,1999,6,14
EVN,EVN,1999,6,17
EVN,EVN,1999,6,18
EVN,EVN,1999,6,19
EVN,EVN,1999,6,24
EVN,EVN,1999,6,25
EVN,EVN,1999,6,26
EVN,EVN,1999,6,28
EVN,EVN,1999,7,1
EVN,EVN,1999,7,2
EVN,EVN,1999,7,3
EVN,EVN,1999,7,5
EVN,EVN,1999,7,8
EVN,EVN,1999,7,9
EVN,EVN,1999,7,10
EVN,EVN,1999,7,16
EVN,EVN,1999,7,17
EVN,EVN,1999,7,22
EVN,EVN,1999,7,23
EVN,EVN,1999,7,24
EVN,EVN,1999,7,26
EVN,EVN,1999,7,29
EVN,EVN,1999,7,30
EVN,EVN,1999,7,31
EVN,EVN,1999,8,2
EVN,EVN,1999,8,5
EVN,EVN,1999,8,9
EVN,EVN,1999,8,14
EVN,EVN,1999,8,16
EVN,EVN,1999,8,19
EVN,EVN,1999,8,20
EVN,EVN,1999,8,21
EVN,EVN,1999,8,23
EVN,EVN,1999,8,26
EVN,EVN,1999,8,30
EVN,EVN,1999,9,2
EVN,EVN,1999,9,3
EVN,EVN,1999,9,4
EVN,EVN,1999,9,6
EVN,EVN,2000,4,15
EVN,EVN,2000,4,17
EVN,EVN,2000,4,20
EVN,EVN,2000,4,21
EVN,EVN,2000,4,22
EVN,EVN,2000,4,24
EVN,EVN,2000,4,27
EVN,EVN,2000,4,28
EVN,EVN,2000,4,29
EVN,EVN,2000,5,1
EVN,EVN,2000,5,4
EVN,EVN,2000,5,5
EVN,EVN,2000,5,6
EVN,EVN,2000,5,8
EVN,EVN,2000,5,11
EVN,EVN,2000,5,13
EVN,EVN,2000,5,15
EVN,EVN,2000,5,18
EVN,EVN,2000,5,19
EVN,EVN,2000,5,20
EVN,EVN,2000,5,22
EVN,EVN,2000,5,25
EVN,EVN,2000,5,26
EVN,EVN,2000,5,27
EVN,EVN,2000,5,29
EVN,EVN,2000,6,1
EVN,EVN,2000,6,2
EVN,EVN,2000,6,3
EVN,EVN,2000,6,5
EVN,EVN,2000,6,8
EVN,EVN,2000,6,9
EVN,EVN,2000,6,10
EVN,EVN,2000,6,12
EVN,EVN,2000,7,7
EVN,EVN,2000,7,8
EVN,EVN,2000,7,10
EVN,EVN,2000,7,13
EVN,EVN,2000,7,14
EVN,EVN,2000,7,15
EVN,EVN,2000,7,17
EVN,EVN,2000,7,20
EVN,EVN,2000,7,21
EVN,EVN,2000,7,22
EVN,EVN,2000,7,24
EVN,EVN,2000,7,27
EVN,EVN,2000,7,28
EVN,EVN,2000,7,29
EVN,EVN,2000,7,31
EVN,EVN,2000,8,3
EVN,EVN,2000,8,4
EVN,EVN,2000,8,5
EVN,EVN,2000,8,7
EVN,EVN,2000,8,10
EVN,EVN,2000,8,11
EVN,EVN,2000,8,12
EVN,EVN,2000,8,14
EVN,EVN,2000,8,17
EVN,EVN,2000,8,18
EVN,EVN,2000,8,21
EVN,EVN,2000,8,25
EVN,EVN,2000,8,26
EVN,EVN,2000,8,28
EVN,EVN,2000,8,31
EVN,EVN,2000,9,1
EVN,EVN,2000,9,2
EVN,EVN,2000,9,4
EVN,EVN,2001,4,14
EVN,EVN,2001,4,18
EVN,EVN,2001,4,19
EVN,EVN,2001,4,20
EVN,EVN,2001,4,21
EVN,EVN,2001,4,26
EVN,EVN,2001,5,2
EVN,EVN,2001,5,3
EVN,EVN,2001,5,4
EVN,EVN,2001,5,5
EVN,EVN,2001,5,9
EVN,EVN,2001,5,10
EVN,EVN,2001,5,11
EVN,EVN,2001,5,12
EVN,EVN,2001,5,17
EVN,EVN,2001,5,18
EVN,EVN,2001,5,19
EVN,EVN,2001,5,23
EVN,EVN,2001,5,24
EVN,EVN,2001,5,25
EVN,EVN,2001,5,26
EVN,EVN,2001,5,30
EVN,EVN,2001,5,31
EVN,EVN,2001,6,1
EVN,EVN,2001,6,2
EVN,EVN,2001,6,6
EVN,EVN,2001,6,7
EVN,EVN,2001,6,8
EVN,EVN,2001,6,13
EVN,EVN,2001,6,14
EVN,EVN,2001,6,15
EVN,EVN,2001,6,16
EVN,EVN,2001,6,20
EVN,EVN,2001,6,21
EVN,EVN,2001,6,22
EVN,EVN,2001,6,23
EVN,EVN,2001,6,27
EVN,EVN,2001,6,28
EVN,EVN,2001,6,30
EVN,EVN,2001,7,3
EVN,EVN,2001,7,7
EVN,EVN,2001,7,11
EVN,EVN,2001,7,13
EVN,EVN,2001,7,14
EVN,EVN,2001,7,18
EVN,EVN,2001,7,19
EVN,EVN,2001,7,20
EVN,EVN,2001,7,21
EVN,EVN,2001,7,28
EVN,EVN,2001,8,9
EVN,EVN,2001,8,10
EVN,EVN,2001,8,11
EVN,EVN,2001,8,17
EVN,EVN,2001,8,18
EVN,EVN,2001,8,22
EVN,EVN,2001,8,23
EVN,EVN,2001,8,24
EVN,EVN,2001,8,25
EVN,EVN,2001,8,31
EVN,EVN,2001,9,1
EVN,EVN,2001,9,3
EVN,EVN,2002,4,13
EVN,EVN,2002,4,15
EVN,EVN,2002,4,18
EVN,EVN,2002,4,19
EVN,EVN,2002,4,22
EVN,EVN,2002,4,25
EVN,EVN,2002,4,26
EVN,EVN,2002,4,27
EVN,EVN,2002,5,16
EVN,EVN,2002,5,17
EVN,EVN,2002,5,18
EVN,EVN,2002,5,20
EVN,EVN,2002,5,23
EVN,EVN,2002,5,24
EVN,EVN,2002,5,25
EVN,EVN,2002,5,27
EVN,EVN,2002,5,30
EVN,EVN,2002,5,31
EVN,EVN,2002,6,1
EVN,EVN,2002,6,3
EVN,EVN,2002,6,6
EVN,EVN,2002,6,7
EVN,EVN,2002,6,8
EVN,EVN,2002,6,10
EVN,EVN,2002,6,13
EVN,EVN,2002,6,14
EVN,EVN,2002,6,15
EVN,EVN,2002,6,17
EVN,EVN,2002,6,21
EVN,EVN,2002,6,22
EVN,EVN,2002,6,24
EVN,EVN,2002,6,27
EVN,EVN,2002,6,28
EVN,EVN,2002,6,29
EVN,EVN,2002,7,1
EVN,EVN,2002,7,4
EVN,EVN,2002,7,5
EVN,EVN,2002,7,6
EVN,EVN,2002,7,8
EVN,EVN,2002,7,11
EVN,EVN,2002,7,12
EVN,EVN,2002,7,13
EVN,EVN,2002,7,15
EVN,EVN,2002,7,18
EVN,EVN,2002,7,19
EVN,EVN,2002,7,20
EVN,EVN,2002,7,22
EVN,EVN,2002,7,25
EVN,EVN,2002,7,26
EVN,EVN,2002,7,27
EVN,EVN,2002,7,29
EVN,EVN,2002,8,1
EVN,EVN,2002,8,2
EVN,EVN,2002,8,3
EVN,EVN,2002,8,5
EVN,EVN,2002,8,8
EVN,EVN,2002,8,9
EVN,EVN,2002,8,10
EVN,EVN,2002,8,12
EVN,EVN,2002,8,15
EVN,EVN,2002,8,16
EVN,EVN,2002,8,17
EVN,EVN,2002,8,19
EVN,EVN,2002,8,22
EVN,EVN,2002,8,23
EVN,EVN,2002,8,24
EVN,EVN,2002,8,26
EVN,EVN,2002,8,29
EVN,EVN,2002,8,30
EVN,EVN,2002,8,31
EVN,EVN,2002,9,2
EVN,EVN,2003,4,4
EVN,EVN,2003,4,5
EVN,EVN,2003,4,7
EVN,EVN,2003,4,10
EVN,EVN,2003,4,11
EVN,EVN,2003,4,12
EVN,EVN,2003,4,14
EVN,EVN,2003,4,17
EVN,EVN,2003,4,18
EVN,EVN,2003,4,19
EVN,EVN,2003,4,21
EVN,EVN,2003,4,24
EVN,EVN,2003,4,25
EVN,EVN,2003,4,26
EVN,EVN,2003,4,28
EVN,EVN,2003,5,1
EVN,EVN,2003,5,2
EVN,EVN,2003,5,3
EVN,EVN,2003,5,5
EVN,EVN,2003,5,8
EVN,EVN,2003,5,9
EVN,EVN,2003,5,10
EVN,EVN,2003,5,12
EVN,EVN,2003,5,15
EVN,EVN,2003,5,16
EVN,EVN,2003,5,17
EVN,EVN,2003,5,19
EVN,EVN,2003,5,22
EVN,EVN,2003,5,23
EVN,EVN,2003,5,24
EVN,EVN,2003,5,26
EVN,EVN,2003,5,29
EVN,EVN,2003,5,30
EVN,EVN,2003,5,31
EVN,EVN,2003,6,2
EVN,EVN,2003,6,5
EVN,EVN,2003,6,6
EVN,EVN,2003,6,7
EVN,EVN,2003,6,9
EVN,EVN,2003,6,12
EVN,EVN,2003,6,13
EVN,EVN,2003,6,14
EVN,EVN,2003,6,16
EVN,EVN,2003,6,19
EVN,EVN,2003,6,20
EVN,EVN,2003,6,21
EVN,EVN,2003,6,23
EVN,EVN,2003,6,26
EVN,EVN,2003,6,27
EVN,EVN,2003,6,28
EVN,EVN,2003,6,30
EVN,EVN,2003,7,3
EVN,EVN,2003,7,4
EVN,EVN,2003,7,5
EVN,EVN,2003,7,7
EVN,EVN,2003,7,10
EVN,EVN,2003,7,11
EVN,EVN,2003,7,12
EVN,EVN,2003,7,14
EVN,EVN,2003,7,17
EVN,EVN,2003,7,18
EVN,EVN,2003,7,19
EVN,EVN,2003,7,21
EVN,EVN,2003,7,24
EVN,EVN,2003,7,25
EVN,EVN,2003,7,26
EVN,EVN,2003,7,28
EVN,EVN,2003,7,31
EVN,EVN,2003,8,1
EVN,EVN,2003,8,2
EVN,EVN,2003,8,4
EVN,EVN,2003,8,7
EVN,EVN,2003,8,8
EVN,EVN,2003,8,9
EVN,EVN,2003,8,11
EVN,EVN,2003,8,14
EVN,EVN,2003,8,15
EVN,EVN,2003,8,16
EVN,EVN,2003,8,18
EVN,EVN,2003,8,21
EVN,EVN,2003,8,22
EVN,EVN,2003,8,23
EVN,EVN,2003,8,25
EVN,EVN,2003,8,28
EVN,EVN,2003,8,29
EVN,EVN,2003,8,30
EVN,EVN,2003,9,1
EVN,EVN,2004,4,1
EVN,EVN,2004,4,2
EVN,EVN,2004,4,3
EVN,EVN,2004,4,5
EVN,EVN,2004,4,8
EVN,EVN,2004,4,9
EVN,EVN,2004,4,10
EVN,EVN,2004,4,12
EVN,EVN,2004,4,15
EVN,EVN,2004,4,16
EVN,EVN,2004,4,17
EVN,EVN,2004,4,19
EVN,EVN,2004,4,22
EVN,EVN,2004,4,23
EVN,EVN,2004,4,24
EVN,EVN,2004,4,26
EVN,EVN,2004,4,29
EVN,EVN,2004,4,30
EVN,EVN,2004,5,1
EVN,EVN,2004,5,3
EVN,EVN,2004,5,6
EVN,EVN,2004,5,7
EVN,EVN,2004,5,8
EVN,EVN,2004,5,10
EVN,EVN,2004,5,13
EVN,EVN,2004,5,14
EVN,EVN,2004,5,15
EVN,EVN,2004,5,17
EVN,EVN,2004,5,20
EVN,EVN,2004,5,21
EVN,EVN,2004,5,22
EVN,EVN,2004,5,24
EVN,EVN,2004,5,27
EVN,EVN,2004,5,28
EVN,EVN,2004,5,29
EVN,EVN,2004,5,31
EVN,EVN,2004,6,3
EVN,EVN,2004,6,4
EVN,EVN,2004,6,5
EVN,EVN,2004,6,7
EVN,EVN,2004,6,10
EVN,EVN,2004,6,11
EVN,EVN,2004,6,12
EVN,EVN,2004,6,14
EVN,EVN,2004,6,17
EVN,EVN,2004,6,18
EVN,EVN,2004,6,19
EVN,EVN,2004,6,21
EVN,EVN,2004,6,24
EVN,EVN,2004,6,25
EVN,EVN,2004,6,26
EVN,EVN,2004,6,28
EVN,EVN,2004,7,1
EVN,EVN,2004,7,2
EVN,EVN,2004,7,3
EVN,EVN,2004,7,5
EVN,EVN,2004,7,8
EVN,EVN,2004,7,9
EVN,EVN,2004,7,10
EVN,EVN,2004,7,12
EVN,EVN,2004,7,15
EVN,EVN,2004,7,16
EVN,EVN,2004,7,17
EVN,EVN,2004,7,19
EVN,EVN,2004,7,22
EVN,EVN,2004,7,23
EVN,EVN,2004,7,24
EVN,EVN,2004,7,26
EVN,EVN,2004,7,29
EVN,EVN,2004,7,30
EVN,EVN,2004,7,31
EVN,EVN,2004,8,2
EVN,EVN,2004,8,5
EVN,EVN,2004,8,6
EVN,EVN,2004,8,7
EVN,EVN,2004,8,9
EVN,EVN,2004,8,12
EVN,EVN,2004,8,13
EVN,EVN,2004,8,14
EVN,EVN,2004,8,16
EVN,EVN,2004,8,19
EVN,EVN,2004,8,20
EVN,EVN,2004,8,21
EVN,EVN,2004,8,22
EVN,EVN,2004,8,23
EVN,EVN,2004,8,26
EVN,EVN,2004,8,27
EVN,EVN,2004,8,28
EVN,EVN,2004,8,30
EVN,EVN,2004,9,2
EVN,EVN,2004,9,3
EVN,EVN,2004,9,4
EVN,EVN,2004,9,6
EVN,EVN,2004,9,23
EVN,EVN,2004,9,24
EVN,EVN,2004,9,25
EVN,EVN,2004,9,26
EVN,EVN,2004,9,30
EVN,EVN,2004,10,1
EVN,EVN,2004,10,2
EVN,EVN,2004,10,3
EVN,EVN,2004,10,7
EVN,EVN,2004,10,8
EVN,EVN,2004,10,9
EVN,EVN,2004,10,10
EVN,EVN,2004,10,14
EVN,EVN,2004,10,15
EVN,EVN,2004,10,16
EVN,EVN,2004,10,17
EVN,EVN,2004,10,21
EVN,EVN,2004,10,22
EVN,EVN,2004,10,23
EVN,EVN,2004,10,24
EVN,EVN,2004,10,28
EVN,EVN,2004,10,29
EVN,EVN,2004,10,30
EVN,EVN,2004,10,31
EVN,EVN,2005,2,5
EVN,EVN,2005,2,24
EVN,EVN,2005,2,25
EVN,EVN,2005,2,26
EVN,EVN,2005,2,27
EVN,EVN,2005,3,3
EVN,EVN,2005,3,4
EVN,EVN,2005,3,5
EVN,EVN,2005,3,6
EVN,EVN,2005,3,10
EVN,EVN,2005,3,11
EVN,EVN,2005,3,12
EVN,EVN,2005,3,13
EVN,EVN,2005,3,18
EVN,EVN,2005,3,19
EVN,EVN,2005,3,20
EVN,EVN,2005,3,24
EVN,EVN,2005,3,25
EVN,EVN,2005,3,26
EVN,EVN,2005,3,27
EVN,EVN,2005,4,7
EVN,EVN,2005,4,8
EVN,EVN,2005,4,9
EVN,EVN,2005,4,14
EVN,EVN,2005,4,15
EVN,EVN,2005,4,16
EVN,EVN,2005,4,18
EVN,EVN,2005,4,21
EVN,EVN,2005,4,22
EVN,EVN,2005,4,23
EVN,EVN,2005,4,25
EVN,EVN,2005,4,28
EVN,EVN,2005,4,29
EVN,EVN,2005,4,30
EVN,EVN,2005,5,2
EVN,EVN,2005,5,5
EVN,EVN,2005,5,6
EVN,EVN,2005,5,7
EVN,EVN,2005,5,9
EVN,EVN,2005,5,12
EVN,EVN,2005,6,29
EVN,EVN,2005,6,30
EVN,EVN,2005,7,1
EVN,EVN,2005,7,2
EVN,EVN,2005,7,4
EVN,EVN,2005,7,6
EVN,EVN,2005,7,7
EVN,EVN,2005,7,8
EVN,EVN,2005,7,9
EVN,EVN,2005,7,11
EVN,EVN,2005,7,13
EVN,EVN,2005,7,14
EVN,EVN,2005,7,15
EVN,EVN,2005,7,16
EVN,EVN,2005,7,18
EVN,EVN,2005,7,20
EVN,EVN,2005,7,21
EVN,EVN,2005,7,22
EVN,EVN,2005,7,23
EVN,EVN,2005,7,25
EVN,EVN,2005,7,27
EVN,EVN,2005,7,28
EVN,EVN,2005,7,29
EVN,EVN,2005,7,30
EVN,EVN,2005,8,1
EVN,EVN,2005,8,3
EVN,EVN,2005,8,4
EVN,EVN,2005,8,5
EVN,EVN,2005,8,6
EVN,EVN,2005,8,8
EVN,EVN,2005,8,10
EVN,EVN,2005,8,11
EVN,EVN,2005,8,12
EVN,EVN,2005,8,13
EVN,EVN,2005,8,15
EVN,EVN,2005,8,17
EVN,EVN,2005,8,18
EVN,EVN,2005,8,19
EVN,EVN,2005,8,20
EVN,EVN,2005,8,22
EVN,EVN,2005,8,24
EVN,EVN,2005,8,25
EVN,EVN,2005,8,26
EVN,EVN,2005,8,27
EVN,EVN,2005,8,29
EVN,EVN,2005,8,31
EVN,EVN,2005,9,1
EVN,EVN,2005,9,2
EVN,EVN,2005,9,3
EVN,EVN,2005,9,4
EVN,EVN,2005,9,5
EVN,EVN,2005,9,7
EVN,EVN,2005,9,8
EVN,EVN,2005,9,9
EVN,EVN,2005,9,10
EVN,EVN,2005,9,11
EVN,EVN,2005,9,12
EVN,EVN,2005,9,14
EVN,EVN,2005,9,15
EVN,EVN,2005,9,16
EVN,EVN,2005,9,17
EVN,EVN,2005,9,19
EVN,EVN,2005,9,21
EVN,EVN,2005,9,22
EVN,EVN,2005,10,1
EVN,EVN,2005,10,2
EVN,EVN,2005,10,6
EVN,EVN,2005,10,7
EVN,EVN,2005,10,8
EVN,EVN,2005,10,9
EVN,EVN,2005,10,10
EVN,EVN,2005,10,13
EVN,EVN,2005,10,14
EVN,EVN,2005,10,15
EVN,EVN,2005,10,16
EVN,EVN,2005,10,20
EVN,EVN,2005,10,21
EVN,EVN,2005,10,22
EVN,EVN,2005,10,23
EVN,EVN,2005,10,27
EVN,EVN,2005,10,28
EVN,EVN,2005,10,29
EVN,EVN,2005,10,30
EVN,EVN,2005,10,31
EVN,EVN,2005,11,1
EVN,EVN,2005,11,2
EVN,EVN,2005,11,5
EVN,EVN,2005,11,6
EVN,EVN,2005,11,7
EVN,EVN,2005,11,8
EVN,EVN,2005,11,9
EVN,EVN,2005,11,12
EVN,EVN,2005,11,13
EVN,EVN,2005,11,14
EVN,EVN,2005,11,15
EVN,EVN,2005,11,16
EVN,EVN,2005,11,19
EVN,EVN,2005,11,20
EVN,EVN,2005,11,21
EVN,EVN,2005,11,22
EVN,EVN,2005,12,1
EVN,EVN,2005,12,2
EVN,EVN,2005,12,3
EVN,EVN,2005,12,4
EVN,EVN,2005,12,8
EVN,EVN,2005,12,9
EVN,EVN,2005,12,10
EVN,EVN,2005,12,11
EVN,EVN,2005,12,15
EVN,EVN,2005,12,16
EVN,EVN,2005,12,17
EVN,EVN,2005,12,18
EVN,EVN,2005,12,22
EVN,EVN,2005,12,23
EVN,EVN,2005,12,29
EVN,EVN,2005,12,30
EVN,EVN,2005,12,31
EVN,EVN,2006,1,1
EVN,EVN,2006,1,5
EVN,EVN,2006,1,6
EVN,EVN,2006,1,7
EVN,EVN,2006,1,8
EVN,EVN,2006,1,12
EVN,EVN,2006,1,13
EVN,EVN,2006,1,14
EVN,EVN,2006,1,15
EVN,EVN,2006,1,18
EVN,EVN,2006,1,19
EVN,EVN,2006,1,20
EVN,EVN,2006,1,21
EVN,EVN,2006,1,25
EVN,EVN,2006,1,26
EVN,EVN,2006,1,27
EVN,EVN,2006,1,28
EVN,EVN,2006,2,1
EVN,EVN,2006,2,2
EVN,EVN,2006,2,3
EVN,EVN,2006,2,4
EVN,EVN,2006,2,8
EVN,EVN,2006,2,9
EVN,EVN,2006,2,10
EVN,EVN,2006,2,11
EVN,EVN,2006,2,15
EVN,EVN,2006,2,16
EVN,EVN,2006,2,17
EVN,EVN,2006,2,18
EVN,EVN,2006,2,22
EVN,EVN,2006,2,23
EVN,EVN,2006,2,24
EVN,EVN,2006,2,25
EVN,EVN,2006,2,28
EVN,EVN,2006,3,1
EVN,EVN,2006,3,2
EVN,EVN,2006,3,3
EVN,EVN,2006,3,4
EVN,EVN,2006,3,8
EVN,EVN,2006,3,9
EVN,EVN,2006,3,10
EVN,EVN,2006,3,11
EVN,EVN,2006,3,15
EVN,EVN,2006,3,16
EVN,EVN,2006,3,17
EVN,EVN,2006,3,18
EVN,EVN,2006,3,22
EVN,EVN,2006,3,23
EVN,EVN,2006,3,24
EVN,EVN,2006,3,25
EVN,EVN,2006,3,29
EVN,EVN,2006,3,30
EVN,EVN,2006,3,31
EVN,EVN,2006,4,1
EVN,EVN,2006,4,5
EVN,EVN,2006,4,6
EVN,EVN,2006,4,7
EVN,EVN,2006,4,8
EVN,EVN,2006,4,12
EVN,EVN,2006,4,13
EVN,EVN,2006,4,14
EVN,EVN,2006,4,15
EVN,EVN,2006,4,19
EVN,EVN,2006,4,20
EVN,EVN,2006,4,21
EVN,EVN,2006,4,22
EVN,EVN,2006,4,26
EVN,EVN,2006,4,27
EVN,EVN,2006,4,28
EVN,EVN,2006,4,29
EVN,EVN,2006,5,3
EVN,EVN,2006,5,4
EVN,EVN,2006,5,5
EVN,EVN,2006,5,6
EVN,EVN,2006,5,10
EVN,EVN,2006,5,11
EVN,EVN,2006,5,12
EVN,EVN,2006,5,13
EVN,EVN,2006,5,17
EVN,EVN,2006,5,18
EVN,EVN,2006,5,19
EVN,EVN,2006,5,20
EVN,EVN,2006,5,24
EVN,EVN,2006,5,25
EVN,EVN,2006,5,26
EVN,EVN,2006,5,27
EVN,EVN,2006,5,31
EVN,EVN,2006,6,1
EVN,EVN,2006,6,2
EVN,EVN,2006,6,3
EVN,EVN,2006,6,7
EVN,EVN,2006,6,8
EVN,EVN,2006,6,9
EVN,EVN,2006,6,10
EVN,EVN,2006,6,14
EVN,EVN,2006,6,15
EVN,EVN,2006,6,16
EVN,EVN,2006,6,17
EVN,EVN,2006,6,21
EVN,EVN,2006,6,22
EVN,EVN,2006,6,23
EVN,EVN,2006,6,24
EVN,EVN,2006,6,28
EVN,EVN,2006,6,29
EVN,EVN,2006,6,30
EVN,EVN,2006,7,1
EVN,EVN,2006,7,5
EVN,EVN,2006,7,6
EVN,EVN,2006,7,7
EVN,EVN,2006,7,8
EVN,EVN,2006,7,12
EVN,EVN,2006,7,13
EVN,EVN,2006,7,14
EVN,EVN,2006,7,15
EVN,EVN,2006,7,19
EVN,EVN,2006,7,20
EVN,EVN,2006,7,21
EVN,EVN,2006,7,22
EVN,EVN,2006,7,26
EVN,EVN,2006,7,27
EVN,EVN,2006,7,28
EVN,EVN,2006,7,29
EVN,EVN,2006,8,2
EVN,EVN,2006,8,3
EVN,EVN,2006,8,4
EVN,EVN,2006,8,5
EVN,EVN,2006,8,9
EVN,EVN,2006,8,10
EVN,EVN,2006,8,11
EVN,EVN,2006,8,12
EVN,EVN,2006,8,16
EVN,EVN,2006,8,17
EVN,EVN,2006,8,18
EVN,EVN,2006,8,19
EVN,EVN,2006,8,23
EVN,EVN,2006,8,24
EVN,EVN,2006,8,25
EVN,EVN,2006,8,26
EVN,EVN,2006,8,30
EVN,EVN,2006,8,31
EVN,EVN,2006,9,1
EVN,EVN,2006,9,2
EVN,EVN,2006,9,4
EVN,EVN,2006,9,20
EVN,EVN,2006,9,21
EVN,EVN,2006,9,22
EVN,EVN,2006,9,23
EVN,EVN,2006,9,27
EVN,EVN,2006,9,28
EVN,EVN,2006,9,29
EVN,EVN,2006,9,30
EVN,EVN,2006,10,4
EVN,EVN,2006,10,5
EVN,EVN,2006,10,6
EVN,EVN,2006,10,7
EVN,EVN,2006,10,11
EVN,EVN,2006,10,12
EVN,EVN,2006,10,13
EVN,EVN,2006,10,14
EVN,EVN,2006,10,18
EVN,EVN,2006,10,19
EVN,EVN,2006,10,20
EVN,EVN,2006,10,21
EVN,EVN,2006,10,25
EVN,EVN,2006,10,26
EVN,EVN,2006,10,27
EVN,EVN,2006,10,28
EVN,EVN,2006,11,1
EVN,EVN,2006,11,2
EVN,EVN,2006,11,3
EVN,EVN,2006,11,4
EVN,EVN,2006,11,8
EVN,EVN,2006,11,9
EVN,EVN,2006,11,10
EVN,EVN,2006,11,11
EVN,EVN,2006,11,15
EVN,EVN,2006,11,16
EVN,EVN,2006,11,17
EVN,EVN,2006,11,18
EVN,EVN,2006,11,22
EVN,EVN,2006,11,23
EVN,EVN,2006,11,24
EVN,EVN,2006,11,25
EVN,EVN,2007,4,4
EVN,EVN,2007,4,5
EVN,EVN,2007,4,6
EVN,EVN,2007,4,7
EVN,EVN,2007,4,11
EVN,EVN,2007,4,12
EVN,EVN,2007,4,13
EVN,EVN,2007,4,14
EVN,EVN,2007,4,18
EVN,EVN,2007,4,19
EVN,EVN,2007,4,20
EVN,EVN,2007,4,21
EVN,EVN,2007,4,25
EVN,EVN,2007,4,26
EVN,EVN,2007,4,27
EVN,EVN,2007,4,28
EVN,EVN,2007,5,2
EVN,EVN,2007,5,3
EVN,EVN,2007,5,4
EVN,EVN,2007,5,5
EVN,EVN,2007,5,9
EVN,EVN,2007,5,10
EVN,EVN,2007,5,11
EVN,EVN,2007,5,12
EVN,EVN,2007,5,16
EVN,EVN,2007,5,17
EVN,EVN,2007,5,18
EVN,EVN,2007,5,19
EVN,EVN,2007,5,23
EVN,EVN,2007,5,24
EVN,EVN,2007,5,25
EVN,EVN,2007,5,26
EVN,EVN,2007,5,30
EVN,EVN,2007,5,31
EVN,EVN,2007,6,1
EVN,EVN,2007,6,2
EVN,EVN,2007,6,6
EVN,EVN,2007,6,7
EVN,EVN,2007,6,8
EVN,EVN,2007,6,9
EVN,EVN,2007,6,13
EVN,EVN,2007,6,14
EVN,EVN,2007,6,15
EVN,EVN,2007,6,16
EVN,EVN,2007,6,20
EVN,EVN,2007,6,21
EVN,EVN,2007,6,22
EVN,EVN,2007,6,23
EVN,EVN,2007,6,27
EVN,EVN,2007,6,28
EVN,EVN,2007,6,29
EVN,EVN,2007,6,30
EVN,EVN,2007,7,4
EVN,EVN,2007,7,5
EVN,EVN,2007,7,6
EVN,EVN,2007,7,7
EVN,EVN,2007,7,11
EVN,EVN,2007,7,12
EVN,EVN,2007,7,13
EVN,EVN,2007,7,14
EVN,EVN,2007,7,18
EVN,EVN,2007,7,19
EVN,EVN,2007,7,20
EVN,EVN,2007,7,21
EVN,EVN,2007,7,25
EVN,EVN,2007,7,26
EVN,EVN,2007,7,27
EVN,EVN,2007,7,28
EVN,EVN,2007,8,1
EVN,EVN,2007,8,2
EVN,EVN,2007,8,3
EVN,EVN,2007,8,4
EVN,EVN,2007,8,8
EVN,EVN,2007,8,9
EVN,EVN,2007,8,10
EVN,EVN,2007,8,11
EVN,EVN,2007,8,15
EVN,EVN,2007,8,16
EVN,EVN,2007,8,17
EVN,EVN,2007,8,18
EVN,EVN,2007,8,22
EVN,EVN,2007,8,23
EVN,EVN,2007,8,24
EVN,EVN,2007,8,25
EVN,EVN,2007,8,29
EVN,EVN,2007,8,30
EVN,EVN,2007,8,31
EVN,EVN,2007,9,1
EVN,EVN,2007,9,3
EVN,EVN,2007,9,27
EVN,EVN,2007,9,28
EVN,EVN,2007,9,29
EVN,EVN,2007,9,30
EVN,EVN,2007,10,4
EVN,EVN,2007,10,5
EVN,EVN,2007,10,6
EVN,EVN,2007,10,7
EVN,EVN,2007,10,11
EVN,EVN,2007,10,12
EVN,EVN,2007,10,13
EVN,EVN,2007,10,14
EVN,EVN,2007,10,18
EVN,EVN,2007,10,19
EVN,EVN,2007,10,20
EVN,EVN,2007,10,21
EVN,EVN,2007,10,25
EVN,EVN,2007,10,26
EVN,EVN,2007,10,27
EVN,EVN,2007,10,28
EVN,EVN,2007,11,1
EVN,EVN,2007,11,2
EVN,EVN,2007,11,3
EVN,EVN,2007,11,4
EVN,EVN,2007,11,8
EVN,EVN,2007,11,9
EVN,EVN,2007,11,10
EVN,EVN,2007,11,11
EVN,EVN,2007,11,15
EVN,EVN,2007,11,16
EVN,EVN,2007,11,17
EVN,EVN,2007,11,18
EVN,EVN,2007,11,21
EVN,EVN,2007,11,23
EVN,EVN,2007,11,24
EVN,EVN,2007,11,25
EVN,EVN,2007,11,29
EVN,EVN,2007,11,30
EVN,EVN,2007,12,1
EVN,EVN,2007,12,2
EVN,EVN,2008,4,9
EVN,EVN,2008,4,10
EVN,EVN,2008,4,11
EVN,EVN,2008,4,12
EVN,EVN,2008,4,16
EVN,EVN,2008,4,17
EVN,EVN,2008,4,18
EVN,EVN,2008,4,19
EVN,EVN,2008,4,23
EVN,EVN,2008,4,24
EVN,EVN,2008,4,25
EVN,EVN,2008,4,26
EVN,EVN,2008,4,30
EVN,EVN,2008,5,1
EVN,EVN,2008,5,2
EVN,EVN,2008,5,3
EVN,EVN,2008,5,7
EVN,EVN,2008,5,8
EVN,EVN,2008,5,9
EVN,EVN,2008,5,10
EVN,EVN,2008,5,14
EVN,EVN,2008,5,15
EVN,EVN,2008,5,16
EVN,EVN,2008,5,17
EVN,EVN,2008,5,21
EVN,EVN,2008,5,22
EVN,EVN,2008,5,23
EVN,EVN,2008,5,24
EVN,EVN,2008,5,28
EVN,EVN,2008,5,29
EVN,EVN,2008,5,30
EVN,EVN,2008,5,31
EVN,EVN,2008,6,4
EVN,EVN,2008,6,5
EVN,EVN,2008,6,6
EVN,EVN,2008,6,7
EVN,EVN,2008,6,11
EVN,EVN,2008,6,12
EVN,EVN,2008,6,13
EVN,EVN,2008,6,14
EVN,EVN,2008,6,18
EVN,EVN,2008,6,19
EVN,EVN,2008,6,20
EVN,EVN,2008,6,21
EVN,EVN,2008,6,25
EVN,EVN,2008,6,26
EVN,EVN,2008,6,27
EVN,EVN,2008,6,28
EVN,EVN,2008,7,2
EVN,EVN,2008,7,3
EVN,EVN,2008,7,4
EVN,EVN,2008,7,5
EVN,EVN,2008,7,9
EVN,EVN,2008,7,10
EVN,EVN,2008,7,11
EVN,EVN,2008,7,12
EVN,EVN,2008,7,16
EVN,EVN,2008,7,17
EVN,EVN,2008,7,18
EVN,EVN,2008,7,19
EVN,EVN,2008,7,23
EVN,EVN,2008,7,24
EVN,EVN,2008,7,25
EVN,EVN,2008,7,26
EVN,EVN,2008,7,30
EVN,EVN,2008,7,31
EVN,EVN,2008,8,1
EVN,EVN,2008,8,2
EVN,EVN,2008,8,6
EVN,EVN,2008,8,7
EVN,EVN,2008,8,8
EVN,EVN,2008,8,9
EVN,EVN,2008,8,13
EVN,EVN,2008,8,14
EVN,EVN,2008,8,15
EVN,EVN,2008,8,16
EVN,EVN,2008,8,20
EVN,EVN,2008,8,21
EVN,EVN,2008,8,22
EVN,EVN,2008,8,23
EVN,EVN,2008,8,27
EVN,EVN,2008,8,28
EVN,EVN,2008,8,29
EVN,EVN,2008,8,30
EVN,EVN,2008,9,18
EVN,EVN,2008,9,19
EVN,EVN,2008,9,20
EVN,EVN,2008,9,21
EVN,EVN,2008,9,25
EVN,EVN,2008,9,26
EVN,EVN,2008,9,27
EVN,EVN,2008,9,28
EVN,EVN,2008,10,2
EVN,EVN,2008,10,3
EVN,EVN,2008,10,4
EVN,EVN,2008,10,5
EVN,EVN,2008,10,9
EVN,EVN,2008,10,10
EVN,EVN,2008,10,11
EVN,EVN,2008,10,12
EVN,EVN,2008,10,16
EVN,EVN,2008,10,17
EVN,EVN,2008,10,18
EVN,EVN,2008,10,19
EVN,EVN,2008,10,23
EVN,EVN,2008,10,24
EVN,EVN,2008,10,25
EVN,EVN,2008,10,26
EVN,EVN,2008,10,30
EVN,EVN,2008,10,31
EVN,EVN,2008,11,1
EVN,EVN,2008,11,2
EVN,EVN,2008,11,6
EVN,EVN,2008,11,7
EVN,EVN,2008,11,8
EVN,EVN,2008,11,9
EVN,EVN,2008,11,13
EVN,EVN,2008,11,14
EVN,EVN,2008,11,15
EVN,EVN,2008,11,16
EVN,EVN,2008,11,20
EVN,EVN,2008,11,21
EVN,EVN,2008,11,22
EVN,EVN,2009,4,8
EVN,EVN,2009,4,9
EVN,EVN,2009,4,10
EVN,EVN,2009,4,11
EVN,EVN,2009,4,15
EVN,EVN,2009,4,16
EVN,EVN,2009,4,17
EVN,EVN,2009,4,18
EVN,EVN,2009,4,22
EVN,EVN,2009,4,23
EVN,EVN,2009,4,24
EVN,EVN,2009,4,25
EVN,EVN,2009,4,29
EVN,EVN,2009,4,30
EVN,EVN,2009,5,1
EVN,EVN,2009,5,2
EVN,EVN,2009,5,6
EVN,EVN,2009,5,7
EVN,EVN,2009,5,8
EVN,EVN,2009,5,9
EVN,EVN,2009,5,13
EVN,EVN,2009,5,14
EVN,EVN,2009,5,15
EVN,EVN,2009,5,16
EVN,EVN,2009,5,20
EVN,EVN,2009,5,21
EVN,EVN,2009,5,22
EVN,EVN,2009,5,23
EVN,EVN,2009,5,27
EVN,EVN,2009,5,28
EVN,EVN,2009,5,29
EVN,EVN,2009,5,30
EVN,EVN,2009,6,3
EVN,EVN,2009,6,4
EVN,EVN,2009,6,5
EVN,EVN,2009,6,6
EVN,EVN,2009,6,10
EVN,EVN,2009,6,11
EVN,EVN,2009,6,12
EVN,EVN,2009,6,13
EVN,EVN,2009,6,17
EVN,EVN,2009,6,18
EVN,EVN,2009,6,19
EVN,EVN,2009,6,20
EVN,EVN,2009,6,24
EVN,EVN,2009,6,25
EVN,EVN,2009,6,26
EVN,EVN,2009,6,27
EVN,EVN,2009,7,1
EVN,EVN,2009,7,2
EVN,EVN,2009,7,3
EVN,EVN,2009,7,4
EVN,EVN,2009,7,8
EVN,EVN,2009,7,9
EVN,EVN,2009,7,10
EVN,EVN,2009,7,11
EVN,EVN,2009,7,15
EVN,EVN,2009,7,16
EVN,EVN,2009,7,17
EVN,EVN,2009,7,18
EVN,EVN,2009,7,22
EVN,EVN,2009,7,23
EVN,EVN,2009,7,24
EVN,EVN,2009,7,25
EVN,EVN,2009,7,29
EVN,EVN,2009,7,30
EVN,EVN,2009,7,31
EVN,EVN,2009,8,1
EVN,EVN,2009,8,5
EVN,EVN,2009,8,6
EVN,EVN,2009,8,7
EVN,EVN,2009,8,8
EVN,EVN,2009,8,12
EVN,EVN,2009,8,13
EVN,EVN,2009,8,14
EVN,EVN,2009,8,15
EVN,EVN,2009,8,19
EVN,EVN,2009,8,20
EVN,EVN,2009,8,21
EVN,EVN,2009,8,22
EVN,EVN,2009,8,26
EVN,EVN,2009,8,27
EVN,EVN,2009,8,28
EVN,EVN,2009,8,29
EVN,EVN,2009,9,2
EVN,EVN,2009,9,3
EVN,EVN,2009,9,4
EVN,EVN,2009,9,5
EVN,EVN,2009,9,7
EVN,EVN,2010,4,7
EVN,EVN,2010,4,8
EVN,EVN,2010,4,9
EVN,EVN,2010,4,10
EVN,EVN,2010,4,14
EVN,EVN,2010,4,15
EVN,EVN,2010,4,16
EVN,EVN,2010,4,17
EVN,EVN,2010,4,21
EVN,EVN,2010,4,22
EVN,EVN,2010,4,23
EVN,EVN,2010,4,24
EVN,EVN,2010,4,28
EVN,EVN,2010,4,29
EVN,EVN,2010,4,30
EVN,EVN,2010,5,1
EVN,EVN,2010,5,5
EVN,EVN,2010,5,6
EVN,EVN,2010,5,7
EVN,EVN,2010,5,8
EVN,EVN,2010,5,12
EVN,EVN,2010,5,13
EVN,EVN,2010,5,14
EVN,EVN,2010,5,15
EVN,EVN,2010,5,19
EVN,EVN,2010,5,20
EVN,EVN,2010,5,21
EVN,EVN,2010,5,22
EVN,EVN,2010,5,26
EVN,EVN,2010,5,27
EVN,EVN,2010,5,28
EVN,EVN,2010,5,29
EVN,EVN,2010,6,2
EVN,EVN,2010,6,3
EVN,EVN,2010,6,4
EVN,EVN,2010,6,5
EVN,EVN,2010,6,9
EVN,EVN,2010,6,10
EVN,EVN,2010,6,11
EVN,EVN,2010,6,12
EVN,EVN,2010,6,16
EVN,EVN,2010,6,17
EVN,EVN,2010,6,18
EVN,EVN,2010,6,19
EVN,EVN,2010,6,23
EVN,EVN,2010,6,24
EVN,EVN,2010,6,25
EVN,EVN,2010,6,26
EVN,EVN,2010,6,30
EVN,EVN,2010,7,1
EVN,EVN,2010,7,2
EVN,EVN,2010,7,3
EVN,EVN,2010,7,7
EVN,EVN,2010,7,8
EVN,EVN,2010,7,9
EVN,EVN,2010,7,10
EVN,EVN,2010,7,14
EVN,EVN,2010,7,15
EVN,EVN,2010,7,16
EVN,EVN,2010,7,17
EVN,EVN,2010,7,21
EVN,EVN,2010,7,22
EVN,EVN,2010,7,23
EVN,EVN,2010,7,24
EVN,EVN,2010,7,28
EVN,EVN,2010,7,29
EVN,EVN,2010,7,30
EVN,EVN,2010,7,31
EVN,EVN,2010,8,4
EVN,EVN,2010,8,5
EVN,EVN,2010,8,6
EVN,EVN,2010,8,7
EVN,EVN,2010,8,11
EVN,EVN,2010,8,12
EVN,EVN,2010,8,13
EVN,EVN,2010,8,14
EVN,EVN,2010,8,18
EVN,EVN,2010,8,19
EVN,EVN,2010,8,20
EVN,EVN,2010,8,21
EVN,EVN,2010,8,25
EVN,EVN,2010,8,26
EVN,EVN,2010,8,27
EVN,EVN,2010,8,28
EVN,EVN,2010,9,1
EVN,EVN,2010,9,2
EVN,EVN,2010,9,3
EVN,EVN,2010,9,4
EVN,EVN,2010,9,6
EVN,EVN,2010,10,5
EVN,EVN,2010,10,6
EVN,EVN,2010,10,7
EVN,EVN,2010,10,8
EVN,EVN,2010,10,9
EVN,EVN,2010,10,12
EVN,EVN,2010,10,13
EVN,EVN,2010,10,14
EVN,EVN,2010,10,15
EVN,EVN,2010,10,16
EVN,EVN,2010,10,20
EVN,EVN,2010,10,21
EVN,EVN,2010,10,22
EVN,EVN,2010,10,23
EVN,EVN,2010,10,27
EVN,EVN,2010,10,28
EVN,EVN,2010,10,29
EVN,EVN,2010,10,30
EVN,EVN,2010,11,3
EVN,EVN,2010,11,4
EVN,EVN,2010,11,5
EVN,EVN,2010,11,6
EVN,EVN,2010,11,10
EVN,EVN,2010,11,11
EVN,EVN,2010,11,12
EVN,EVN,2010,11,13
EVN,EVN,2010,11,17
EVN,EVN,2010,11,18
EVN,EVN,2010,11,19
EVN,EVN,2010,11,20
EVN,EVN,2010,11,24
EVN,EVN,2010,11,26
EVN,EVN,2010,11,27
EVN,EVN,2010,12,1
EVN,EVN,2010,12,2
EVN,EVN,2010,12,3
EVN,EVN,2010,12,4
EVN,EVN,2010,12,7
EVN,EVN,2010,12,8
EVN,EVN,2010,12,9
EVN,EVN,2010,12,10
EVN,EVN,2010,12,14
EVN,EVN,2010,12,15
EVN,EVN,2010,12,16
EVN,EVN,2010,12,17
EVN,EVN,2010,12,18
EVN,EVN,2011,4,6
EVN,EVN,2011,4,7
EVN,EVN,2011,4,8
EVN,EVN,2011,4,9
EVN,EVN,2011,4,13
EVN,EVN,2011,4,14
EVN,EVN,2011,4,15
EVN,EVN,2011,4,16
EVN,EVN,2011,4,20
EVN,EVN,2011,4,21
EVN,EVN,2011,4,22
EVN,EVN,2011,4,23
EVN,EVN,2011,4,27
EVN,EVN,2011,4,28
EVN,EVN,2011,4,29
EVN,EVN,2011,4,30
EVN,EVN,2011,5,4
EVN,EVN,2011,5,5
EVN,EVN,2011,5,6
EVN,EVN,2011,5,7
EVN,EVN,2011,5,11
EVN,EVN,2011,5,12
EVN,EVN,2011,5,13
EVN,EVN,2011,5,14
EVN,EVN,2011,5,18
EVN,EVN,2011,5,19
EVN,EVN,2011,5,20
EVN,EVN,2011,5,21
EVN,EVN,2011,5,25
EVN,EVN,2011,5,26
EVN,EVN,2011,5,27
EVN,EVN,2011,5,28
EVN,EVN,2011,6,1
EVN,EVN,2011,6,2
EVN,EVN,2011,6,3
EVN,EVN,2011,6,4
EVN,EVN,2011,6,8
EVN,EVN,2011,6,9
EVN,EVN,2011,6,10
EVN,EVN,2011,6,11
EVN,EVN,2011,6,15
EVN,EVN,2011,6,16
EVN,EVN,2011,6,17
EVN,EVN,2011,6,18
EVN,EVN,2011,6,22
EVN,EVN,2011,6,23
EVN,EVN,2011,6,24
EVN,EVN,2011,6,25
EVN,EVN,2011,6,29
EVN,EVN,2011,6,30
EVN,EVN,2011,7,1
EVN,EVN,2011,7,2
EVN,EVN,2011,7,6
EVN,EVN,2011,7,7
EVN,EVN,2011,7,8
EVN,EVN,2011,7,9
EVN,EVN,2011,7,13
EVN,EVN,2011,7,14
EVN,EVN,2011,7,15
EVN,EVN,2011,7,16
EVN,EVN,2011,7,20
EVN,EVN,2011,7,21
EVN,EVN,2011,7,22
EVN,EVN,2011,7,23
EVN,EVN,2011,7,27
EVN,EVN,2011,7,28
EVN,EVN,2011,7,29
EVN,EVN,2011,7,30
EVN,EVN,2011,8,3
EVN,EVN,2011,8,4
EVN,EVN,2011,8,5
EVN,EVN,2011,8,6
EVN,EVN,2011,8,10
EVN,EVN,2011,8,11
EVN,EVN,2011,8,12
EVN,EVN,2011,8,13
EVN,EVN,2011,8,17
EVN,EVN,2011,8,18
EVN,EVN,2011,8,19
EVN,EVN,2011,8,20
EVN,EVN,2011,8,25
EVN,EVN,2011,8,26
EVN,EVN,2011,8,27
EVN,EVN,2011,9,1
EVN,EVN,2011,9,2
EVN,EVN,2011,9,5
EVN,EVN,2011,9,8
EVN,EVN,2011,9,9
EVN,EVN,2011,9,10
EVN,EVN,2011,10,5
EVN,EVN,2011,10,6
EVN,EVN,2011,10,7
EVN,EVN,2011,10,8
EVN,EVN,2011,10,12
EVN,EVN,2011,10,13
EVN,EVN,2011,10,14
EVN,EVN,2011,10,15
EVN,EVN,2011,10,19
EVN,EVN,2011,10,20
EVN,EVN,2011,10,21
EVN,EVN,2011,10,22
EVN,EVN,2011,10,26
EVN,EVN,2011,10,27
EVN,EVN,2011,10,28
EVN,EVN,2011,10,29
EVN,EVN,2011,11,2
EVN,EVN,2011,11,3
EVN,EVN,2011,11,4
EVN,EVN,2011,11,5
EVN,EVN,2011,11,9
EVN,EVN,2011,11,10
EVN,EVN,2011,11,11
EVN,EVN,2011,11,12
EVN,EVN,2011,11,16
EVN,EVN,2011,11,17
EVN,EVN,2011,11,18
EVN,EVN,2011,11,19
EVN,EVN,2011,11,22
EVN,EVN,2011,11,23
EVN,EVN,2011,11,25
EVN,EVN,2011,11,26
EVN,EVN,2011,11,30
EVN,EVN,2011,12,1
EVN,EVN,2011,12,2
EVN,EVN,2011,12,3
EVN,EVN,2011,12,6
EVN,EVN,2011,12,7
EVN,EVN,2011,12,8
EVN,EVN,2011,12,9
EVN,EVN,2011,12,10
EVN,EVN,2011,12,13
EVN,EVN,2011,12,14
EVN,EVN,2011,12,15
EVN,EVN,2011,12,16
EVN,EVN,2011,12,17
EVN,EVN,2012,4,18
EVN,EVN,2012,4,19
EVN,EVN,2012,4,20
EVN,EVN,2012,4,21
EVN,EVN,2012,4,25
EVN,EVN,2012,4,26
EVN,EVN,2012,4,27
EVN,EVN,2012,4,28
EVN,EVN,2012,5,2
EVN,EVN,2012,5,3
EVN,EVN,2012,5,4
EVN,EVN,2012,5,5
EVN,EVN,2012,5,9
EVN,EVN,2012,5,10
EVN,EVN,2012,5,11
EVN,EVN,2012,5,12
EVN,EVN,2012,5,16
EVN,EVN,2012,5,17
EVN,EVN,2012,5,18
EVN,EVN,2012,5,19
EVN,EVN,2012,5,23
EVN,EVN,2012,5,24
EVN,EVN,2012,5,25
EVN,EVN,2012,5,26
EVN,EVN,2012,5,30
EVN,EVN,2012,5,31
EVN,EVN,2012,6,1
EVN,EVN,2012,6,2
EVN,EVN,2012,6,6
EVN,EVN,2012,6,7
EVN,EVN,2012,6,8
EVN,EVN,2012,6,9
EVN,EVN,2012,6,13
EVN,EVN,2012,6,14
EVN,EVN,2012,6,15
EVN,EVN,2012,6,16
EVN,EVN,2012,6,20
EVN,EVN,2012,6,21
EVN,EVN,2012,6,22
EVN,EVN,2012,6,23
EVN,EVN,2012,6,27
EVN,EVN,2012,6,28
EVN,EVN,2012,6,29
EVN,EVN,2012,6,30
EVN,EVN,2012,7,4
EVN,EVN,2012,7,5
EVN,EVN,2012,7,6
EVN,EVN,2012,7,7
EVN,EVN,2012,7,11
EVN,EVN,2012,7,12
EVN,EVN,2012,7,13
EVN,EVN,2012,7,14
EVN,EVN,2012,7,18
EVN,EVN,2012,7,19
EVN,EVN,2012,7,20
EVN,EVN,2012,7,21
EVN,EVN,2012,7,25
EVN,EVN,2012,7,26
EVN,EVN,2012,7,27
EVN,EVN,2012,7,28
EVN,EVN,2012,8,1
EVN,EVN,2012,8,2
EVN,EVN,2012,8,3
EVN,EVN,2012,8,4
EVN,EVN,2012,8,8
EVN,EVN,2012,8,9
EVN,EVN,2012,8,10
EVN,EVN,2012,8,11
EVN,EVN,2012,8,15
EVN,EVN,2012,8,16
EVN,EVN,2012,8,17
EVN,EVN,2012,8,18
EVN,EVN,2012,8,22
EVN,EVN,2012,8,23
EVN,EVN,2012,8,24
EVN,EVN,2012,8,25
EVN,EVN,2012,8,30
EVN,EVN,2012,8,31
EVN,EVN,2012,9,1
EVN,EVN,2012,9,4
EVN,EVN,2012,9,5
EVN,EVN,2012,9,6
EVN,EVN,2012,9,7
EVN,EVN,2012,9,8
EVN,EVN,2012,11,3
EVN,EVN,2012,11,7
EVN,EVN,2012,11,8
EVN,EVN,2012,11,9
EVN,EVN,2012,11,10
EVN,EVN,2012,11,14
EVN,EVN,2012,11,15
EVN,EVN,2012,11,16
EVN,EVN,2012,11,17
EVN,EVN,2012,11,20
EVN,EVN,2012,11,21
EVN,EVN,2012,11,23
EVN,EVN,2012,11,24
EVN,EVN,2012,11,28
EVN,EVN,2012,11,29
EVN,EVN,2012,11,30
EVN,EVN,2012,12,1
EVN,EVN,2012,12,5
EVN,EVN,2012,12,6
EVN,EVN,2012,12,7
EVN,EVN,2012,12,8
EVN,EVN,2012,12,12
EVN,EVN,2012,12,13
EVN,EVN,2012,12,14
EVN,EVN,2012,12,15
EVN,EVN,2012,12,19
EVN,EVN,2012,12,20
EVN,EVN,2013,4,17
EVN,EVN,2013,4,18
EVN,EVN,2013,4,19
EVN,EVN,2013,4,20
EVN,EVN,2013,4,24
EVN,EVN,2013,4,25
EVN,EVN,2013,4,26
EVN,EVN,2013,4,27
EVN,EVN,2013,5,1
EVN,EVN,2013,5,2
EVN,EVN,2013,5,3
EVN,EVN,2013,5,4
EVN,EVN,2013,5,8
EVN,EVN,2013,5,9
EVN,EVN,2013,5,10
EVN,EVN,2013,5,11
EVN,EVN,2013,5,15
EVN,EVN,2013,5,16
EVN,EVN,2013,5,17
EVN,EVN,2013,5,18
EVN,EVN,2013,5,22
EVN,EVN,2013,5,23
EVN,EVN,2013,5,24
EVN,EVN,2013,5,25
EVN,EVN,2013,5,29
EVN,EVN,2013,5,30
EVN,EVN,2013,5,31
EVN,EVN,2013,6,1
EVN,EVN,2013,6,5
EVN,EVN,2013,6,6
EVN,EVN,2013,6,7
EVN,EVN,2013,6,8
EVN,EVN,2013,6,12
EVN,EVN,2013,6,13
EVN,EVN,2013,6,14
EVN,EVN,2013,6,15
EVN,EVN,2013,6,19
EVN,EVN,2013,6,20
EVN,EVN,2013,6,21
EVN,EVN,2013,6,22
EVN,EVN,2013,6,26
EVN,EVN,2013,6,27
EVN,EVN,2013,6,28
EVN,EVN,2013,6,29
EVN,EVN,2013,7,3
EVN,EVN,2013,7,4
EVN,EVN,2013,7,5
EVN,EVN,2013,7,6
EVN,EVN,2013,7,10
EVN,EVN,2013,7,11
EVN,EVN,2013,7,12
EVN,EVN,2013,7,13
EVN,EVN,2013,7,17
EVN,EVN,2013,7,18
EVN,EVN,2013,7,19
EVN,EVN,2013,7,20
EVN,EVN,2013,7,24
EVN,EVN,2013,7,25
EVN,EVN,2013,7,26
EVN,EVN,2013,7,27
EVN,EVN,2013,7,31
EVN,EVN,2013,8,1
EVN,EVN,2013,8,2
EVN,EVN,2013,8,3
EVN,EVN,2013,8,7
EVN,EVN,2013,8,8
EVN,EVN,2013,8,9
EVN,EVN,2013,8,10
EVN,EVN,2013,8,14
EVN,EVN,2013,8,15
EVN,EVN,2013,8,16
EVN,EVN,2013,8,17
EVN,EVN,2013,8,21
EVN,EVN,2013,8,22
EVN,EVN,2013,8,23
EVN,EVN,2013,8,24
EVN,EVN,2013,8,28
EVN,EVN,2013,8,29
EVN,EVN,2013,8,30
EVN,EVN,2013,8,31
EVN,EVN,2013,9,4
EVN,EVN,2013,9,5
EVN,EVN,2013,9,6
EVN,EVN,2013,9,7
EVN,EVN,2013,10,2
EVN,EVN,2013,10,3
EVN,EVN,2013,10,4
EVN,EVN,2013,10,5
EVN,EVN,2013,10,9
EVN,EVN,2013,10,10
EVN,EVN,2013,10,11
EVN,EVN,2013,10,12
EVN,EVN,2013,10,16
EVN,EVN,2013,10,17
EVN,EVN,2013,10,18
EVN,EVN,2013,10,19
EVN,EVN,2013,10,23
EVN,EVN,2013,10,24
EVN,EVN,2013,10,25
EVN,EVN,2013,10,26
EVN,EVN,2013,10,30
EVN,EVN,2013,10,31
EVN,EVN,2013,11,1
EVN,EVN,2013,11,2
EVN,EVN,2013,11,6
EVN,EVN,2013,11,7
EVN,EVN,2013,11,8
EVN,EVN,2013,11,9
EVN,EVN,2013,11,13
EVN,EVN,2013,11,14
EVN,EVN,2013,11,15
EVN,EVN,2013,11,16
EVN,EVN,2013,11,20
EVN,EVN,2013,11,21
EVN,EVN,2013,11,22
EVN,EVN,2013,11,23
EVN,EVN,2013,11,26
EVN,EVN,2013,11,27
EVN,EVN,2013,11,29
EVN,EVN,2013,11,30
EVN,EVN,2013,12,4
EVN,EVN,2013,12,5
EVN,EVN,2013,12,6
EVN,EVN,2013,12,7
EVN,EVN,2013,12,11
EVN,EVN,2013,12,12
EVN,EVN,2013,12,13
EVN,EVN,2013,12,14
EVN,EVN,2013,12,18
EVN,EVN,2013,12,19
EVN,EVN,2014,4,9
EVN,EVN,2014,4,10
EVN,EVN,2014,4,11
EVN,EVN,2014,4,12
EVN,EVN,2014,4,16
EVN,EVN,2014,4,17
EVN,EVN,2014,4,18
EVN,EVN,2014,4,19
EVN,EVN,2014,4,23
EVN,EVN,2014,4,24
EVN,EVN,2014,4,25
EVN,EVN,2014,4,26
EVN,EVN,2014,4,30
EVN,EVN,2014,5,1
EVN,EVN,2014,5,2
EVN,EVN,2014,5,3
EVN,EVN,2014,5,7
EVN,EVN,2014,5,8
EVN,EVN,2014,5,9
EVN,EVN,2014,5,10
EVN,EVN,2014,5,14
EVN,EVN,2014,5,15
EVN,EVN,2014,5,16
EVN,EVN,2014,5,17
EVN,EVN,2014,5,21
EVN,EVN,2014,5,22
EVN,EVN,2014,5,23
EVN,EVN,2014,5,24
EVN,EVN,2014,5,28
EVN,EVN,2014,5,29
EVN,EVN,2014,5,30
EVN,EVN,2014,5,31
EVN,EVN,2014,6,4
EVN,EVN,2014,6,5
EVN,EVN,2014,6,6
EVN,EVN,2014,6,7
EVN,EVN,2014,6,11
EVN,EVN,2014,6,12
EVN,EVN,2014,6,13
EVN,EVN,2014,6,14
EVN,EVN,2014,6,18
EVN,EVN,2014,6,19
EVN,EVN,2014,6,20
EVN,EVN,2014,6,21
EVN,EVN,2014,6,25
EVN,EVN,2014,6,26
EVN,EVN,2014,6,27
EVN,EVN,2014,6,28
EVN,EVN,2014,7,2
EVN,EVN,2014,7,3
EVN,EVN,2014,7,4
EVN,EVN,2014,7,5
EVN,EVN,2014,7,9
EVN,EVN,2014,7,10
EVN,EVN,2014,7,11
EVN,EVN,2014,7,12
EVN,EVN,2014,7,16
EVN,EVN,2014,7,17
EVN,EVN,2014,7,18
EVN,EVN,2014,7,19
EVN,EVN,2014,7,23
EVN,EVN,2014,7,24
EVN,EVN,2014,7,25
EVN,EVN,2014,7,26
EVN,EVN,2014,7,30
EVN,EVN,2014,7,31
EVN,EVN,2014,8,1
EVN,EVN,2014,8,2
EVN,EVN,2014,8,6
EVN,EVN,2014,8,7
EVN,EVN,2014,8,8
EVN,EVN,2014,8,9
EVN,EVN,2014,8,13
EVN,EVN,2014,8,14
EVN,EVN,2014,8,15
EVN,EVN,2014,8,16
EVN,EVN,2014,8,20
EVN,EVN,2014,8,21
EVN,EVN,2014,8,22
EVN,EVN,2014,8,23
EVN,EVN,2014,8,27
EVN,EVN,2014,8,28
EVN,EVN,2014,8,29
EVN,EVN,2014,8,30
EVN,EVN,2014,10,3
EVN,EVN,2014,10,4
EVN,EVN,2014,10,8
EVN,EVN,2014,10,9
EVN,EVN,2014,10,10
EVN,EVN,2014,10,11
EVN,EVN,2014,10,15
EVN,EVN,2014,10,16
EVN,EVN,2014,10,17
EVN,EVN,2014,10,18
EVN,EVN,2014,10,22
EVN,EVN,2014,10,23
EVN,EVN,2014,10,24
EVN,EVN,2014,10,25
EVN,EVN,2014,10,29
EVN,EVN,2014,10,30
EVN,EVN,2014,10,31
EVN,EVN,2014,11,1
EVN,EVN,2014,11,5
EVN,EVN,2014,11,6
EVN,EVN,2014,11,7
EVN,EVN,2014,11,8
EVN,EVN,2014,11,12
EVN,EVN,2014,11,13
EVN,EVN,2014,11,14
EVN,EVN,2014,11,15
EVN,EVN,2014,11,19
EVN,EVN,2014,11,20
EVN,EVN,2014,11,21
EVN,EVN,2014,11,22
EVN,EVN,2014,11,28
EVN,EVN,2014,11,29
EVN,EVN,2014,12,3
EVN,EVN,2014,12,4
EVN,EVN,2014,12,5
EVN,EVN,2014,12,6
EVN,EVN,2014,12,10
EVN,EVN,2014,12,11
EVN,EVN,2014,12,12
EVN,EVN,2014,12,13
EVN,EVN,2014,12,17
EVN,EVN,2014,12,18
EVN,EVN,2014,12,19
EVN,EVN,2014,12,20
EVN,EVN,2015,4,8
EVN,EVN,2015,4,9
EVN,EVN,2015,4,10
EVN,EVN,2015,4,11
EVN,EVN,2015,4,15
EVN,EVN,2015,4,16
EVN,EVN,2015,4,17
EVN,EVN,2015,4,18
EVN,EVN,2015,4,22
EVN,EVN,2015,4,23
EVN,EVN,2015,4,24
EVN,EVN,2015,4,25
EVN,EVN,2015,4,29
EVN,EVN,2015,4,30
EVN,EVN,2015,5,1
EVN,EVN,2015,5,2
EVN,EVN,2015,5,6
EVN,EVN,2015,5,7
EVN,EVN,2015,5,8
EVN,EVN,2015,5,9
EVN,EVN,2015,5,13
EVN,EVN,2015,5,14
EVN,EVN,2015,5,15
EVN,EVN,2015,5,16
EVN,EVN,2015,5,20
EVN,EVN,2015,5,21
EVN,EVN,2015,5,22
EVN,EVN,2015,5,23
EVN,EVN,2015,5,27
EVN,EVN,2015,5,28
EVN,EVN,2015,5,29
EVN,EVN,2015,5,30
EVN,EVN,2015,6,3
EVN,EVN,2015,6,4
EVN,EVN,2015,6,5
EVN,EVN,2015,6,6
EVN,EVN,2015,6,10
EVN,EVN,2015,6,11
EVN,EVN,2015,6,12
EVN,EVN,2015,6,13
EVN,EVN,2015,6,17
EVN,EVN,2015,6,18
EVN,EVN,2015,6,19
EVN,EVN,2015,6,20
EVN,EVN,2015,6,24
EVN,EVN,2015,6,25
EVN,EVN,2015,6,26
EVN,EVN,2015,6,27
EVN,EVN,2015,7,1
EVN,EVN,2015,7,2
EVN,EVN,2015,7,3
EVN,EVN,2015,7,4
EVN,EVN,2015,7,8
EVN,EVN,2015,7,9
EVN,EVN,2015,7,10
EVN,EVN,2015,7,11
EVN,EVN,2015,7,15
EVN,EVN,2015,7,16
EVN,EVN,2015,7,17
EVN,EVN,2015,7,18
EVN,EVN,2015,7,22
EVN,EVN,2015,7,23
EVN,EVN,2015,7,24
EVN,EVN,2015,7,25
EVN,EVN,2015,7,29
EVN,EVN,2015,7,30
EVN,EVN,2015,7,31
EVN,EVN,2015,8,1
EVN,EVN,2015,8,5
EVN,EVN,2015,8,6
EVN,EVN,2015,8,7
EVN,EVN,2015,8,8
EVN,EVN,2015,8,12
EVN,EVN,2015,8,13
EVN,EVN,2015,8,14
EVN,EVN,2015,8,15
EVN,EVN,2015,8,19
EVN,EVN,2015,8,20
EVN,EVN,2015,8,21
EVN,EVN,2015,8,22
EVN,EVN,2015,8,26
EVN,EVN,2015,8,27
EVN,EVN,2015,8,28
EVN,EVN,2015,8,29
EVN,EVN,2015,9,30
EVN,EVN,2015,10,1
EVN,EVN,2015,10,2
EVN,EVN,2015,10,3
EVN,EVN,2015,10,7
EVN,EVN,2015,10,8
EVN,EVN,2015,10,9
EVN,EVN,2015,10,10
EVN,EVN,2015,10,14
EVN,EVN,2015,10,15
EVN,EVN,2015,10,16
EVN,EVN,2015,10,17
EVN,EVN,2015,10,21
EVN,EVN,2015,10,22
EVN,EVN,2015,10,23
EVN,EVN,2015,10,24
EVN,EVN,2015,10,28
EVN,EVN,2015,10,29
EVN,EVN,2015,10,30
EVN,EVN,2015,11,4
EVN,EVN,2015,11,5
EVN,EVN,2015,11,6
EVN,EVN,2015,11,11
EVN,EVN,2015,11,12
EVN,EVN,2015,11,13
EVN,EVN,2015,11,14
EVN,EVN,2015,11,18
EVN,EVN,2015,11,19
EVN,EVN,2015,11,20
EVN,EVN,2015,11,21
FGD,FGD,1998,11,26
FGD,FGD,1998,11,27
FGD,FGD,1998,11,28
FGD,FGD,1998,11,29
FGD,FGD,1998,11,30
FGD,FGD,1998,12,3
FGD,FGD,1998,12,4
FGD,FGD,1998,12,5
FGD,FGD,1998,12,6
FGD,FGD,1998,12,7
FGD,FGD,1998,12,10
FGD,FGD,1998,12,11
FGD,FGD,1998,12,12
FGD,FGD,1998,12,13
FGD,FGD,1998,12,14
FGD,FGD,1998,12,17
FGD,FGD,1998,12,18
FGD,FGD,1998,12,19
FGD,FGD,1998,12,20
FGD,FGD,1998,12,21
FGD,FGD,1998,12,24
FGD,FGD,1998,12,26
FGD,FGD,1998,12,27
FGD,FGD,1998,12,28
FGD,FGD,1999,11,25
FGD,FGD,1999,11,26
FGD,FGD,1999,11,27
FGD,FGD,1999,11,28
FGD,FGD,1999,11,29
FGD,FGD,1999,12,3
FGD,FGD,1999,12,4
FGD,FGD,1999,12,5
FGD,FGD,1999,12,9
FGD,FGD,1999,12,10
FGD,FGD,1999,12,12
FGD,FGD,1999,12,13
FGD,FGD,1999,12,16
FGD,FGD,1999,12,19
FGD,FGD,1999,12,20
FGD,FGD,1999,12,23
FGD,FGD,1999,12,24
FGD,FGD,1999,12,26
FGD,FGD,1999,12,27
FGD,FGD,1999,12,30
FGD,FGD,2000,11,23
FGD,FGD,2000,11,24
FGD,FGD,2000,11,25
FGD,FGD,2000,11,26
FGD,FGD,2000,11,30
FGD,FGD,2000,12,1
FGD,FGD,2000,12,2
FGD,FGD,2000,12,3
FGD,FGD,2000,12,4
FGD,FGD,2000,12,7
FGD,FGD,2000,12,8
FGD,FGD,2000,12,9
FGD,FGD,2000,12,10
FGD,FGD,2000,12,11
FGD,FGD,2000,12,14
FGD,FGD,2000,12,15
FGD,FGD,2000,12,16
FGD,FGD,2000,12,21
FGD,FGD,2000,12,22
FGD,FGD,2000,12,23
FGD,FGD,2000,12,24
FGD,FGD,2000,12,28
FGD,FGD,2000,12,29
FGD,FGD,2000,12,30
FGD,FGD,2000,12,31
FGD,FGD,2001,1,4
FGD,FGD,2001,1,5
FGD,FGD,2001,1,6
FGD,FGD,2001,1,7
FGD,FGD,2001,1,8
FGD,FGD,2001,1,11
FGD,FGD,2001,1,12
FGD,FGD,2001,1,13
FGD,FGD,2001,1,14
FGD,FGD,2001,1,15
FGD,FGD,2001,1,18
FGD,FGD,2001,1,19
FGD,FGD,2001,1,20
FGD,FGD,2001,1,21
FGD,FGD,2001,1,25
FGD,FGD,2001,1,26
FGD,FGD,2001,2,1
FGD,FGD,2001,2,2
FGD,FGD,2001,2,3
FGD,FGD,2001,2,4
FGD,FGD,2001,2,5
FGD,FGD,2001,2,8
FGD,FGD,2001,2,9
FGD,FGD,2001,2,10
FGD,FGD,2001,2,11
FGD,FGD,2001,2,12
FGD,FGD,2001,2,23
FGD,FGD,2001,2,24
FGD,FGD,2001,2,25
FGD,FGD,2001,2,26
FGD,FGD,2001,2,27
FGD,FGD,2001,3,2
FGD,FGD,2001,3,3
FGD,FGD,2001,3,4
FGD,FGD,2001,3,5
FGD,FGD,2001,3,8
FGD,FGD,2001,3,9
FGD,FGD,2001,3,10
FGD,FGD,2001,3,11
FGD,FGD,2001,3,12
FGD,FGD,2001,3,15
FGD,FGD,2001,3,16
FGD,FGD,2001,3,18
FGD,FGD,2001,3,19
FGD,FGD,2001,3,22
FGD,FGD,2001,3,23
FGD,FGD,2001,3,24
FGD,FGD,2001,3,25
FGD,FGD,2001,3,26
FGD,FGD,2001,11,22
FGD,FGD,2001,11,24
FGD,FGD,2001,11,25
FGD,FGD,2001,11,26
FGD,FGD,2001,11,30
FGD,FGD,2001,12,1
FGD,FGD,2001,12,2
FGD,FGD,2001,12,3
FGD,FGD,2001,12,6
FGD,FGD,2001,12,7
FGD,FGD,2001,12,9
FGD,FGD,2001,12,10
FGD,FGD,2001,12,14
FGD,FGD,2001,12,15
FGD,FGD,2001,12,16
FGD,FGD,2001,12,17
FGD,FGD,2001,12,20
FGD,FGD,2001,12,21
FGD,FGD,2001,12,23
FGD,FGD,2001,12,27
FGD,FGD,2001,12,29
FGD,FGD,2001,12,30
FGD,FGD,2001,12,31
FGD,FGD,2002,1,3
FGD,FGD,2002,1,5
FGD,FGD,2002,1,7
FGD,FGD,2002,1,10
FGD,FGD,2002,1,12
FGD,FGD,2002,1,13
FGD,FGD,2002,1,14
FGD,FGD,2002,1,17
FGD,FGD,2002,1,18
FGD,FGD,2002,1,19
FGD,FGD,2002,1,20
FGD,FGD,2002,1,21
FGD,FGD,2002,1,25
FGD,FGD,2002,1,26
FGD,FGD,2002,1,27
FGD,FGD,2002,1,28
FGD,FGD,2002,1,31
FGD,FGD,2002,2,1
FGD,FGD,2002,2,2
FGD,FGD,2002,2,3
FGD,FGD,2002,2,4
FGD,FGD,2002,2,7
FGD,FGD,2002,2,9
FGD,FGD,2002,2,10
FGD,FGD,2002,2,12
FGD,FGD,2002,2,15
FGD,FGD,2002,2,16
FGD,FGD,2002,2,17
FGD,FGD,2002,2,18
FGD,FGD,2002,2,21
FGD,FGD,2002,2,22
FGD,FGD,2002,2,23
FGD,FGD,2002,2,24
FGD,FGD,2002,2,25
FGD,FGD,2002,2,28
FGD,FGD,2002,3,1
FGD,FGD,2002,3,2
FGD,FGD,2002,3,3
FGD,FGD,2002,3,4
FGD,FGD,2002,3,7
FGD,FGD,2002,3,8
FGD,FGD,2002,3,9
FGD,FGD,2002,3,10
FGD,FGD,2002,3,11
FGD,FGD,2002,3,14
FGD,FGD,2002,3,15
FGD,FGD,2002,3,16
FGD,FGD,2002,3,17
FGD,FGD,2002,3,18
FGD,FGD,2002,3,21
FGD,FGD,2002,3,22
FGD,FGD,2002,3,23
FGD,FGD,2002,3,24
FGD,FGD,2002,3,25
FGD,FGD,2002,11,28
FGD,FGD,2002,11,29
FGD,FGD,2002,11,30
FGD,FGD,2002,12,1
FGD,FGD,2002,12,5
FGD,FGD,2002,12,6
FGD,FGD,2002,12,7
FGD,FGD,2002,12,8
FGD,FGD,2002,12,12
FGD,FGD,2002,12,13
FGD,FGD,2002,12,14
FGD,FGD,2002,12,15
FGD,FGD,2002,12,19
FGD,FGD,2002,12,20
FGD,FGD,2002,12,21
FGD,FGD,2002,12,22
FGD,FGD,2002,12,26
FGD,FGD,2002,12,27
FGD,FGD,2002,12,28
FGD,FGD,2002,12,29
FGD,FGD,2003,1,2
FGD,FGD,2003,1,3
FGD,FGD,2003,1,4
FGD,FGD,2003,1,5
FGD,FGD,2003,1,6
FGD,FGD,2003,1,9
FGD,FGD,2003,1,10
FGD,FGD,2003,1,11
FGD,FGD,2003,1,12
FGD,FGD,2003,1,13
FGD,FGD,2003,1,16
FGD,FGD,2003,1,17
FGD,FGD,2003,1,18
FGD,FGD,2003,1,19
FGD,FGD,2003,1,20
FGD,FGD,2003,1,23
FGD,FGD,2003,1,24
FGD,FGD,2003,1,25
FGD,FGD,2003,1,26
FGD,FGD,2003,1,27
FGD,FGD,2003,1,30
FGD,FGD,2003,1,31
FGD,FGD,2003,2,1
FGD,FGD,2003,2,2
FGD,FGD,2003,2,3
FGD,FGD,2003,2,6
FGD,FGD,2003,2,7
FGD,FGD,2003,2,8
FGD,FGD,2003,2,9
FGD,FGD,2003,2,10
FGD,FGD,2003,2,13
FGD,FGD,2003,2,14
FGD,FGD,2003,2,15
FGD,FGD,2003,2,16
FGD,FGD,2003,2,17
FGD,FGD,2003,2,20
FGD,FGD,2003,2,22
FGD,FGD,2003,2,23
FGD,FGD,2003,2,24
FGD,FGD,2003,2,27
FGD,FGD,2003,3,4
FGD,FGD,2003,3,7
FGD,FGD,2003,3,8
FGD,FGD,2003,3,9
FGD,FGD,2003,3,10
FGD,FGD,2003,3,13
FGD,FGD,2003,3,14
FGD,FGD,2003,3,15
FGD,FGD,2003,3,16
FGD,FGD,2003,3,17
FGD,FGD,2003,3,20
FGD,FGD,2003,3,21
FGD,FGD,2003,3,22
FGD,FGD,2003,3,23
FGD,FGD,2003,3,24
FGD,FGD,2003,3,27
FGD,FGD,2003,3,28
FGD,FGD,2003,3,29
FGD,FGD,2003,3,30
FGD,FGD,2003,3,31
FGD,FGD,2003,11,27
FGD,FGD,2003,11,28
FGD,FGD,2003,11,29
FGD,FGD,2003,11,30
FGD,FGD,2003,12,4
FGD,FGD,2003,12,5
FGD,FGD,2003,12,6
FGD,FGD,2003,12,7
FGD,FGD,2003,12,11
FGD,FGD,2003,12,12
FGD,FGD,2003,12,13
FGD,FGD,2003,12,14
FGD,FGD,2003,12,18
FGD,FGD,2003,12,19
FGD,FGD,2003,12,20
FGD,FGD,2003,12,21
FGD,FGD,2003,12,26
FGD,FGD,2003,12,27
FGD,FGD,2003,12,28
FGD,FGD,2004,1,2
FGD,FGD,2004,1,3
FGD,FGD,2004,1,4
FGD,FGD,2004,1,5
FGD,FGD,2004,1,8
FGD,FGD,2004,1,9
FGD,FGD,2004,1,10
FGD,FGD,2004,1,11
FGD,FGD,2004,1,12
FGD,FGD,2004,1,15
FGD,FGD,2004,1,16
FGD,FGD,2004,1,17
FGD,FGD,2004,1,18
FGD,FGD,2004,1,19
FGD,FGD,2004,1,22
FGD,FGD,2004,1,23
FGD,FGD,2004,1,24
FGD,FGD,2004,1,25
FGD,FGD,2004,1,26
FGD,FGD,2004,1,29
FGD,FGD,2004,1,30
FGD,FGD,2004,1,31
FGD,FGD,2004,2,1
FGD,FGD,2004,2,2
FGD,FGD,2004,2,5
FGD,FGD,2004,2,6
FGD,FGD,2004,2,7
FGD,FGD,2004,2,8
FGD,FGD,2004,2,9
FGD,FGD,2004,2,12
FGD,FGD,2004,2,13
FGD,FGD,2004,2,14
FGD,FGD,2004,2,15
FGD,FGD,2004,2,16
FGD,FGD,2004,2,19
FGD,FGD,2004,2,20
FGD,FGD,2004,2,21
FGD,FGD,2004,2,22
FGD,FGD,2004,2,23
FGD,FGD,2004,2,24
FGD,FGD,2004,2,27
FGD,FGD,2004,2,28
FGD,FGD,2004,2,29
FGD,FGD,2004,3,1
FGD,FGD,2004,3,4
FGD,FGD,2004,3,5
FGD,FGD,2004,3,6
FGD,FGD,2004,3,7
FGD,FGD,2004,3,8
FGD,FGD,2004,3,11
FGD,FGD,2004,3,12
FGD,FGD,2004,3,13
FGD,FGD,2004,3,14
FGD,FGD,2004,3,18
FGD,FGD,2004,3,19
FGD,FGD,2004,3,20
FGD,FGD,2004,3,21
FGD,FGD,2004,3,25
FGD,FGD,2004,3,26
FGD,FGD,2004,3,27
FGD,FGD,2004,3,28
FGD,FGD,2004,11,25
FGD,FGD,2004,11,26
FGD,FGD,2004,11,27
FGD,FGD,2004,11,28
FGD,FGD,2004,12,2
FGD,FGD,2004,12,3
FGD,FGD,2004,12,4
FGD,FGD,2004,12,5
FGD,FGD,2004,12,9
FGD,FGD,2004,12,10
FGD,FGD,2004,12,11
FGD,FGD,2004,12,12
FGD,FGD,2004,12,16
FGD,FGD,2004,12,17
FGD,FGD,2004,12,18
FGD,FGD,2004,12,19
FGD,FGD,2004,12,23
FGD,FGD,2004,12,24
FGD,FGD,2004,12,26
FGD,FGD,2004,12,30
FGD,FGD,2004,12,31
FGD,FGD,2005,1,1
FGD,FGD,2005,1,2
FGD,FGD,2005,1,3
FGD,FGD,2005,1,6
FGD,FGD,2005,1,7
FGD,FGD,2005,1,8
FGD,FGD,2005,1,9
FGD,FGD,2005,1,10
FGD,FGD,2005,1,13
FGD,FGD,2005,1,14
FGD,FGD,2005,1,15
FGD,FGD,2005,1,16
FGD,FGD,2005,1,17
FGD,FGD,2005,1,20
FGD,FGD,2005,1,21
FGD,FGD,2005,1,22
FGD,FGD,2005,1,23
FGD,FGD,2005,1,24
FGD,FGD,2005,1,27
FGD,FGD,2005,1,28
FGD,FGD,2005,1,29
FGD,FGD,2005,1,30
FGD,FGD,2005,1,31
FGD,FGD,2005,2,3
FGD,FGD,2005,2,4
FGD,FGD,2005,2,5
FGD,FGD,2005,2,6
FGD,FGD,2005,2,7
FGD,FGD,2005,2,8
FGD,FGD,2005,2,11
FGD,FGD,2005,2,12
FGD,FGD,2005,2,13
FGD,FGD,2005,2,14
FGD,FGD,2005,2,17
FGD,FGD,2005,2,18
FGD,FGD,2005,2,19
FGD,FGD,2005,2,20
FGD,FGD,2005,2,21
FGD,FGD,2005,2,24
FGD,FGD,2005,2,25
FGD,FGD,2005,2,26
FGD,FGD,2005,2,27
FGD,FGD,2005,2,28
FGD,FGD,2005,3,3
FGD,FGD,2005,3,4
FGD,FGD,2005,3,5
FGD,FGD,2005,3,6
FGD,FGD,2005,3,7
FGD,FGD,2005,3,10
FGD,FGD,2005,3,11
FGD,FGD,2005,3,12
FGD,FGD,2005,3,13
FGD,FGD,2005,3,14
FGD,FGD,2005,3,17
FGD,FGD,2005,3,18
FGD,FGD,2005,3,19
FGD,FGD,2005,3,20
FGD,FGD,2005,3,24
FGD,FGD,2005,3,25
FGD,FGD,2005,3,26
FGD,FGD,2005,3,27
FGD,FGD,2005,11,19
FGD,FGD,2005,11,20
FGD,FGD,2005,11,24
FGD,FGD,2005,11,25
FGD,FGD,2005,11,26
FGD,FGD,2005,11,27
FGD,FGD,2005,12,1
FGD,FGD,2005,12,2
FGD,FGD,2005,12,3
FGD,FGD,2005,12,4
FGD,FGD,2005,12,8
FGD,FGD,2005,12,9
FGD,FGD,2005,12,10
FGD,FGD,2005,12,11
FGD,FGD,2005,12,15
FGD,FGD,2005,12,16
FGD,FGD,2005,12,17
FGD,FGD,2005,12,18
FGD,FGD,2005,12,22
FGD,FGD,2005,12,23
FGD,FGD,2005,12,24
FGD,FGD,2005,12,28
FGD,FGD,2005,12,29
FGD,FGD,2005,12,30
FGD,FGD,2005,12,31
FGD,FGD,2006,1,1
FGD,FGD,2006,1,5
FGD,FGD,2006,1,6
FGD,FGD,2006,1,7
FGD,FGD,2006,1,8
FGD,FGD,2006,1,12
FGD,FGD,2006,1,13
FGD,FGD,2006,1,14
FGD,FGD,2006,1,15
FGD,FGD,2006,1,20
FGD,FGD,2006,1,21
FGD,FGD,2006,1,22
FGD,FGD,2006,11,23
FGD,FGD,2006,11,24
FGD,FGD,2006,11,25
FGD,FGD,2006,11,26
FGD,FGD,2006,11,30
FGD,FGD,2006,12,1
FGD,FGD,2006,12,2
FGD,FGD,2006,12,3
FGD,FGD,2006,12,7
FGD,FGD,2006,12,8
FGD,FGD,2006,12,9
FGD,FGD,2006,12,10
FGD,FGD,2006,12,14
FGD,FGD,2006,12,15
FGD,FGD,2006,12,16
FGD,FGD,2006,12,17
FGD,FGD,2006,12,22
FGD,FGD,2006,12,23
FGD,FGD,2006,12,24
FGD,FGD,2006,12,28
FGD,FGD,2006,12,29
FGD,FGD,2006,12,30
FGD,FGD,2006,12,31
FGD,FGD,2007,1,1
FGD,FGD,2007,1,4
FGD,FGD,2007,1,5
FGD,FGD,2007,1,6
FGD,FGD,2007,1,7
FGD,FGD,2007,1,8
FGD,FGD,2007,1,11
FGD,FGD,2007,1,12
FGD,FGD,2007,1,13
FGD,FGD,2007,1,14
FGD,FGD,2007,1,15
FGD,FGD,2007,1,18
FGD,FGD,2007,1,19
FGD,FGD,2007,1,20
FGD,FGD,2007,1,21
FGD,FGD,2007,1,22
FGD,FGD,2007,1,25
FGD,FGD,2007,1,26
FGD,FGD,2007,1,27
FGD,FGD,2007,1,28
FGD,FGD,2007,1,29
FGD,FGD,2007,2,1
FGD,FGD,2007,2,2
FGD,FGD,2007,2,3
FGD,FGD,2007,2,4
FGD,FGD,2007,2,5
FGD,FGD,2007,2,8
FGD,FGD,2007,2,9
FGD,FGD,2007,2,10
FGD,FGD,2007,2,11
FGD,FGD,2007,2,12
FGD,FGD,2007,2,15
FGD,FGD,2007,2,16
FGD,FGD,2007,2,17
FGD,FGD,2007,2,18
FGD,FGD,2007,2,19
FGD,FGD,2007,2,20
FGD,FGD,2007,2,23
FGD,FGD,2007,2,24
FGD,FGD,2007,2,25
FGD,FGD,2007,2,26
FGD,FGD,2007,3,1
FGD,FGD,2007,3,2
FGD,FGD,2007,3,3
FGD,FGD,2007,3,4
FGD,FGD,2007,3,8
FGD,FGD,2007,3,9
FGD,FGD,2007,3,10
FGD,FGD,2007,3,11
FGD,FGD,2007,3,12
FGD,FGD,2007,3,15
FGD,FGD,2007,3,16
FGD,FGD,2007,3,17
FGD,FGD,2007,3,18
FGD,FGD,2007,3,22
FGD,FGD,2007,3,23
FGD,FGD,2007,3,24
FGD,FGD,2007,3,25
FGD,FGD,2007,11,22
FGD,FGD,2007,11,23
FGD,FGD,2007,11,24
FGD,FGD,2007,11,25
FGD,FGD,2007,11,29
FGD,FGD,2007,11,30
FGD,FGD,2007,12,1
FGD,FGD,2007,12,2
FGD,FGD,2007,12,6
FGD,FGD,2007,12,7
FGD,FGD,2007,12,8
FGD,FGD,2007,12,9
FGD,FGD,2007,12,13
FGD,FGD,2007,12,14
FGD,FGD,2007,12,15
FGD,FGD,2007,12,16
FGD,FGD,2007,12,20
FGD,FGD,2007,12,21
FGD,FGD,2007,12,22
FGD,FGD,2007,12,23
FGD,FGD,2007,12,24
FGD,FGD,2007,12,27
FGD,FGD,2007,12,28
FGD,FGD,2007,12,29
FGD,FGD,2007,12,30
FGD,FGD,2007,12,31
FGD,FGD,2008,1,1
FGD,FGD,2008,1,4
FGD,FGD,2008,1,5
FGD,FGD,2008,1,6
FGD,FGD,2008,1,7
FGD,FGD,2008,1,10
FGD,FGD,2008,1,11
FGD,FGD,2008,1,12
FGD,FGD,2008,1,13
FGD,FGD,2008,1,14
FGD,FGD,2008,1,17
FGD,FGD,2008,1,18
FGD,FGD,2008,1,19
FGD,FGD,2008,1,20
FGD,FGD,2008,1,21
FGD,FGD,2008,1,24
FGD,FGD,2008,1,25
FGD,FGD,2008,1,26
FGD,FGD,2008,1,27
FGD,FGD,2008,1,28
FGD,FGD,2008,1,31
FGD,FGD,2008,2,1
FGD,FGD,2008,2,2
FGD,FGD,2008,2,3
FGD,FGD,2008,2,4
FGD,FGD,2008,2,5
FGD,FGD,2008,2,8
FGD,FGD,2008,2,9
FGD,FGD,2008,2,10
FGD,FGD,2008,2,11
FGD,FGD,2008,2,14
FGD,FGD,2008,2,15
FGD,FGD,2008,2,16
FGD,FGD,2008,2,17
FGD,FGD,2008,2,18
FGD,FGD,2008,2,21
FGD,FGD,2008,2,22
FGD,FGD,2008,2,23
FGD,FGD,2008,2,24
FGD,FGD,2008,2,28
FGD,FGD,2008,2,29
FGD,FGD,2008,3,1
FGD,FGD,2008,3,2
FGD,FGD,2008,3,6
FGD,FGD,2008,3,7
FGD,FGD,2008,3,8
FGD,FGD,2008,3,9
FGD,FGD,2008,3,13
FGD,FGD,2008,3,14
FGD,FGD,2008,3,15
FGD,FGD,2008,3,16
FGD,FGD,2008,3,20
FGD,FGD,2008,3,21
FGD,FGD,2008,3,22
FGD,FGD,2008,3,23
FGD,FGD,2008,11,14
FGD,FGD,2008,11,15
FGD,FGD,2008,11,16
FGD,FGD,2008,11,21
FGD,FGD,2008,11,22
FGD,FGD,2008,11,23
FGD,FGD,2008,11,27
FGD,FGD,2008,11,28
FGD,FGD,2008,11,29
FGD,FGD,2008,11,30
FGD,FGD,2008,12,4
FGD,FGD,2008,12,5
FGD,FGD,2008,12,6
FGD,FGD,2008,12,7
FGD,FGD,2008,12,12
FGD,FGD,2008,12,13
FGD,FGD,2008,12,14
FGD,FGD,2008,12,18
FGD,FGD,2008,12,19
FGD,FGD,2008,12,20
FGD,FGD,2008,12,21
FGD,FGD,2008,12,22
FGD,FGD,2008,12,26
FGD,FGD,2008,12,27
FGD,FGD,2008,12,28
FGD,FGD,2008,12,29
FGD,FGD,2008,12,31
FGD,FGD,2009,1,1
FGD,FGD,2009,1,2
FGD,FGD,2009,1,3
FGD,FGD,2009,1,4
FGD,FGD,2009,1,5
FGD,FGD,2009,1,8
FGD,FGD,2009,1,9
FGD,FGD,2009,1,10
FGD,FGD,2009,1,11
FGD,FGD,2009,1,12
FGD,FGD,2009,1,15
FGD,FGD,2009,1,16
FGD,FGD,2009,1,17
FGD,FGD,2009,1,18
FGD,FGD,2009,1,19
FGD,FGD,2009,1,22
FGD,FGD,2009,1,23
FGD,FGD,2009,1,24
FGD,FGD,2009,1,25
FGD,FGD,2009,1,26
FGD,FGD,2009,1,29
FGD,FGD,2009,1,30
FGD,FGD,2009,1,31
FGD,FGD,2009,2,1
FGD,FGD,2009,2,2
FGD,FGD,2009,2,5
FGD,FGD,2009,2,6
FGD,FGD,2009,2,7
FGD,FGD,2009,2,8
FGD,FGD,2009,2,9
FGD,FGD,2009,2,12
FGD,FGD,2009,2,13
FGD,FGD,2009,2,14
FGD,FGD,2009,2,15
FGD,FGD,2009,2,16
FGD,FGD,2009,2,19
FGD,FGD,2009,2,20
FGD,FGD,2009,2,21
FGD,FGD,2009,2,22
FGD,FGD,2009,2,23
FGD,FGD,2009,2,24
FGD,FGD,2009,2,27
FGD,FGD,2009,2,28
FGD,FGD,2009,3,1
FGD,FGD,2009,3,5
FGD,FGD,2009,3,6
FGD,FGD,2009,3,7
FGD,FGD,2009,3,8
FGD,FGD,2009,3,12
FGD,FGD,2009,3,13
FGD,FGD,2009,3,14
FGD,FGD,2009,3,15
FGD,FGD,2009,3,19
FGD,FGD,2009,3,20
FGD,FGD,2009,3,21
FGD,FGD,2009,3,22
FGD,FGD,2009,3,27
FGD,FGD,2009,3,28
FGD,FGD,2009,3,29
FGD,FGD,2010,1,22
FGD,FGD,2010,1,23
FGD,FGD,2010,1,24
FGD,FGD,2010,1,25
FGD,FGD,2010,1,29
FGD,FGD,2010,1,30
FGD,FGD,2010,1,31
FGD,FGD,2010,2,1
FGD,FGD,2010,2,5
FGD,FGD,2010,2,6
FGD,FGD,2010,2,7
FGD,FGD,2010,2,8
FGD,FGD,2010,2,12
FGD,FGD,2010,2,13
FGD,FGD,2010,2,14
FGD,FGD,2010,2,15
FGD,FGD,2010,2,16
FGD,FGD,2010,2,19
FGD,FGD,2010,2,20
FGD,FGD,2010,2,21
FGD,FGD,2010,2,22
FGD,FGD,2010,2,26
FGD,FGD,2010,2,27
FGD,FGD,2010,2,28
FGD,FGD,2010,3,1
FGD,FGD,2010,3,5
FGD,FGD,2010,3,6
FGD,FGD,2010,3,7
FGD,FGD,2010,3,8
FGD,FGD,2010,3,12
FGD,FGD,2010,3,13
FGD,FGD,2010,3,14
FGD,FGD,2010,3,15
FGD,FGD,2010,3,17
FGD,FGD,2010,3,19
FGD,FGD,2010,3,20
FGD,FGD,2010,3,21
FGD,FGD,2010,3,22
FGD,FGD,2010,3,26
FGD,FGD,2010,3,27
FGD,FGD,2010,3,28
FGD,FGD,2010,11,25
FGD,FGD,2010,11,26
FGD,FGD,2010,11,27
FGD,FGD,2010,11,28
FGD,FGD,2010,12,2
FGD,FGD,2010,12,3
FGD,FGD,2010,12,4
FGD,FGD,2010,12,5
FGD,FGD,2010,12,6
FGD,FGD,2010,12,9
FGD,FGD,2010,12,10
FGD,FGD,2010,12,11
FGD,FGD,2010,12,12
FGD,FGD,2010,12,13
FGD,FGD,2010,12,16
FGD,FGD,2010,12,17
FGD,FGD,2010,12,18
FGD,FGD,2010,12,19
FGD,FGD,2010,12,20
FGD,FGD,2010,12,22
FGD,FGD,2010,12,23
FGD,FGD,2010,12,26
FGD,FGD,2010,12,27
FGD,FGD,2010,12,30
FGD,FGD,2010,12,31
FGD,FGD,2011,1,1
FGD,FGD,2011,1,2
FGD,FGD,2011,1,3
FGD,FGD,2011,1,6
FGD,FGD,2011,1,7
FGD,FGD,2011,1,8
FGD,FGD,2011,1,9
FGD,FGD,2011,1,10
FGD,FGD,2011,1,14
FGD,FGD,2011,1,15
FGD,FGD,2011,1,16
FGD,FGD,2011,1,17
FGD,FGD,2011,1,20
FGD,FGD,2011,1,21
FGD,FGD,2011,1,22
FGD,FGD,2011,1,23
FGD,FGD,2011,1,24
FGD,FGD,2011,1,27
FGD,FGD,2011,1,28
FGD,FGD,2011,1,29
FGD,FGD,2011,1,30
FGD,FGD,2011,1,31
FGD,FGD,2011,2,3
FGD,FGD,2011,2,4
FGD,FGD,2011,2,5
FGD,FGD,2011,2,6
FGD,FGD,2011,2,7
FGD,FGD,2011,2,10
FGD,FGD,2011,2,11
FGD,FGD,2011,2,12
FGD,FGD,2011,2,13
FGD,FGD,2011,2,14
FGD,FGD,2011,2,17
FGD,FGD,2011,2,18
FGD,FGD,2011,2,19
FGD,FGD,2011,2,20
FGD,FGD,2011,2,21
FGD,FGD,2011,2,24
FGD,FGD,2011,2,25
FGD,FGD,2011,2,26
FGD,FGD,2011,2,27
FGD,FGD,2011,2,28
FGD,FGD,2011,3,4
FGD,FGD,2011,3,5
FGD,FGD,2011,3,6
FGD,FGD,2011,3,7
FGD,FGD,2011,3,8
FGD,FGD,2011,3,11
FGD,FGD,2011,3,12
FGD,FGD,2011,3,13
FGD,FGD,2011,3,14
FGD,FGD,2011,3,18
FGD,FGD,2011,3,19
FGD,FGD,2011,3,20
FGD,FGD,2011,3,21
FGD,FGD,2011,3,25
FGD,FGD,2011,3,26
FGD,FGD,2011,3,27
FGD,FGD,2011,11,24
FGD,FGD,2011,11,25
FGD,FGD,2011,11,26
FGD,FGD,2011,11,27
FGD,FGD,2011,12,1
FGD,FGD,2011,12,2
FGD,FGD,2011,12,3
FGD,FGD,2011,12,4
FGD,FGD,2011,12,7
FGD,FGD,2011,12,8
FGD,FGD,2011,12,9
FGD,FGD,2011,12,10
FGD,FGD,2011,12,11
FGD,FGD,2011,12,14
FGD,FGD,2011,12,15
FGD,FGD,2011,12,16
FGD,FGD,2011,12,17
FGD,FGD,2011,12,18
FGD,FGD,2011,12,21
FGD,FGD,2011,12,22
FGD,FGD,2011,12,23
FGD,FGD,2011,12,26
FGD,FGD,2011,12,28
FGD,FGD,2011,12,29
FGD,FGD,2011,12,30
FGD,FGD,2011,12,31
FGD,FGD,2012,1,1
FGD,FGD,2012,1,4
FGD,FGD,2012,1,5
FGD,FGD,2012,1,6
FGD,FGD,2012,1,7
FGD,FGD,2012,1,8
FGD,FGD,2012,1,11
FGD,FGD,2012,1,12
FGD,FGD,2012,1,13
FGD,FGD,2012,1,14
FGD,FGD,2012,1,15
FGD,FGD,2012,1,18
FGD,FGD,2012,1,19
FGD,FGD,2012,1,20
FGD,FGD,2012,1,21
FGD,FGD,2012,1,22
FGD,FGD,2012,1,25
FGD,FGD,2012,1,26
FGD,FGD,2012,1,27
FGD,FGD,2012,1,28
FGD,FGD,2012,1,29
FGD,FGD,2012,2,2
FGD,FGD,2012,2,3
FGD,FGD,2012,2,4
FGD,FGD,2012,2,5
FGD,FGD,2012,2,9
FGD,FGD,2012,2,10
FGD,FGD,2012,2,11
FGD,FGD,2012,2,12
FGD,FGD,2012,2,16
FGD,FGD,2012,2,17
FGD,FGD,2012,2,18
FGD,FGD,2012,2,19
FGD,FGD,2012,2,21
FGD,FGD,2012,2,23
FGD,FGD,2012,2,24
FGD,FGD,2012,2,25
FGD,FGD,2012,2,26
FGD,FGD,2012,3,1
FGD,FGD,2012,3,2
FGD,FGD,2012,3,3
FGD,FGD,2012,3,4
FGD,FGD,2012,3,8
FGD,FGD,2012,3,9
FGD,FGD,2012,3,10
FGD,FGD,2012,3,11
FGD,FGD,2012,3,15
FGD,FGD,2012,3,16
FGD,FGD,2012,3,17
FGD,FGD,2012,3,18
FGD,FGD,2012,3,23
FGD,FGD,2012,3,24
FGD,FGD,2012,3,25
FGD,FGD,2012,3,29
FGD,FGD,2012,3,30
FGD,FGD,2012,3,31
FGD,FGD,2012,4,1
FGD,FGD,2012,11,22
FGD,FGD,2012,11,23
FGD,FGD,2012,11,24
FGD,FGD,2012,11,25
FGD,FGD,2012,11,29
FGD,FGD,2012,11,30
FGD,FGD,2012,12,1
FGD,FGD,2012,12,2
FGD,FGD,2012,12,6
FGD,FGD,2012,12,7
FGD,FGD,2012,12,8
FGD,FGD,2012,12,9
FGD,FGD,2012,12,13
FGD,FGD,2012,12,14
FGD,FGD,2012,12,15
FGD,FGD,2012,12,16
FGD,FGD,2012,12,19
FGD,FGD,2012,12,20
FGD,FGD,2012,12,21
FGD,FGD,2012,12,22
FGD,FGD,2012,12,23
FGD,FGD,2012,12,26
FGD,FGD,2012,12,27
FGD,FGD,2012,12,28
FGD,FGD,2012,12,29
FGD,FGD,2012,12,30
FGD,FGD,2012,12,31
FGD,FGD,2013,1,4
FGD,FGD,2013,1,5
FGD,FGD,2013,1,6
FGD,FGD,2013,1,11
FGD,FGD,2013,1,12
FGD,FGD,2013,1,13
FGD,FGD,2013,1,17
FGD,FGD,2013,1,18
FGD,FGD,2013,1,19
FGD,FGD,2013,1,20
FGD,FGD,2013,1,21
FGD,FGD,2013,1,24
FGD,FGD,2013,1,25
FGD,FGD,2013,1,26
FGD,FGD,2013,1,27
FGD,FGD,2013,1,31
FGD,FGD,2013,2,1
FGD,FGD,2013,2,2
FGD,FGD,2013,2,7
FGD,FGD,2013,2,8
FGD,FGD,2013,2,9
FGD,FGD,2013,2,10
FGD,FGD,2013,2,12
FGD,FGD,2013,2,14
FGD,FGD,2013,2,15
FGD,FGD,2013,2,16
FGD,FGD,2013,2,17
FGD,FGD,2013,2,18
FGD,FGD,2013,2,21
FGD,FGD,2013,2,22
FGD,FGD,2013,2,23
FGD,FGD,2013,2,24
FGD,FGD,2013,2,28
FGD,FGD,2013,3,1
FGD,FGD,2013,3,2
FGD,FGD,2013,3,3
FGD,FGD,2013,3,6
FGD,FGD,2013,3,7
FGD,FGD,2013,3,8
FGD,FGD,2013,3,9
FGD,FGD,2013,3,10
FGD,FGD,2013,3,13
FGD,FGD,2013,3,14
FGD,FGD,2013,3,15
FGD,FGD,2013,3,16
FGD,FGD,2013,3,17
FGD,FGD,2013,3,20
FGD,FGD,2013,3,21
FGD,FGD,2013,3,22
FGD,FGD,2013,3,23
FGD,FGD,2013,3,24
FGD,FGD,2013,3,27
FGD,FGD,2013,3,28
FGD,FGD,2013,3,29
FGD,FGD,2013,3,30
FGD,FGD,2013,3,31
FGD,FGD,2013,11,22
FGD,FGD,2013,11,23
FGD,FGD,2013,11,24
FGD,FGD,2013,11,28
FGD,FGD,2013,11,29
FGD,FGD,2013,11,30
FGD,FGD,2013,12,1
FGD,FGD,2013,12,5
FGD,FGD,2013,12,6
FGD,FGD,2013,12,7
FGD,FGD,2013,12,8
FGD,FGD,2013,12,12
FGD,FGD,2013,12,13
FGD,FGD,2013,12,14
FGD,FGD,2013,12,15
FGD,FGD,2013,12,19
FGD,FGD,2013,12,20
FGD,FGD,2013,12,21
FGD,FGD,2013,12,22
FGD,FGD,2013,12,23
FGD,FGD,2013,12,26
FGD,FGD,2013,12,27
FGD,FGD,2013,12,28
FGD,FGD,2013,12,29
FGD,FGD,2013,12,31
FGD,FGD,2014,1,1
FGD,FGD,2014,1,3
FGD,FGD,2014,1,4
FGD,FGD,2014,1,5
FGD,FGD,2014,1,9
FGD,FGD,2014,1,10
FGD,FGD,2014,1,11
FGD,FGD,2014,1,12
FGD,FGD,2014,1,16
FGD,FGD,2014,1,17
FGD,FGD,2014,1,18
FGD,FGD,2014,1,19
FGD,FGD,2014,1,20
FGD,FGD,2014,1,23
FGD,FGD,2014,1,24
FGD,FGD,2014,1,25
FGD,FGD,2014,1,26
FGD,FGD,2014,1,30
FGD,FGD,2014,1,31
FGD,FGD,2014,2,1
FGD,FGD,2014,2,2
FGD,FGD,2014,2,6
FGD,FGD,2014,2,7
FGD,FGD,2014,2,8
FGD,FGD,2014,2,9
FGD,FGD,2014,2,13
FGD,FGD,2014,2,14
FGD,FGD,2014,2,15
FGD,FGD,2014,2,16
FGD,FGD,2014,2,17
FGD,FGD,2014,2,20
FGD,FGD,2014,2,21
FGD,FGD,2014,2,22
FGD,FGD,2014,2,23
FGD,FGD,2014,2,27
FGD,FGD,2014,2,28
FGD,FGD,2014,3,1
FGD,FGD,2014,3,2
FGD,FGD,2014,3,4
FGD,FGD,2014,3,5
FGD,FGD,2014,3,6
FGD,FGD,2014,3,7
FGD,FGD,2014,3,8
FGD,FGD,2014,3,9
FGD,FGD,2014,3,12
FGD,FGD,2014,3,13
FGD,FGD,2014,3,14
FGD,FGD,2014,3,15
FGD,FGD,2014,3,16
FGD,FGD,2014,3,19
FGD,FGD,2014,3,20
FGD,FGD,2014,3,21
FGD,FGD,2014,3,22
FGD,FGD,2014,3,23
FGD,FGD,2014,3,26
FGD,FGD,2014,3,27
FGD,FGD,2014,3,29
FGD,FGD,2014,3,30
FGD,FGD,2014,11,21
FGD,FGD,2014,11,22
FGD,FGD,2014,11,23
FGD,FGD,2014,11,27
FGD,FGD,2014,11,28
FGD,FGD,2014,11,29
FGD,FGD,2014,11,30
FGD,FGD,2014,12,4
FGD,FGD,2014,12,5
FGD,FGD,2014,12,6
FGD,FGD,2014,12,7
FGD,FGD,2014,12,11
FGD,FGD,2014,12,12
FGD,FGD,2014,12,13
FGD,FGD,2014,12,14
FGD,FGD,2014,12,18
FGD,FGD,2014,12,19
FGD,FGD,2014,12,20
FGD,FGD,2014,12,21
FGD,FGD,2014,12,26
FGD,FGD,2014,12,27
FGD,FGD,2014,12,28
FGD,FGD,2014,12,29
FGD,FGD,2014,12,31
FGD,FGD,2015,1,1
FGD,FGD,2015,1,2
FGD,FGD,2015,1,3
FGD,FGD,2015,1,4
FGD,FGD,2015,1,8
FGD,FGD,2015,1,9
FGD,FGD,2015,1,10
FGD,FGD,2015,1,11
FGD,FGD,2015,1,12
FGD,FGD,2015,1,15
FGD,FGD,2015,1,16
FGD,FGD,2015,1,17
FGD,FGD,2015,1,18
FGD,FGD,2015,1,19
FGD,FGD,2015,1,22
FGD,FGD,2015,1,23
FGD,FGD,2015,1,24
FGD,FGD,2015,1,25
FGD,FGD,2015,1,26
FGD,FGD,2015,1,29
FGD,FGD,2015,1,30
FGD,FGD,2015,1,31
FGD,FGD,2015,2,1
FGD,FGD,2015,2,5
FGD,FGD,2015,2,6
FGD,FGD,2015,2,7
FGD,FGD,2015,2,8
FGD,FGD,2015,2,12
FGD,FGD,2015,2,13
FGD,FGD,2015,2,14
FGD,FGD,2015,2,15
FGD,FGD,2015,2,16
FGD,FGD,2015,2,17
FGD,FGD,2015,2,19
FGD,FGD,2015,2,20
FGD,FGD,2015,2,21
FGD,FGD,2015,2,22
FGD,FGD,2015,2,26
FGD,FGD,2015,2,27
FGD,FGD,2015,2,28
FGD,FGD,2015,3,1
FGD,FGD,2015,3,5
FGD,FGD,2015,3,6
FGD,FGD,2015,3,7
FGD,FGD,2015,3,8
FGD,FGD,2015,3,12
FGD,FGD,2015,3,13
FGD,FGD,2015,3,14
FGD,FGD,2015,3,15
FGD,FGD,2015,3,19
FGD,FGD,2015,3,20
FGD,FGD,2015,3,21
FGD,FGD,2015,3,22
FGD,FGD,2015,3,26
FGD,FGD,2015,3,27
FGD,FGD,2015,3,28
FGD,FGD,2015,3,29
FGD,FGD,2015,11,19
FGD,FGD,2015,11,20
FGD,FGD,2015,11,21
FGD,FGD,2015,11,22
FLK,FLK,1998,8,14
FLK,FLK,1998,8,15
FLK,FLK,1998,8,17
FLK,FLK,1998,8,18
FLK,FLK,1998,8,21
FLK,FLK,1998,8,22
FLK,FLK,1998,8,23
FLK,FLK,1998,8,24
FLK,FLK,1998,8,25
FLK,FLK,1998,8,28
FLK,FLK,1998,8,29
FLK,FLK,1998,8,30
FLK,FLK,1998,8,31
FLK,FLK,1998,9,1
FLK,FLK,1998,9,4
FLK,FLK,1998,9,5
FLK,FLK,1998,9,6
FLK,FLK,1998,9,7
FLK,FLK,1998,9,8
FLK,FLK,1998,9,9
FLK,FLK,1998,9,10
FLK,FLK,1998,9,12
FLK,FLK,1998,9,13
FLK,FLK,1998,9,14
FLK,FLK,1998,9,15
FLK,FLK,1998,9,18
FLK,FLK,1998,9,19
FLK,FLK,1998,9,20
FLK,FLK,1998,9,21
FLK,FLK,1998,9,22
FLK,FLK,1998,9,25
FLK,FLK,1998,9,26
FLK,FLK,1998,9,27
FLK,FLK,1998,9,29
FLK,FLK,1998,9,30
FLK,FLK,1998,10,2
FLK,FLK,1998,10,3
FLK,FLK,1998,10,4
FLK,FLK,1998,10,5
FLK,FLK,1998,10,6
FLK,FLK,1998,10,9
FLK,FLK,1998,10,10
FLK,FLK,1998,10,11
FLK,FLK,1998,10,12
FLK,FLK,1998,10,13
FLK,FLK,1998,10,14
FLK,FLK,1998,10,16
FLK,FLK,1998,10,17
FLK,FLK,1998,10,18
FLK,FLK,1998,10,19
FLK,FLK,1998,10,20
FLK,FLK,1998,10,23
FLK,FLK,1998,10,24
FLK,FLK,1998,10,25
FLK,FLK,1998,10,26
FLK,FLK,1998,10,27
FLK,FLK,1998,10,30
FLK,FLK,1998,10,31
FLK,FLK,1998,11,1
FLK,FLK,1998,11,2
FLK,FLK,1998,11,4
FLK,FLK,1998,11,8
FLK,FLK,1998,11,9
FLK,FLK,1998,11,10
FLK,FLK,1998,11,14
FLK,FLK,1998,11,15
FLK,FLK,1998,11,16
FLK,FLK,1998,11,17
FLK,FLK,1998,11,21
FLK,FLK,1998,11,22
FLK,FLK,1998,11,23
FLK,FLK,1998,11,24
FLK,FLK,1998,11,28
FLK,FLK,1998,11,29
FLK,FLK,1998,11,30
FLK,FLK,1998,12,1
FLK,FLK,1999,4,12
FLK,FLK,1999,4,13
FLK,FLK,1999,4,17
FLK,FLK,1999,4,18
FLK,FLK,1999,4,19
FLK,FLK,1999,4,24
FLK,FLK,1999,4,25
FLK,FLK,1999,4,30
FLK,FLK,1999,5,1
FLK,FLK,1999,5,2
FLK,FLK,1999,5,3
FLK,FLK,1999,5,4
FLK,FLK,1999,5,7
FLK,FLK,1999,5,8
FLK,FLK,1999,5,9
FLK,FLK,1999,5,11
FLK,FLK,1999,5,14
FLK,FLK,1999,5,15
FLK,FLK,1999,5,16
FLK,FLK,1999,5,17
FLK,FLK,1999,5,22
FLK,FLK,1999,5,23
FLK,FLK,1999,5,24
FLK,FLK,1999,5,28
FLK,FLK,1999,5,29
FLK,FLK,1999,5,30
FLK,FLK,1999,5,31
FLK,FLK,1999,6,2
FLK,FLK,1999,6,4
FLK,FLK,1999,6,5
FLK,FLK,1999,6,6
FLK,FLK,1999,6,7
FLK,FLK,1999,6,8
FLK,FLK,1999,6,11
FLK,FLK,1999,6,12
FLK,FLK,1999,6,13
FLK,FLK,1999,6,14
FLK,FLK,1999,6,18
FLK,FLK,1999,6,19
FLK,FLK,1999,6,22
FLK,FLK,1999,6,25
FLK,FLK,1999,6,26
FLK,FLK,1999,6,28
FLK,FLK,1999,6,29
FLK,FLK,1999,7,2
FLK,FLK,1999,7,3
FLK,FLK,1999,7,4
FLK,FLK,1999,7,5
FLK,FLK,1999,7,6
FLK,FLK,1999,7,7
FLK,FLK,1999,7,9
FLK,FLK,1999,7,10
FLK,FLK,1999,7,11
FLK,FLK,1999,7,16
FLK,FLK,1999,7,18
FLK,FLK,1999,7,23
FLK,FLK,1999,7,24
FLK,FLK,1999,7,25
FLK,FLK,1999,7,26
FLK,FLK,1999,7,27
FLK,FLK,1999,7,30
FLK,FLK,1999,7,31
FLK,FLK,1999,8,1
FLK,FLK,1999,8,2
FLK,FLK,1999,8,3
FLK,FLK,1999,8,10
FLK,FLK,1999,8,15
FLK,FLK,1999,8,16
FLK,FLK,1999,8,17
FLK,FLK,1999,8,20
FLK,FLK,1999,8,21
FLK,FLK,1999,8,22
FLK,FLK,1999,8,23
FLK,FLK,1999,8,30
FLK,FLK,1999,8,31
FLK,FLK,1999,9,3
FLK,FLK,1999,9,4
FLK,FLK,1999,9,5
FLK,FLK,1999,9,7
FLK,FLK,1999,9,8
FLK,FLK,1999,9,9
FLK,FLK,1999,9,11
FLK,FLK,1999,9,12
FLK,FLK,1999,9,13
FLK,FLK,1999,9,14
FLK,FLK,1999,9,17
FLK,FLK,1999,9,18
FLK,FLK,1999,9,19
FLK,FLK,1999,9,20
FLK,FLK,1999,9,21
FLK,FLK,1999,9,24
FLK,FLK,1999,9,25
FLK,FLK,1999,9,26
FLK,FLK,1999,9,27
FLK,FLK,1999,9,28
FLK,FLK,1999,10,1
FLK,FLK,1999,10,2
FLK,FLK,1999,10,3
FLK,FLK,1999,10,4
FLK,FLK,1999,10,8
FLK,FLK,1999,10,9
FLK,FLK,1999,10,10
FLK,FLK,1999,10,11
FLK,FLK,1999,10,12
FLK,FLK,1999,10,13
FLK,FLK,1999,10,16
FLK,FLK,1999,10,17
FLK,FLK,1999,10,18
FLK,FLK,1999,10,19
FLK,FLK,1999,10,22
FLK,FLK,1999,10,23
FLK,FLK,1999,10,24
FLK,FLK,1999,10,25
FLK,FLK,1999,10,26
FLK,FLK,1999,10,29
FLK,FLK,1999,10,30
FLK,FLK,1999,10,31
FLK,FLK,1999,11,1
FLK,FLK,1999,11,3
FLK,FLK,1999,11,5
FLK,FLK,1999,11,6
FLK,FLK,1999,11,8
FLK,FLK,1999,11,12
FLK,FLK,1999,11,13
FLK,FLK,1999,11,15
FLK,FLK,1999,11,16
FLK,FLK,1999,11,19
FLK,FLK,1999,11,23
FLK,FLK,1999,11,26
FLK,FLK,1999,11,27
FLK,FLK,1999,11,29
FLK,FLK,1999,11,30
FLK,FLK,1999,12,3
FLK,FLK,1999,12,4
FLK,FLK,1999,12,7
FLK,FLK,1999,12,10
FLK,FLK,2000,4,10
FLK,FLK,2000,4,11
FLK,FLK,2000,4,15
FLK,FLK,2000,4,17
FLK,FLK,2000,4,18
FLK,FLK,2000,4,21
FLK,FLK,2000,4,22
FLK,FLK,2000,4,24
FLK,FLK,2000,4,25
FLK,FLK,2000,4,29
FLK,FLK,2000,4,30
FLK,FLK,2000,5,1
FLK,FLK,2000,5,2
FLK,FLK,2000,5,5
FLK,FLK,2000,5,6
FLK,FLK,2000,5,7
FLK,FLK,2000,5,8
FLK,FLK,2000,5,9
FLK,FLK,2000,5,14
FLK,FLK,2000,5,15
FLK,FLK,2000,5,16
FLK,FLK,2000,5,19
FLK,FLK,2000,5,20
FLK,FLK,2000,5,21
FLK,FLK,2000,5,22
FLK,FLK,2000,5,23
FLK,FLK,2000,5,26
FLK,FLK,2000,5,27
FLK,FLK,2000,5,28
FLK,FLK,2000,5,29
FLK,FLK,2000,5,30
FLK,FLK,2000,5,31
FLK,FLK,2000,6,2
FLK,FLK,2000,6,3
FLK,FLK,2000,6,4
FLK,FLK,2000,6,5
FLK,FLK,2000,6,6
FLK,FLK,2000,6,9
FLK,FLK,2000,6,10
FLK,FLK,2000,6,11
FLK,FLK,2000,6,12
FLK,FLK,2000,6,13
FLK,FLK,2000,7,8
FLK,FLK,2000,7,10
FLK,FLK,2000,7,11
FLK,FLK,2000,7,14
FLK,FLK,2000,7,15
FLK,FLK,2000,7,16
FLK,FLK,2000,7,17
FLK,FLK,2000,7,18
FLK,FLK,2000,7,21
FLK,FLK,2000,7,22
FLK,FLK,2000,7,23
FLK,FLK,2000,7,24
FLK,FLK,2000,7,25
FLK,FLK,2000,7,28
FLK,FLK,2000,7,29
FLK,FLK,2000,7,30
FLK,FLK,2000,7,31
FLK,FLK,2000,8,1
FLK,FLK,2000,8,4
FLK,FLK,2000,8,6
FLK,FLK,2000,8,7
FLK,FLK,2000,8,8
FLK,FLK,2000,8,12
FLK,FLK,2000,8,13
FLK,FLK,2000,8,14
FLK,FLK,2000,8,15
FLK,FLK,2000,8,18
FLK,FLK,2000,8,21
FLK,FLK,2000,8,22
FLK,FLK,2000,8,25
FLK,FLK,2000,8,26
FLK,FLK,2000,8,28
FLK,FLK,2000,8,29
FLK,FLK,2000,9,1
FLK,FLK,2000,9,2
FLK,FLK,2000,9,3
FLK,FLK,2000,9,4
FLK,FLK,2000,9,5
FLK,FLK,2000,9,7
FLK,FLK,2000,9,9
FLK,FLK,2000,9,10
FLK,FLK,2000,9,12
FLK,FLK,2000,9,15
FLK,FLK,2000,9,16
FLK,FLK,2000,9,18
FLK,FLK,2000,9,19
FLK,FLK,2000,9,22
FLK,FLK,2000,9,23
FLK,FLK,2000,9,24
FLK,FLK,2000,9,25
FLK,FLK,2000,9,26
FLK,FLK,2000,9,29
FLK,FLK,2000,9,30
FLK,FLK,2000,10,2
FLK,FLK,2000,10,3
FLK,FLK,2000,10,7
FLK,FLK,2000,10,9
FLK,FLK,2000,10,10
FLK,FLK,2000,10,13
FLK,FLK,2000,10,14
FLK,FLK,2000,10,16
FLK,FLK,2000,10,17
FLK,FLK,2000,10,20
FLK,FLK,2000,10,21
FLK,FLK,2000,10,23
FLK,FLK,2000,10,24
FLK,FLK,2000,10,27
FLK,FLK,2000,10,28
FLK,FLK,2000,10,30
FLK,FLK,2000,10,31
FLK,FLK,2000,11,3
FLK,FLK,2000,11,4
FLK,FLK,2000,11,6
FLK,FLK,2000,11,8
FLK,FLK,2000,11,10
FLK,FLK,2000,11,11
FLK,FLK,2000,11,13
FLK,FLK,2000,11,14
FLK,FLK,2000,11,17
FLK,FLK,2000,11,18
FLK,FLK,2000,11,20
FLK,FLK,2000,11,21
FLK,FLK,2000,11,24
FLK,FLK,2000,11,25
FLK,FLK,2000,12,1
FLK,FLK,2000,12,2
FLK,FLK,2000,12,4
FLK,FLK,2000,12,5
FLK,FLK,2000,12,8
FLK,FLK,2000,12,9
FLK,FLK,2001,4,30
FLK,FLK,2001,5,1
FLK,FLK,2001,5,5
FLK,FLK,2001,5,6
FLK,FLK,2001,5,8
FLK,FLK,2001,5,11
FLK,FLK,2001,5,12
FLK,FLK,2001,5,13
FLK,FLK,2001,5,14
FLK,FLK,2001,5,15
FLK,FLK,2001,5,18
FLK,FLK,2001,5,19
FLK,FLK,2001,5,21
FLK,FLK,2001,5,22
FLK,FLK,2001,5,25
FLK,FLK,2001,5,26
FLK,FLK,2001,5,27
FLK,FLK,2001,5,28
FLK,FLK,2001,5,29
FLK,FLK,2001,6,1
FLK,FLK,2001,6,2
FLK,FLK,2001,6,3
FLK,FLK,2001,6,4
FLK,FLK,2001,6,5
FLK,FLK,2001,6,8
FLK,FLK,2001,6,11
FLK,FLK,2001,6,12
FLK,FLK,2001,6,15
FLK,FLK,2001,6,16
FLK,FLK,2001,6,17
FLK,FLK,2001,6,19
FLK,FLK,2001,6,22
FLK,FLK,2001,6,23
FLK,FLK,2001,6,24
FLK,FLK,2001,6,25
FLK,FLK,2001,6,26
FLK,FLK,2001,6,30
FLK,FLK,2001,7,1
FLK,FLK,2001,7,3
FLK,FLK,2001,7,4
FLK,FLK,2001,7,6
FLK,FLK,2001,7,7
FLK,FLK,2001,7,8
FLK,FLK,2001,7,10
FLK,FLK,2001,7,13
FLK,FLK,2001,7,14
FLK,FLK,2001,7,15
FLK,FLK,2001,7,16
FLK,FLK,2001,7,17
FLK,FLK,2001,7,20
FLK,FLK,2001,7,21
FLK,FLK,2001,7,28
FLK,FLK,2001,8,7
FLK,FLK,2001,8,10
FLK,FLK,2001,8,11
FLK,FLK,2001,8,12
FLK,FLK,2001,8,17
FLK,FLK,2001,8,18
FLK,FLK,2001,8,19
FLK,FLK,2001,8,20
FLK,FLK,2001,8,21
FLK,FLK,2001,8,24
FLK,FLK,2001,8,25
FLK,FLK,2001,8,26
FLK,FLK,2001,8,27
FLK,FLK,2001,8,28
FLK,FLK,2001,8,31
FLK,FLK,2001,9,1
FLK,FLK,2001,9,2
FLK,FLK,2001,9,3
FLK,FLK,2001,9,4
FLK,FLK,2001,9,6
FLK,FLK,2001,9,8
FLK,FLK,2001,9,9
FLK,FLK,2001,9,10
FLK,FLK,2001,9,14
FLK,FLK,2001,9,16
FLK,FLK,2001,9,17
FLK,FLK,2001,9,18
FLK,FLK,2001,9,21
FLK,FLK,2001,9,22
FLK,FLK,2001,9,23
FLK,FLK,2001,9,24
FLK,FLK,2001,9,25
FLK,FLK,2001,9,28
FLK,FLK,2001,9,29
FLK,FLK,2001,9,30
FLK,FLK,2001,10,1
FLK,FLK,2001,10,2
FLK,FLK,2001,10,5
FLK,FLK,2001,10,6
FLK,FLK,2001,10,7
FLK,FLK,2001,10,8
FLK,FLK,2001,10,9
FLK,FLK,2001,10,12
FLK,FLK,2001,10,13
FLK,FLK,2001,10,14
FLK,FLK,2001,10,15
FLK,FLK,2001,10,16
FLK,FLK,2001,10,19
FLK,FLK,2001,10,21
FLK,FLK,2001,10,22
FLK,FLK,2001,10,27
FLK,FLK,2001,10,28
FLK,FLK,2001,10,29
FLK,FLK,2001,10,30
FLK,FLK,2001,11,3
FLK,FLK,2001,11,4
FLK,FLK,2001,11,6
FLK,FLK,2001,11,9
FLK,FLK,2001,11,10
FLK,FLK,2001,11,11
FLK,FLK,2001,11,12
FLK,FLK,2001,11,13
FLK,FLK,2001,11,16
FLK,FLK,2001,11,18
FLK,FLK,2001,11,19
FLK,FLK,2001,11,20
FLK,FLK,2001,11,24
FLK,FLK,2001,11,25
FLK,FLK,2001,11,27
FLK,FLK,2001,11,30
FLK,FLK,2001,12,1
FLK,FLK,2001,12,2
FLK,FLK,2001,12,3
FLK,FLK,2001,12,4
FLK,FLK,2001,12,7
FLK,FLK,2001,12,9
FLK,FLK,2002,4,13
FLK,FLK,2002,4,14
FLK,FLK,2002,4,19
FLK,FLK,2002,4,22
FLK,FLK,2002,4,23
FLK,FLK,2002,4,26
FLK,FLK,2002,4,27
FLK,FLK,2002,4,30
FLK,FLK,2002,5,6
FLK,FLK,2002,5,10
FLK,FLK,2002,5,13
FLK,FLK,2002,5,14
FLK,FLK,2002,5,17
FLK,FLK,2002,5,18
FLK,FLK,2002,5,19
FLK,FLK,2002,5,20
FLK,FLK,2002,5,21
FLK,FLK,2002,5,25
FLK,FLK,2002,5,26
FLK,FLK,2002,5,27
FLK,FLK,2002,5,28
FLK,FLK,2002,5,31
FLK,FLK,2002,6,1
FLK,FLK,2002,6,2
FLK,FLK,2002,6,3
FLK,FLK,2002,6,4
FLK,FLK,2002,6,7
FLK,FLK,2002,6,8
FLK,FLK,2002,6,9
FLK,FLK,2002,6,10
FLK,FLK,2002,6,11
FLK,FLK,2002,6,14
FLK,FLK,2002,6,15
FLK,FLK,2002,6,16
FLK,FLK,2002,6,17
FLK,FLK,2002,6,18
FLK,FLK,2002,6,21
FLK,FLK,2002,6,22
FLK,FLK,2002,6,23
FLK,FLK,2002,6,24
FLK,FLK,2002,6,25
FLK,FLK,2002,6,28
FLK,FLK,2002,6,29
FLK,FLK,2002,6,30
FLK,FLK,2002,7,1
FLK,FLK,2002,7,2
FLK,FLK,2002,7,4
FLK,FLK,2002,7,5
FLK,FLK,2002,7,6
FLK,FLK,2002,7,7
FLK,FLK,2002,7,8
FLK,FLK,2002,7,9
FLK,FLK,2002,7,12
FLK,FLK,2002,7,13
FLK,FLK,2002,7,14
FLK,FLK,2002,7,15
FLK,FLK,2002,7,16
FLK,FLK,2002,7,19
FLK,FLK,2002,7,20
FLK,FLK,2002,7,21
FLK,FLK,2002,7,22
FLK,FLK,2002,7,23
FLK,FLK,2002,7,26
FLK,FLK,2002,7,27
FLK,FLK,2002,7,28
FLK,FLK,2002,7,29
FLK,FLK,2002,7,30
FLK,FLK,2002,8,2
FLK,FLK,2002,8,3
FLK,FLK,2002,8,4
FLK,FLK,2002,8,5
FLK,FLK,2002,8,6
FLK,FLK,2002,8,9
FLK,FLK,2002,8,10
FLK,FLK,2002,8,11
FLK,FLK,2002,8,12
FLK,FLK,2002,8,13
FLK,FLK,2002,8,16
FLK,FLK,2002,8,17
FLK,FLK,2002,8,18
FLK,FLK,2002,8,19
FLK,FLK,2002,8,20
FLK,FLK,2002,8,23
FLK,FLK,2002,8,24
FLK,FLK,2002,8,25
FLK,FLK,2002,8,26
FLK,FLK,2002,8,27
FLK,FLK,2002,8,30
FLK,FLK,2002,8,31
FLK,FLK,2002,9,1
FLK,FLK,2002,9,2
FLK,FLK,2002,9,3
FLK,FLK,2002,9,6
FLK,FLK,2002,9,7
FLK,FLK,2002,9,8
FLK,FLK,2002,9,9
FLK,FLK,2002,9,10
FLK,FLK,2002,9,13
FLK,FLK,2002,9,14
FLK,FLK,2002,9,15
FLK,FLK,2002,9,16
FLK,FLK,2002,9,17
FLK,FLK,2002,9,20
FLK,FLK,2002,9,21
FLK,FLK,2002,9,22
FLK,FLK,2002,9,23
FLK,FLK,2002,9,24
FLK,FLK,2002,9,27
FLK,FLK,2002,9,28
FLK,FLK,2002,9,29
FLK,FLK,2002,9,30
FLK,FLK,2002,10,1
FLK,FLK,2002,10,4
FLK,FLK,2002,10,5
FLK,FLK,2002,10,6
FLK,FLK,2002,10,7
FLK,FLK,2002,10,8
FLK,FLK,2002,10,11
FLK,FLK,2002,10,12
FLK,FLK,2002,10,13
FLK,FLK,2002,10,14
FLK,FLK,2002,10,15
FLK,FLK,2002,10,18
FLK,FLK,2002,10,19
FLK,FLK,2002,10,20
FLK,FLK,2002,10,21
FLK,FLK,2002,10,22
FLK,FLK,2002,10,25
FLK,FLK,2002,10,26
FLK,FLK,2002,10,27
FLK,FLK,2002,10,28
FLK,FLK,2002,10,29
FLK,FLK,2002,11,1
FLK,FLK,2002,11,2
FLK,FLK,2002,11,3
FLK,FLK,2002,11,4
FLK,FLK,2002,11,5
FLK,FLK,2002,11,8
FLK,FLK,2002,11,9
FLK,FLK,2002,11,10
FLK,FLK,2002,11,11
FLK,FLK,2002,11,12
FLK,FLK,2002,11,15
FLK,FLK,2002,11,16
FLK,FLK,2002,11,17
FLK,FLK,2002,11,18
FLK,FLK,2002,11,19
FLK,FLK,2002,11,22
FLK,FLK,2002,11,23
FLK,FLK,2002,11,24
FLK,FLK,2002,11,25
FLK,FLK,2002,11,26
FLK,FLK,2002,11,29
FLK,FLK,2002,11,30
FLK,FLK,2003,4,18
FLK,FLK,2003,4,19
FLK,FLK,2003,4,21
FLK,FLK,2003,4,25
FLK,FLK,2003,4,26
FLK,FLK,2003,4,28
FLK,FLK,2003,4,29
FLK,FLK,2003,5,2
FLK,FLK,2003,5,3
FLK,FLK,2003,5,5
FLK,FLK,2003,5,6
FLK,FLK,2003,5,9
FLK,FLK,2003,5,10
FLK,FLK,2003,5,11
FLK,FLK,2003,5,12
FLK,FLK,2003,5,13
FLK,FLK,2003,5,16
FLK,FLK,2003,5,17
FLK,FLK,2003,5,18
FLK,FLK,2003,5,19
FLK,FLK,2003,5,20
FLK,FLK,2003,5,23
FLK,FLK,2003,5,24
FLK,FLK,2003,5,25
FLK,FLK,2003,5,26
FLK,FLK,2003,5,27
FLK,FLK,2003,5,30
FLK,FLK,2003,5,31
FLK,FLK,2003,6,1
FLK,FLK,2003,6,2
FLK,FLK,2003,6,3
FLK,FLK,2003,6,6
FLK,FLK,2003,6,7
FLK,FLK,2003,6,8
FLK,FLK,2003,6,9
FLK,FLK,2003,6,10
FLK,FLK,2003,6,13
FLK,FLK,2003,6,14
FLK,FLK,2003,6,15
FLK,FLK,2003,6,16
FLK,FLK,2003,6,17
FLK,FLK,2003,6,20
FLK,FLK,2003,6,21
FLK,FLK,2003,6,22
FLK,FLK,2003,6,23
FLK,FLK,2003,6,24
FLK,FLK,2003,6,27
FLK,FLK,2003,6,28
FLK,FLK,2003,6,29
FLK,FLK,2003,6,30
FLK,FLK,2003,7,1
FLK,FLK,2003,7,4
FLK,FLK,2003,7,5
FLK,FLK,2003,7,6
FLK,FLK,2003,7,7
FLK,FLK,2003,7,8
FLK,FLK,2003,7,11
FLK,FLK,2003,7,12
FLK,FLK,2003,7,13
FLK,FLK,2003,7,14
FLK,FLK,2003,7,15
FLK,FLK,2003,7,18
FLK,FLK,2003,7,19
FLK,FLK,2003,7,20
FLK,FLK,2003,7,21
FLK,FLK,2003,7,22
FLK,FLK,2003,7,25
FLK,FLK,2003,7,26
FLK,FLK,2003,7,27
FLK,FLK,2003,7,28
FLK,FLK,2003,7,29
FLK,FLK,2003,8,1
FLK,FLK,2003,8,2
FLK,FLK,2003,8,3
FLK,FLK,2003,8,4
FLK,FLK,2003,8,5
FLK,FLK,2003,8,8
FLK,FLK,2003,8,9
FLK,FLK,2003,8,10
FLK,FLK,2003,8,11
FLK,FLK,2003,8,12
FLK,FLK,2003,8,15
FLK,FLK,2003,8,16
FLK,FLK,2003,8,17
FLK,FLK,2003,8,18
FLK,FLK,2003,8,19
FLK,FLK,2003,8,22
FLK,FLK,2003,8,23
FLK,FLK,2003,8,24
FLK,FLK,2003,8,25
FLK,FLK,2003,8,26
FLK,FLK,2003,8,29
FLK,FLK,2003,8,30
FLK,FLK,2003,8,31
FLK,FLK,2003,9,1
FLK,FLK,2003,9,2
FLK,FLK,2003,9,5
FLK,FLK,2003,9,6
FLK,FLK,2003,9,7
FLK,FLK,2003,9,8
FLK,FLK,2003,9,9
FLK,FLK,2003,9,12
FLK,FLK,2003,9,13
FLK,FLK,2003,9,14
FLK,FLK,2003,9,15
FLK,FLK,2003,9,16
FLK,FLK,2003,9,19
FLK,FLK,2003,9,20
FLK,FLK,2003,9,21
FLK,FLK,2003,9,22
FLK,FLK,2003,9,23
FLK,FLK,2003,9,26
FLK,FLK,2003,9,27
FLK,FLK,2003,9,28
FLK,FLK,2003,9,29
FLK,FLK,2003,9,30
FLK,FLK,2003,10,3
FLK,FLK,2003,10,4
FLK,FLK,2003,10,5
FLK,FLK,2003,10,6
FLK,FLK,2003,10,7
FLK,FLK,2003,10,10
FLK,FLK,2003,10,11
FLK,FLK,2003,10,12
FLK,FLK,2003,10,13
FLK,FLK,2003,10,14
FLK,FLK,2003,10,17
FLK,FLK,2003,10,18
FLK,FLK,2003,10,19
FLK,FLK,2003,10,20
FLK,FLK,2003,10,21
FLK,FLK,2003,10,24
FLK,FLK,2003,10,25
FLK,FLK,2003,10,26
FLK,FLK,2003,10,27
FLK,FLK,2003,10,28
FLK,FLK,2003,10,31
FLK,FLK,2003,11,1
FLK,FLK,2003,11,2
FLK,FLK,2003,11,3
FLK,FLK,2003,11,4
FLK,FLK,2003,11,8
FLK,FLK,2003,11,9
FLK,FLK,2003,11,10
FLK,FLK,2003,11,11
FLK,FLK,2003,11,15
FLK,FLK,2003,11,16
FLK,FLK,2003,11,17
FLK,FLK,2003,11,18
FLK,FLK,2003,11,21
FLK,FLK,2003,11,22
FLK,FLK,2003,11,23
FLK,FLK,2003,11,24
FLK,FLK,2003,11,25
FLK,FLK,2003,11,28
FLK,FLK,2004,4,16
FLK,FLK,2004,4,17
FLK,FLK,2004,4,19
FLK,FLK,2004,4,20
FLK,FLK,2004,4,23
FLK,FLK,2004,4,24
FLK,FLK,2004,4,26
FLK,FLK,2004,4,27
FLK,FLK,2004,4,30
FLK,FLK,2004,5,1
FLK,FLK,2004,5,2
FLK,FLK,2004,5,3
FLK,FLK,2004,5,4
FLK,FLK,2004,5,7
FLK,FLK,2004,5,8
FLK,FLK,2004,5,9
FLK,FLK,2004,5,10
FLK,FLK,2004,5,11
FLK,FLK,2004,5,14
FLK,FLK,2004,5,15
FLK,FLK,2004,5,16
FLK,FLK,2004,5,17
FLK,FLK,2004,5,18
FLK,FLK,2004,5,21
FLK,FLK,2004,5,22
FLK,FLK,2004,5,23
FLK,FLK,2004,5,24
FLK,FLK,2004,5,25
FLK,FLK,2004,5,28
FLK,FLK,2004,5,29
FLK,FLK,2004,5,30
FLK,FLK,2004,5,31
FLK,FLK,2004,6,1
FLK,FLK,2004,6,4
FLK,FLK,2004,6,5
FLK,FLK,2004,6,6
FLK,FLK,2004,6,7
FLK,FLK,2004,6,8
FLK,FLK,2004,6,11
FLK,FLK,2004,6,12
FLK,FLK,2004,6,13
FLK,FLK,2004,6,14
FLK,FLK,2004,6,15
FLK,FLK,2004,6,18
FLK,FLK,2004,6,19
FLK,FLK,2004,6,20
FLK,FLK,2004,6,21
FLK,FLK,2004,6,22
FLK,FLK,2004,6,25
FLK,FLK,2004,6,26
FLK,FLK,2004,6,27
FLK,FLK,2004,6,28
FLK,FLK,2004,6,29
FLK,FLK,2004,7,2
FLK,FLK,2004,7,3
FLK,FLK,2004,7,4
FLK,FLK,2004,7,5
FLK,FLK,2004,7,6
FLK,FLK,2004,7,9
FLK,FLK,2004,7,10
FLK,FLK,2004,7,11
FLK,FLK,2004,7,12
FLK,FLK,2004,7,13
FLK,FLK,2004,7,16
FLK,FLK,2004,7,17
FLK,FLK,2004,7,18
FLK,FLK,2004,7,19
FLK,FLK,2004,7,20
FLK,FLK,2004,7,23
FLK,FLK,2004,7,24
FLK,FLK,2004,7,25
FLK,FLK,2004,7,26
FLK,FLK,2004,7,30
FLK,FLK,2004,7,31
FLK,FLK,2004,8,1
FLK,FLK,2004,8,2
FLK,FLK,2004,8,3
FLK,FLK,2004,8,6
FLK,FLK,2004,8,7
FLK,FLK,2004,8,8
FLK,FLK,2004,8,9
FLK,FLK,2004,8,10
FLK,FLK,2004,8,13
FLK,FLK,2004,8,14
FLK,FLK,2004,8,15
FLK,FLK,2004,8,16
FLK,FLK,2004,8,17
FLK,FLK,2004,8,20
FLK,FLK,2004,8,21
FLK,FLK,2004,8,22
FLK,FLK,2004,8,23
FLK,FLK,2004,8,24
FLK,FLK,2004,8,27
FLK,FLK,2004,8,28
FLK,FLK,2004,8,29
FLK,FLK,2004,8,31
FLK,FLK,2004,9,3
FLK,FLK,2004,9,4
FLK,FLK,2004,9,5
FLK,FLK,2004,9,6
FLK,FLK,2004,9,7
FLK,FLK,2004,9,10
FLK,FLK,2004,9,11
FLK,FLK,2004,9,12
FLK,FLK,2004,9,13
FLK,FLK,2004,9,14
FLK,FLK,2004,9,17
FLK,FLK,2004,9,18
FLK,FLK,2004,9,19
FLK,FLK,2004,9,20
FLK,FLK,2004,9,21
FLK,FLK,2004,9,24
FLK,FLK,2004,9,25
FLK,FLK,2004,9,26
FLK,FLK,2004,9,27
FLK,FLK,2004,9,28
FLK,FLK,2004,10,1
FLK,FLK,2004,10,2
FLK,FLK,2004,10,3
FLK,FLK,2004,10,4
FLK,FLK,2004,10,8
FLK,FLK,2004,10,9
FLK,FLK,2004,10,10
FLK,FLK,2004,10,11
FLK,FLK,2004,10,12
FLK,FLK,2004,10,15
FLK,FLK,2004,10,16
FLK,FLK,2004,10,17
FLK,FLK,2004,10,18
FLK,FLK,2004,10,19
FLK,FLK,2004,10,22
FLK,FLK,2004,10,23
FLK,FLK,2004,10,25
FLK,FLK,2004,10,26
FLK,FLK,2004,10,28
FLK,FLK,2004,10,29
FLK,FLK,2004,10,30
FLK,FLK,2004,11,1
FLK,FLK,2004,11,2
FLK,FLK,2004,11,4
FLK,FLK,2004,11,5
FLK,FLK,2004,11,6
FLK,FLK,2004,11,8
FLK,FLK,2004,11,9
FLK,FLK,2004,11,11
FLK,FLK,2004,11,12
FLK,FLK,2004,11,13
FLK,FLK,2004,11,15
FLK,FLK,2004,11,16
FLK,FLK,2004,11,18
FLK,FLK,2004,11,19
FLK,FLK,2004,11,20
FLK,FLK,2004,11,21
FLK,FLK,2004,11,22
FLK,FLK,2004,11,23
FLK,FLK,2004,11,26
FLK,FLK,2004,11,27
FLK,FLK,2005,4,15
FLK,FLK,2005,4,16
FLK,FLK,2005,4,18
FLK,FLK,2005,4,19
FLK,FLK,2005,4,22
FLK,FLK,2005,4,23
FLK,FLK,2005,4,25
FLK,FLK,2005,4,26
FLK,FLK,2005,4,29
FLK,FLK,2005,4,30
FLK,FLK,2005,5,2
FLK,FLK,2005,5,3
FLK,FLK,2005,5,6
FLK,FLK,2005,5,7
FLK,FLK,2005,5,8
FLK,FLK,2005,5,9
FLK,FLK,2005,5,10
FLK,FLK,2005,5,13
FLK,FLK,2005,5,14
FLK,FLK,2005,5,15
FLK,FLK,2005,5,16
FLK,FLK,2005,5,17
FLK,FLK,2005,5,20
FLK,FLK,2005,5,21
FLK,FLK,2005,5,22
FLK,FLK,2005,5,23
FLK,FLK,2005,5,24
FLK,FLK,2005,5,27
FLK,FLK,2005,5,28
FLK,FLK,2005,5,29
FLK,FLK,2005,5,30
FLK,FLK,2005,5,31
FLK,FLK,2005,6,3
FLK,FLK,2005,6,4
FLK,FLK,2005,6,5
FLK,FLK,2005,6,6
FLK,FLK,2005,6,7
FLK,FLK,2005,6,10
FLK,FLK,2005,6,11
FLK,FLK,2005,6,12
FLK,FLK,2005,6,13
FLK,FLK,2005,6,14
FLK,FLK,2005,6,17
FLK,FLK,2005,6,18
FLK,FLK,2005,6,19
FLK,FLK,2005,6,20
FLK,FLK,2005,6,21
FLK,FLK,2005,6,24
FLK,FLK,2005,6,25
FLK,FLK,2005,6,26
FLK,FLK,2005,6,27
FLK,FLK,2005,6,28
FLK,FLK,2005,7,1
FLK,FLK,2005,7,2
FLK,FLK,2005,7,3
FLK,FLK,2005,7,4
FLK,FLK,2005,7,5
FLK,FLK,2005,7,8
FLK,FLK,2005,7,9
FLK,FLK,2005,7,10
FLK,FLK,2005,7,11
FLK,FLK,2005,7,12
FLK,FLK,2005,7,15
FLK,FLK,2005,7,16
FLK,FLK,2005,7,17
FLK,FLK,2005,7,18
FLK,FLK,2005,7,19
FLK,FLK,2005,7,22
FLK,FLK,2005,7,23
FLK,FLK,2005,7,24
FLK,FLK,2005,7,25
FLK,FLK,2005,7,26
FLK,FLK,2005,7,29
FLK,FLK,2005,7,30
FLK,FLK,2005,7,31
FLK,FLK,2005,8,1
FLK,FLK,2005,8,2
FLK,FLK,2005,8,5
FLK,FLK,2005,8,6
FLK,FLK,2005,8,7
FLK,FLK,2005,8,8
FLK,FLK,2005,8,9
FLK,FLK,2005,8,12
FLK,FLK,2005,8,13
FLK,FLK,2005,8,14
FLK,FLK,2005,8,15
FLK,FLK,2005,8,16
FLK,FLK,2005,8,19
FLK,FLK,2005,8,20
FLK,FLK,2005,8,21
FLK,FLK,2005,8,22
FLK,FLK,2005,8,23
FLK,FLK,2005,8,26
FLK,FLK,2005,8,27
FLK,FLK,2005,8,28
FLK,FLK,2005,8,29
FLK,FLK,2005,8,30
FLK,FLK,2005,9,2
FLK,FLK,2005,9,3
FLK,FLK,2005,9,4
FLK,FLK,2005,9,5
FLK,FLK,2005,9,6
FLK,FLK,2005,9,9
FLK,FLK,2005,9,10
FLK,FLK,2005,9,11
FLK,FLK,2005,9,12
FLK,FLK,2005,9,13
FLK,FLK,2005,9,16
FLK,FLK,2005,9,17
FLK,FLK,2005,9,18
FLK,FLK,2005,9,19
FLK,FLK,2005,9,20
FLK,FLK,2005,9,23
FLK,FLK,2005,9,24
FLK,FLK,2005,9,25
FLK,FLK,2005,9,26
FLK,FLK,2005,9,27
FLK,FLK,2005,9,30
FLK,FLK,2005,10,1
FLK,FLK,2005,10,3
FLK,FLK,2005,10,4
FLK,FLK,2005,10,6
FLK,FLK,2005,10,7
FLK,FLK,2005,10,8
FLK,FLK,2005,10,10
FLK,FLK,2005,10,11
FLK,FLK,2005,10,13
FLK,FLK,2005,10,14
FLK,FLK,2005,10,15
FLK,FLK,2005,10,17
FLK,FLK,2005,10,18
FLK,FLK,2005,10,20
FLK,FLK,2005,10,21
FLK,FLK,2005,10,22
FLK,FLK,2005,10,24
FLK,FLK,2005,10,25
FLK,FLK,2005,10,27
FLK,FLK,2005,10,28
FLK,FLK,2005,10,29
FLK,FLK,2005,10,31
FLK,FLK,2005,11,1
FLK,FLK,2005,11,3
FLK,FLK,2005,11,4
FLK,FLK,2005,11,5
FLK,FLK,2005,11,7
FLK,FLK,2005,11,8
FLK,FLK,2005,11,10
FLK,FLK,2005,11,11
FLK,FLK,2005,11,12
FLK,FLK,2005,11,14
FLK,FLK,2005,11,15
FLK,FLK,2005,11,17
FLK,FLK,2005,11,18
FLK,FLK,2005,11,19
FLK,FLK,2005,11,25
FLK,FLK,2005,11,26
FLK,FLK,2005,11,28
FLK,FLK,2005,11,29
FLK,FLK,2005,12,2
FLK,FLK,2005,12,3
FLK,FLK,2006,4,14
FLK,FLK,2006,4,15
FLK,FLK,2006,4,17
FLK,FLK,2006,4,18
FLK,FLK,2006,4,21
FLK,FLK,2006,4,22
FLK,FLK,2006,4,25
FLK,FLK,2006,4,28
FLK,FLK,2006,4,29
FLK,FLK,2006,5,1
FLK,FLK,2006,5,2
FLK,FLK,2006,5,5
FLK,FLK,2006,5,6
FLK,FLK,2006,5,8
FLK,FLK,2006,5,9
FLK,FLK,2006,5,12
FLK,FLK,2006,5,13
FLK,FLK,2006,5,14
FLK,FLK,2006,5,15
FLK,FLK,2006,5,16
FLK,FLK,2006,5,19
FLK,FLK,2006,5,20
FLK,FLK,2006,5,21
FLK,FLK,2006,5,22
FLK,FLK,2006,5,23
FLK,FLK,2006,5,26
FLK,FLK,2006,5,27
FLK,FLK,2006,5,28
FLK,FLK,2006,5,29
FLK,FLK,2006,5,30
FLK,FLK,2006,6,2
FLK,FLK,2006,6,3
FLK,FLK,2006,6,4
FLK,FLK,2006,6,5
FLK,FLK,2006,6,6
FLK,FLK,2006,6,9
FLK,FLK,2006,6,10
FLK,FLK,2006,6,11
FLK,FLK,2006,6,12
FLK,FLK,2006,6,13
FLK,FLK,2006,6,16
FLK,FLK,2006,6,17
FLK,FLK,2006,6,18
FLK,FLK,2006,6,19
FLK,FLK,2006,6,20
FLK,FLK,2006,6,23
FLK,FLK,2006,6,24
FLK,FLK,2006,6,25
FLK,FLK,2006,6,26
FLK,FLK,2006,6,27
FLK,FLK,2006,6,30
FLK,FLK,2006,7,1
FLK,FLK,2006,7,2
FLK,FLK,2006,7,3
FLK,FLK,2006,7,4
FLK,FLK,2006,7,7
FLK,FLK,2006,7,8
FLK,FLK,2006,7,9
FLK,FLK,2006,7,10
FLK,FLK,2006,7,11
FLK,FLK,2006,7,14
FLK,FLK,2006,7,15
FLK,FLK,2006,7,16
FLK,FLK,2006,7,17
FLK,FLK,2006,7,18
FLK,FLK,2006,7,21
FLK,FLK,2006,7,22
FLK,FLK,2006,7,23
FLK,FLK,2006,7,24
FLK,FLK,2006,7,25
FLK,FLK,2006,7,28
FLK,FLK,2006,7,29
FLK,FLK,2006,7,30
FLK,FLK,2006,7,31
FLK,FLK,2006,8,4
FLK,FLK,2006,8,5
FLK,FLK,2006,8,6
FLK,FLK,2006,8,7
FLK,FLK,2006,8,8
FLK,FLK,2006,8,11
FLK,FLK,2006,8,12
FLK,FLK,2006,8,13
FLK,FLK,2006,8,14
FLK,FLK,2006,8,15
FLK,FLK,2006,8,18
FLK,FLK,2006,8,19
FLK,FLK,2006,8,20
FLK,FLK,2006,8,21
FLK,FLK,2006,8,22
FLK,FLK,2006,8,25
FLK,FLK,2006,8,26
FLK,FLK,2006,8,27
FLK,FLK,2006,8,28
FLK,FLK,2006,8,29
FLK,FLK,2006,9,1
FLK,FLK,2006,9,2
FLK,FLK,2006,9,3
FLK,FLK,2006,9,4
FLK,FLK,2006,9,5
FLK,FLK,2006,9,8
FLK,FLK,2006,9,9
FLK,FLK,2006,9,10
FLK,FLK,2006,9,11
FLK,FLK,2006,9,12
FLK,FLK,2006,9,15
FLK,FLK,2006,9,16
FLK,FLK,2006,9,17
FLK,FLK,2006,9,18
FLK,FLK,2006,9,19
FLK,FLK,2006,9,22
FLK,FLK,2006,9,23
FLK,FLK,2006,9,25
FLK,FLK,2006,9,26
FLK,FLK,2006,9,28
FLK,FLK,2006,9,29
FLK,FLK,2006,9,30
FLK,FLK,2006,10,2
FLK,FLK,2006,10,3
FLK,FLK,2006,10,5
FLK,FLK,2006,10,6
FLK,FLK,2006,10,7
FLK,FLK,2006,10,9
FLK,FLK,2006,10,10
FLK,FLK,2006,10,12
FLK,FLK,2006,10,13
FLK,FLK,2006,10,14
FLK,FLK,2006,10,16
FLK,FLK,2006,10,17
FLK,FLK,2006,10,19
FLK,FLK,2006,10,20
FLK,FLK,2006,10,21
FLK,FLK,2006,10,23
FLK,FLK,2006,10,24
FLK,FLK,2006,10,26
FLK,FLK,2006,10,27
FLK,FLK,2006,10,28
FLK,FLK,2006,10,30
FLK,FLK,2006,10,31
FLK,FLK,2006,11,3
FLK,FLK,2006,11,4
FLK,FLK,2006,11,6
FLK,FLK,2006,11,7
FLK,FLK,2006,11,10
FLK,FLK,2006,11,11
FLK,FLK,2006,11,13
FLK,FLK,2006,11,14
FLK,FLK,2006,11,17
FLK,FLK,2006,11,18
FLK,FLK,2006,11,20
FLK,FLK,2006,11,21
FLK,FLK,2006,11,24
FLK,FLK,2006,11,25
FLK,FLK,2006,11,27
FLK,FLK,2006,11,28
FLK,FLK,2006,12,1
FLK,FLK,2006,12,2
FLK,FLK,2007,4,14
FLK,FLK,2007,4,17
FLK,FLK,2007,4,20
FLK,FLK,2007,4,21
FLK,FLK,2007,4,23
FLK,FLK,2007,4,24
FLK,FLK,2007,4,28
FLK,FLK,2007,4,30
FLK,FLK,2007,5,1
FLK,FLK,2007,5,4
FLK,FLK,2007,5,5
FLK,FLK,2007,5,6
FLK,FLK,2007,5,7
FLK,FLK,2007,5,8
FLK,FLK,2007,5,11
FLK,FLK,2007,5,12
FLK,FLK,2007,5,13
FLK,FLK,2007,5,15
FLK,FLK,2007,5,18
FLK,FLK,2007,5,19
FLK,FLK,2007,5,20
FLK,FLK,2007,5,21
FLK,FLK,2007,5,22
FLK,FLK,2007,5,25
FLK,FLK,2007,5,26
FLK,FLK,2007,5,27
FLK,FLK,2007,5,28
FLK,FLK,2007,5,29
FLK,FLK,2007,6,1
FLK,FLK,2007,6,2
FLK,FLK,2007,6,3
FLK,FLK,2007,6,4
FLK,FLK,2007,6,5
FLK,FLK,2007,6,8
FLK,FLK,2007,6,9
FLK,FLK,2007,6,10
FLK,FLK,2007,6,11
FLK,FLK,2007,6,12
FLK,FLK,2007,6,15
FLK,FLK,2007,6,16
FLK,FLK,2007,6,17
FLK,FLK,2007,6,18
FLK,FLK,2007,6,19
FLK,FLK,2007,6,22
FLK,FLK,2007,6,23
FLK,FLK,2007,6,24
FLK,FLK,2007,6,25
FLK,FLK,2007,6,26
FLK,FLK,2007,6,29
FLK,FLK,2007,6,30
FLK,FLK,2007,7,1
FLK,FLK,2007,7,2
FLK,FLK,2007,7,3
FLK,FLK,2007,7,4
FLK,FLK,2007,7,6
FLK,FLK,2007,7,7
FLK,FLK,2007,7,9
FLK,FLK,2007,7,10
FLK,FLK,2007,7,13
FLK,FLK,2007,7,14
FLK,FLK,2007,7,15
FLK,FLK,2007,7,16
FLK,FLK,2007,7,17
FLK,FLK,2007,7,20
FLK,FLK,2007,7,21
FLK,FLK,2007,7,22
FLK,FLK,2007,7,23
FLK,FLK,2007,7,24
FLK,FLK,2007,7,27
FLK,FLK,2007,7,28
FLK,FLK,2007,7,29
FLK,FLK,2007,7,30
FLK,FLK,2007,7,31
FLK,FLK,2007,8,3
FLK,FLK,2007,8,4
FLK,FLK,2007,8,5
FLK,FLK,2007,8,6
FLK,FLK,2007,8,7
FLK,FLK,2007,8,10
FLK,FLK,2007,8,11
FLK,FLK,2007,8,12
FLK,FLK,2007,8,13
FLK,FLK,2007,8,14
FLK,FLK,2007,8,17
FLK,FLK,2007,8,18
FLK,FLK,2007,8,19
FLK,FLK,2007,8,20
FLK,FLK,2007,8,21
FLK,FLK,2007,8,24
FLK,FLK,2007,8,25
FLK,FLK,2007,8,26
FLK,FLK,2007,8,27
FLK,FLK,2007,8,28
FLK,FLK,2007,8,31
FLK,FLK,2007,9,1
FLK,FLK,2007,9,2
FLK,FLK,2007,9,3
FLK,FLK,2007,9,4
FLK,FLK,2007,9,7
FLK,FLK,2007,9,8
FLK,FLK,2007,9,10
FLK,FLK,2007,9,11
FLK,FLK,2007,9,13
FLK,FLK,2007,9,14
FLK,FLK,2007,9,15
FLK,FLK,2007,9,17
FLK,FLK,2007,9,18
FLK,FLK,2007,9,20
FLK,FLK,2007,9,21
FLK,FLK,2007,9,22
FLK,FLK,2007,9,24
FLK,FLK,2007,9,25
FLK,FLK,2007,9,27
FLK,FLK,2007,9,28
FLK,FLK,2007,9,29
FLK,FLK,2007,10,1
FLK,FLK,2007,10,2
FLK,FLK,2007,10,4
FLK,FLK,2007,10,5
FLK,FLK,2007,10,6
FLK,FLK,2007,10,8
FLK,FLK,2007,10,9
FLK,FLK,2007,10,11
FLK,FLK,2007,10,12
FLK,FLK,2007,10,13
FLK,FLK,2007,10,15
FLK,FLK,2007,10,16
FLK,FLK,2007,10,18
FLK,FLK,2007,10,19
FLK,FLK,2007,10,20
FLK,FLK,2007,10,22
FLK,FLK,2007,10,23
FLK,FLK,2007,10,25
FLK,FLK,2007,10,26
FLK,FLK,2007,10,27
FLK,FLK,2007,10,29
FLK,FLK,2007,10,30
FLK,FLK,2007,11,1
FLK,FLK,2007,11,2
FLK,FLK,2007,11,3
FLK,FLK,2007,11,5
FLK,FLK,2007,11,6
FLK,FLK,2007,11,8
FLK,FLK,2007,11,9
FLK,FLK,2007,11,10
FLK,FLK,2007,11,12
FLK,FLK,2007,11,13
FLK,FLK,2007,11,15
FLK,FLK,2007,11,16
FLK,FLK,2007,11,17
FLK,FLK,2007,11,19
FLK,FLK,2007,11,20
FLK,FLK,2007,11,23
FLK,FLK,2007,11,24
FLK,FLK,2007,11,26
FLK,FLK,2007,11,27
FLK,FLK,2007,11,30
FLK,FLK,2007,12,1
FLK,FLK,2008,4,19
FLK,FLK,2008,4,21
FLK,FLK,2008,4,22
FLK,FLK,2008,4,26
FLK,FLK,2008,4,28
FLK,FLK,2008,4,29
FLK,FLK,2008,5,2
FLK,FLK,2008,5,3
FLK,FLK,2008,5,5
FLK,FLK,2008,5,6
FLK,FLK,2008,5,9
FLK,FLK,2008,5,10
FLK,FLK,2008,5,11
FLK,FLK,2008,5,12
FLK,FLK,2008,5,13
FLK,FLK,2008,5,16
FLK,FLK,2008,5,17
FLK,FLK,2008,5,18
FLK,FLK,2008,5,19
FLK,FLK,2008,5,20
FLK,FLK,2008,5,23
FLK,FLK,2008,5,24
FLK,FLK,2008,5,25
FLK,FLK,2008,5,26
FLK,FLK,2008,5,27
FLK,FLK,2008,5,30
FLK,FLK,2008,5,31
FLK,FLK,2008,6,1
FLK,FLK,2008,6,2
FLK,FLK,2008,6,3
FLK,FLK,2008,6,6
FLK,FLK,2008,6,7
FLK,FLK,2008,6,8
FLK,FLK,2008,6,9
FLK,FLK,2008,6,10
FLK,FLK,2008,6,13
FLK,FLK,2008,6,14
FLK,FLK,2008,6,15
FLK,FLK,2008,6,16
FLK,FLK,2008,6,17
FLK,FLK,2008,6,20
FLK,FLK,2008,6,21
FLK,FLK,2008,6,22
FLK,FLK,2008,6,23
FLK,FLK,2008,6,24
FLK,FLK,2008,6,27
FLK,FLK,2008,6,28
FLK,FLK,2008,6,29
FLK,FLK,2008,6,30
FLK,FLK,2008,7,1
FLK,FLK,2008,7,4
FLK,FLK,2008,7,5
FLK,FLK,2008,7,6
FLK,FLK,2008,7,7
FLK,FLK,2008,7,8
FLK,FLK,2008,7,11
FLK,FLK,2008,7,12
FLK,FLK,2008,7,13
FLK,FLK,2008,7,14
FLK,FLK,2008,7,15
FLK,FLK,2008,7,18
FLK,FLK,2008,7,19
FLK,FLK,2008,7,20
FLK,FLK,2008,7,21
FLK,FLK,2008,7,22
FLK,FLK,2008,7,25
FLK,FLK,2008,7,26
FLK,FLK,2008,7,27
FLK,FLK,2008,7,28
FLK,FLK,2008,7,29
FLK,FLK,2008,8,1
FLK,FLK,2008,8,2
FLK,FLK,2008,8,3
FLK,FLK,2008,8,4
FLK,FLK,2008,8,5
FLK,FLK,2008,8,8
FLK,FLK,2008,8,9
FLK,FLK,2008,8,10
FLK,FLK,2008,8,11
FLK,FLK,2008,8,12
FLK,FLK,2008,8,15
FLK,FLK,2008,8,16
FLK,FLK,2008,8,17
FLK,FLK,2008,8,18
FLK,FLK,2008,8,19
FLK,FLK,2008,8,22
FLK,FLK,2008,8,23
FLK,FLK,2008,8,24
FLK,FLK,2008,8,25
FLK,FLK,2008,8,26
FLK,FLK,2008,8,29
FLK,FLK,2008,8,30
FLK,FLK,2008,8,31
FLK,FLK,2008,9,1
FLK,FLK,2008,9,2
FLK,FLK,2008,9,5
FLK,FLK,2008,9,6
FLK,FLK,2008,9,8
FLK,FLK,2008,9,9
FLK,FLK,2008,9,11
FLK,FLK,2008,9,12
FLK,FLK,2008,9,13
FLK,FLK,2008,9,15
FLK,FLK,2008,9,16
FLK,FLK,2008,9,18
FLK,FLK,2008,9,19
FLK,FLK,2008,9,20
FLK,FLK,2008,9,22
FLK,FLK,2008,9,23
FLK,FLK,2008,9,25
FLK,FLK,2008,9,26
FLK,FLK,2008,9,27
FLK,FLK,2008,9,29
FLK,FLK,2008,9,30
FLK,FLK,2008,10,2
FLK,FLK,2008,10,3
FLK,FLK,2008,10,4
FLK,FLK,2008,10,6
FLK,FLK,2008,10,7
FLK,FLK,2008,10,9
FLK,FLK,2008,10,10
FLK,FLK,2008,10,11
FLK,FLK,2008,10,13
FLK,FLK,2008,10,14
FLK,FLK,2008,10,16
FLK,FLK,2008,10,17
FLK,FLK,2008,10,18
FLK,FLK,2008,10,20
FLK,FLK,2008,10,21
FLK,FLK,2008,10,23
FLK,FLK,2008,10,24
FLK,FLK,2008,10,25
FLK,FLK,2008,10,27
FLK,FLK,2008,10,28
FLK,FLK,2008,10,30
FLK,FLK,2008,10,31
FLK,FLK,2008,11,1
FLK,FLK,2008,11,3
FLK,FLK,2008,11,4
FLK,FLK,2008,11,6
FLK,FLK,2008,11,7
FLK,FLK,2008,11,8
FLK,FLK,2008,11,10
FLK,FLK,2008,11,11
FLK,FLK,2008,11,13
FLK,FLK,2008,11,14
FLK,FLK,2008,11,15
FLK,FLK,2008,11,17
FLK,FLK,2008,11,18
FLK,FLK,2008,11,20
FLK,FLK,2008,11,24
FLK,FLK,2008,11,28
FLK,FLK,2008,11,29
FLK,FLK,2008,12,1
FLK,FLK,2008,12,2
FLK,FLK,2008,12,5
FLK,FLK,2008,12,6
FLK,FLK,2009,4,17
FLK,FLK,2009,4,18
FLK,FLK,2009,4,20
FLK,FLK,2009,4,21
FLK,FLK,2009,4,24
FLK,FLK,2009,4,25
FLK,FLK,2009,4,27
FLK,FLK,2009,4,28
FLK,FLK,2009,5,1
FLK,FLK,2009,5,2
FLK,FLK,2009,5,3
FLK,FLK,2009,5,4
FLK,FLK,2009,5,5
FLK,FLK,2009,5,8
FLK,FLK,2009,5,9
FLK,FLK,2009,5,10
FLK,FLK,2009,5,11
FLK,FLK,2009,5,12
FLK,FLK,2009,5,15
FLK,FLK,2009,5,16
FLK,FLK,2009,5,17
FLK,FLK,2009,5,18
FLK,FLK,2009,5,19
FLK,FLK,2009,5,22
FLK,FLK,2009,5,23
FLK,FLK,2009,5,24
FLK,FLK,2009,5,25
FLK,FLK,2009,5,26
FLK,FLK,2009,5,29
FLK,FLK,2009,5,30
FLK,FLK,2009,5,31
FLK,FLK,2009,6,1
FLK,FLK,2009,6,2
FLK,FLK,2009,6,5
FLK,FLK,2009,6,6
FLK,FLK,2009,6,7
FLK,FLK,2009,6,8
FLK,FLK,2009,6,9
FLK,FLK,2009,6,12
FLK,FLK,2009,6,13
FLK,FLK,2009,6,14
FLK,FLK,2009,6,15
FLK,FLK,2009,6,16
FLK,FLK,2009,6,19
FLK,FLK,2009,6,20
FLK,FLK,2009,6,21
FLK,FLK,2009,6,22
FLK,FLK,2009,6,23
FLK,FLK,2009,6,26
FLK,FLK,2009,6,27
FLK,FLK,2009,6,28
FLK,FLK,2009,6,29
FLK,FLK,2009,6,30
FLK,FLK,2009,7,3
FLK,FLK,2009,7,4
FLK,FLK,2009,7,5
FLK,FLK,2009,7,6
FLK,FLK,2009,7,7
FLK,FLK,2009,7,10
FLK,FLK,2009,7,11
FLK,FLK,2009,7,12
FLK,FLK,2009,7,13
FLK,FLK,2009,7,14
FLK,FLK,2009,7,17
FLK,FLK,2009,7,18
FLK,FLK,2009,7,19
FLK,FLK,2009,7,20
FLK,FLK,2009,7,21
FLK,FLK,2009,7,24
FLK,FLK,2009,7,25
FLK,FLK,2009,7,26
FLK,FLK,2009,7,27
FLK,FLK,2009,7,28
FLK,FLK,2009,7,31
FLK,FLK,2009,8,1
FLK,FLK,2009,8,2
FLK,FLK,2009,8,3
FLK,FLK,2009,8,4
FLK,FLK,2009,8,7
FLK,FLK,2009,8,8
FLK,FLK,2009,8,9
FLK,FLK,2009,8,10
FLK,FLK,2009,8,11
FLK,FLK,2009,8,14
FLK,FLK,2009,8,15
FLK,FLK,2009,8,16
FLK,FLK,2009,8,17
FLK,FLK,2009,8,18
FLK,FLK,2009,8,21
FLK,FLK,2009,8,22
FLK,FLK,2009,8,23
FLK,FLK,2009,8,24
FLK,FLK,2009,8,25
FLK,FLK,2009,8,28
FLK,FLK,2009,8,29
FLK,FLK,2009,8,30
FLK,FLK,2009,8,31
FLK,FLK,2009,9,1
FLK,FLK,2009,9,4
FLK,FLK,2009,9,5
FLK,FLK,2009,9,6
FLK,FLK,2009,9,7
FLK,FLK,2009,9,8
FLK,FLK,2009,9,11
FLK,FLK,2009,9,12
FLK,FLK,2009,9,14
FLK,FLK,2009,9,15
FLK,FLK,2009,9,17
FLK,FLK,2009,9,18
FLK,FLK,2009,9,19
FLK,FLK,2009,9,21
FLK,FLK,2009,9,22
FLK,FLK,2009,9,24
FLK,FLK,2009,9,25
FLK,FLK,2009,9,26
FLK,FLK,2009,9,28
FLK,FLK,2009,9,29
FLK,FLK,2009,10,1
FLK,FLK,2009,10,2
FLK,FLK,2009,10,3
FLK,FLK,2009,10,5
FLK,FLK,2009,10,6
FLK,FLK,2009,10,8
FLK,FLK,2009,10,9
FLK,FLK,2009,10,10
FLK,FLK,2009,10,12
FLK,FLK,2009,10,13
FLK,FLK,2009,10,15
FLK,FLK,2009,10,16
FLK,FLK,2009,10,17
FLK,FLK,2009,10,19
FLK,FLK,2009,10,20
FLK,FLK,2009,10,23
FLK,FLK,2009,10,24
FLK,FLK,2009,10,26
FLK,FLK,2009,10,27
FLK,FLK,2009,10,29
FLK,FLK,2009,10,30
FLK,FLK,2009,10,31
FLK,FLK,2009,11,2
FLK,FLK,2009,11,3
FLK,FLK,2009,11,5
FLK,FLK,2009,11,6
FLK,FLK,2009,11,7
FLK,FLK,2009,11,9
FLK,FLK,2009,11,10
FLK,FLK,2009,11,12
FLK,FLK,2009,11,13
FLK,FLK,2009,11,14
FLK,FLK,2009,11,16
FLK,FLK,2009,11,17
FLK,FLK,2009,11,19
FLK,FLK,2009,11,20
FLK,FLK,2009,11,21
FLK,FLK,2009,11,23
FLK,FLK,2009,11,24
FLK,FLK,2009,11,27
FLK,FLK,2009,11,28
FLK,FLK,2009,11,30
FLK,FLK,2009,12,1
FLK,FLK,2009,12,3
FLK,FLK,2009,12,4
FLK,FLK,2009,12,5
FLK,FLK,2010,4,16
FLK,FLK,2010,4,17
FLK,FLK,2010,4,19
FLK,FLK,2010,4,20
FLK,FLK,2010,4,23
FLK,FLK,2010,4,24
FLK,FLK,2010,4,26
FLK,FLK,2010,4,27
FLK,FLK,2010,4,30
FLK,FLK,2010,5,1
FLK,FLK,2010,5,3
FLK,FLK,2010,5,4
FLK,FLK,2010,5,7
FLK,FLK,2010,5,8
FLK,FLK,2010,5,10
FLK,FLK,2010,5,11
FLK,FLK,2010,5,13
FLK,FLK,2010,5,14
FLK,FLK,2010,5,15
FLK,FLK,2010,5,17
FLK,FLK,2010,5,18
FLK,FLK,2010,5,20
FLK,FLK,2010,5,21
FLK,FLK,2010,5,22
FLK,FLK,2010,5,24
FLK,FLK,2010,5,25
FLK,FLK,2010,5,27
FLK,FLK,2010,5,28
FLK,FLK,2010,5,29
FLK,FLK,2010,5,31
FLK,FLK,2010,6,1
FLK,FLK,2010,6,3
FLK,FLK,2010,6,4
FLK,FLK,2010,6,5
FLK,FLK,2010,6,7
FLK,FLK,2010,6,8
FLK,FLK,2010,6,10
FLK,FLK,2010,6,11
FLK,FLK,2010,6,12
FLK,FLK,2010,6,14
FLK,FLK,2010,6,15
FLK,FLK,2010,6,17
FLK,FLK,2010,6,18
FLK,FLK,2010,6,19
FLK,FLK,2010,6,21
FLK,FLK,2010,6,22
FLK,FLK,2010,6,24
FLK,FLK,2010,6,25
FLK,FLK,2010,6,26
FLK,FLK,2010,6,28
FLK,FLK,2010,6,29
FLK,FLK,2010,7,1
FLK,FLK,2010,7,2
FLK,FLK,2010,7,3
FLK,FLK,2010,7,4
FLK,FLK,2010,7,5
FLK,FLK,2010,7,6
FLK,FLK,2010,7,9
FLK,FLK,2010,7,10
FLK,FLK,2010,7,12
FLK,FLK,2010,7,13
FLK,FLK,2010,7,15
FLK,FLK,2010,7,16
FLK,FLK,2010,7,17
FLK,FLK,2010,7,19
FLK,FLK,2010,7,20
FLK,FLK,2010,7,22
FLK,FLK,2010,7,23
FLK,FLK,2010,7,24
FLK,FLK,2010,7,26
FLK,FLK,2010,7,27
FLK,FLK,2010,7,29
FLK,FLK,2010,7,30
FLK,FLK,2010,7,31
FLK,FLK,2010,8,2
FLK,FLK,2010,8,3
FLK,FLK,2010,8,5
FLK,FLK,2010,8,6
FLK,FLK,2010,8,7
FLK,FLK,2010,8,9
FLK,FLK,2010,8,10
FLK,FLK,2010,8,12
FLK,FLK,2010,8,13
FLK,FLK,2010,8,14
FLK,FLK,2010,8,16
FLK,FLK,2010,8,17
FLK,FLK,2010,8,19
FLK,FLK,2010,8,20
FLK,FLK,2010,8,21
FLK,FLK,2010,8,23
FLK,FLK,2010,8,24
FLK,FLK,2010,8,26
FLK,FLK,2010,8,27
FLK,FLK,2010,8,28
FLK,FLK,2010,8,30
FLK,FLK,2010,8,31
FLK,FLK,2010,9,2
FLK,FLK,2010,9,3
FLK,FLK,2010,9,4
FLK,FLK,2010,9,6
FLK,FLK,2010,9,7
FLK,FLK,2010,9,9
FLK,FLK,2010,9,10
FLK,FLK,2010,9,11
FLK,FLK,2010,9,13
FLK,FLK,2010,9,14
FLK,FLK,2010,9,17
FLK,FLK,2010,9,18
FLK,FLK,2010,9,20
FLK,FLK,2010,9,21
FLK,FLK,2010,9,23
FLK,FLK,2010,9,24
FLK,FLK,2010,9,25
FLK,FLK,2010,9,27
FLK,FLK,2010,9,28
FLK,FLK,2010,9,30
FLK,FLK,2010,10,1
FLK,FLK,2010,10,2
FLK,FLK,2010,10,4
FLK,FLK,2010,10,5
FLK,FLK,2010,10,7
FLK,FLK,2010,10,8
FLK,FLK,2010,10,9
FLK,FLK,2010,10,11
FLK,FLK,2010,10,12
FLK,FLK,2010,10,14
FLK,FLK,2010,10,15
FLK,FLK,2010,10,16
FLK,FLK,2010,10,18
FLK,FLK,2010,10,19
FLK,FLK,2010,10,21
FLK,FLK,2010,10,22
FLK,FLK,2010,10,23
FLK,FLK,2010,10,25
FLK,FLK,2010,10,26
FLK,FLK,2010,10,28
FLK,FLK,2010,10,29
FLK,FLK,2010,10,30
FLK,FLK,2010,11,1
FLK,FLK,2010,11,2
FLK,FLK,2010,11,4
FLK,FLK,2010,11,5
FLK,FLK,2010,11,6
FLK,FLK,2010,11,8
FLK,FLK,2010,11,9
FLK,FLK,2010,11,11
FLK,FLK,2010,11,12
FLK,FLK,2010,11,13
FLK,FLK,2010,11,15
FLK,FLK,2010,11,16
FLK,FLK,2010,11,18
FLK,FLK,2010,11,19
FLK,FLK,2010,11,20
FLK,FLK,2010,11,22
FLK,FLK,2010,11,23
FLK,FLK,2010,11,24
FLK,FLK,2010,11,26
FLK,FLK,2010,11,27
FLK,FLK,2010,11,29
FLK,FLK,2010,11,30
FLK,FLK,2010,12,2
FLK,FLK,2010,12,3
FLK,FLK,2010,12,4
FLK,FLK,2011,4,16
FLK,FLK,2011,4,18
FLK,FLK,2011,4,19
FLK,FLK,2011,4,22
FLK,FLK,2011,4,23
FLK,FLK,2011,4,26
FLK,FLK,2011,4,29
FLK,FLK,2011,4,30
FLK,FLK,2011,5,2
FLK,FLK,2011,5,3
FLK,FLK,2011,5,6
FLK,FLK,2011,5,7
FLK,FLK,2011,5,9
FLK,FLK,2011,5,10
FLK,FLK,2011,5,12
FLK,FLK,2011,5,13
FLK,FLK,2011,5,14
FLK,FLK,2011,5,16
FLK,FLK,2011,5,17
FLK,FLK,2011,5,19
FLK,FLK,2011,5,20
FLK,FLK,2011,5,21
FLK,FLK,2011,5,23
FLK,FLK,2011,5,24
FLK,FLK,2011,5,26
FLK,FLK,2011,5,27
FLK,FLK,2011,5,28
FLK,FLK,2011,5,30
FLK,FLK,2011,5,31
FLK,FLK,2011,6,2
FLK,FLK,2011,6,3
FLK,FLK,2011,6,4
FLK,FLK,2011,6,6
FLK,FLK,2011,6,7
FLK,FLK,2011,6,9
FLK,FLK,2011,6,10
FLK,FLK,2011,6,11
FLK,FLK,2011,6,13
FLK,FLK,2011,6,14
FLK,FLK,2011,6,16
FLK,FLK,2011,6,17
FLK,FLK,2011,6,18
FLK,FLK,2011,6,20
FLK,FLK,2011,6,21
FLK,FLK,2011,6,23
FLK,FLK,2011,6,24
FLK,FLK,2011,6,25
FLK,FLK,2011,6,27
FLK,FLK,2011,6,28
FLK,FLK,2011,6,30
FLK,FLK,2011,7,1
FLK,FLK,2011,7,2
FLK,FLK,2011,7,3
FLK,FLK,2011,7,4
FLK,FLK,2011,7,5
FLK,FLK,2011,7,8
FLK,FLK,2011,7,9
FLK,FLK,2011,7,11
FLK,FLK,2011,7,12
FLK,FLK,2011,7,14
FLK,FLK,2011,7,15
FLK,FLK,2011,7,16
FLK,FLK,2011,7,18
FLK,FLK,2011,7,19
FLK,FLK,2011,7,22
FLK,FLK,2011,7,23
FLK,FLK,2011,7,25
FLK,FLK,2011,7,26
FLK,FLK,2011,7,28
FLK,FLK,2011,7,29
FLK,FLK,2011,7,30
FLK,FLK,2011,8,1
FLK,FLK,2011,8,2
FLK,FLK,2011,8,4
FLK,FLK,2011,8,5
FLK,FLK,2011,8,6
FLK,FLK,2011,8,8
FLK,FLK,2011,8,9
FLK,FLK,2011,8,11
FLK,FLK,2011,8,12
FLK,FLK,2011,8,13
FLK,FLK,2011,8,15
FLK,FLK,2011,8,16
FLK,FLK,2011,8,18
FLK,FLK,2011,8,19
FLK,FLK,2011,8,20
FLK,FLK,2011,8,22
FLK,FLK,2011,8,23
FLK,FLK,2011,8,25
FLK,FLK,2011,8,26
FLK,FLK,2011,8,27
FLK,FLK,2011,8,29
FLK,FLK,2011,8,30
FLK,FLK,2011,9,1
FLK,FLK,2011,9,2
FLK,FLK,2011,9,3
FLK,FLK,2011,9,5
FLK,FLK,2011,9,6
FLK,FLK,2011,9,8
FLK,FLK,2011,9,9
FLK,FLK,2011,9,10
FLK,FLK,2011,9,12
FLK,FLK,2011,9,13
FLK,FLK,2011,9,16
FLK,FLK,2011,9,17
FLK,FLK,2011,9,19
FLK,FLK,2011,9,20
FLK,FLK,2011,9,22
FLK,FLK,2011,9,23
FLK,FLK,2011,9,24
FLK,FLK,2011,9,26
FLK,FLK,2011,9,27
FLK,FLK,2011,9,29
FLK,FLK,2011,9,30
FLK,FLK,2011,10,1
FLK,FLK,2011,10,3
FLK,FLK,2011,10,6
FLK,FLK,2011,10,7
FLK,FLK,2011,10,8
FLK,FLK,2011,10,11
FLK,FLK,2011,10,12
FLK,FLK,2011,10,13
FLK,FLK,2011,10,14
FLK,FLK,2011,10,15
FLK,FLK,2011,10,17
FLK,FLK,2011,10,18
FLK,FLK,2011,10,20
FLK,FLK,2011,10,21
FLK,FLK,2011,10,22
FLK,FLK,2011,10,24
FLK,FLK,2011,10,25
FLK,FLK,2011,10,27
FLK,FLK,2011,10,28
FLK,FLK,2011,10,29
FLK,FLK,2011,10,31
FLK,FLK,2011,11,1
FLK,FLK,2011,11,3
FLK,FLK,2011,11,4
FLK,FLK,2011,11,5
FLK,FLK,2011,11,7
FLK,FLK,2011,11,8
FLK,FLK,2011,11,10
FLK,FLK,2011,11,11
FLK,FLK,2011,11,12
FLK,FLK,2011,11,14
FLK,FLK,2011,11,15
FLK,FLK,2011,11,17
FLK,FLK,2011,11,18
FLK,FLK,2011,11,19
FLK,FLK,2011,11,21
FLK,FLK,2011,11,22
FLK,FLK,2011,11,23
FLK,FLK,2011,11,25
FLK,FLK,2011,11,26
FLK,FLK,2011,11,28
FLK,FLK,2011,11,29
FLK,FLK,2011,12,1
FLK,FLK,2011,12,2
FLK,FLK,2011,12,3
FLK,FLK,2011,12,5
FLK,FLK,2012,4,20
FLK,FLK,2012,4,21
FLK,FLK,2012,4,24
FLK,FLK,2012,4,27
FLK,FLK,2012,4,28
FLK,FLK,2012,4,30
FLK,FLK,2012,5,1
FLK,FLK,2012,5,4
FLK,FLK,2012,5,5
FLK,FLK,2012,5,7
FLK,FLK,2012,5,8
FLK,FLK,2012,5,10
FLK,FLK,2012,5,11
FLK,FLK,2012,5,12
FLK,FLK,2012,5,14
FLK,FLK,2012,5,15
FLK,FLK,2012,5,17
FLK,FLK,2012,5,18
FLK,FLK,2012,5,19
FLK,FLK,2012,5,21
FLK,FLK,2012,5,22
FLK,FLK,2012,5,24
FLK,FLK,2012,5,25
FLK,FLK,2012,5,26
FLK,FLK,2012,5,28
FLK,FLK,2012,5,29
FLK,FLK,2012,5,31
FLK,FLK,2012,6,1
FLK,FLK,2012,6,2
FLK,FLK,2012,6,4
FLK,FLK,2012,6,5
FLK,FLK,2012,6,7
FLK,FLK,2012,6,8
FLK,FLK,2012,6,9
FLK,FLK,2012,6,11
FLK,FLK,2012,6,12
FLK,FLK,2012,6,14
FLK,FLK,2012,6,15
FLK,FLK,2012,6,16
FLK,FLK,2012,6,18
FLK,FLK,2012,6,19
FLK,FLK,2012,6,21
FLK,FLK,2012,6,22
FLK,FLK,2012,6,23
FLK,FLK,2012,6,25
FLK,FLK,2012,6,26
FLK,FLK,2012,6,28
FLK,FLK,2012,6,29
FLK,FLK,2012,6,30
FLK,FLK,2012,7,2
FLK,FLK,2012,7,3
FLK,FLK,2012,7,4
FLK,FLK,2012,7,6
FLK,FLK,2012,7,7
FLK,FLK,2012,7,9
FLK,FLK,2012,7,10
FLK,FLK,2012,7,12
FLK,FLK,2012,7,13
FLK,FLK,2012,7,14
FLK,FLK,2012,7,16
FLK,FLK,2012,7,17
FLK,FLK,2012,7,19
FLK,FLK,2012,7,20
FLK,FLK,2012,7,21
FLK,FLK,2012,7,23
FLK,FLK,2012,7,24
FLK,FLK,2012,7,27
FLK,FLK,2012,7,28
FLK,FLK,2012,7,30
FLK,FLK,2012,7,31
FLK,FLK,2012,8,2
FLK,FLK,2012,8,3
FLK,FLK,2012,8,4
FLK,FLK,2012,8,6
FLK,FLK,2012,8,7
FLK,FLK,2012,8,9
FLK,FLK,2012,8,10
FLK,FLK,2012,8,11
FLK,FLK,2012,8,13
FLK,FLK,2012,8,14
FLK,FLK,2012,8,16
FLK,FLK,2012,8,17
FLK,FLK,2012,8,18
FLK,FLK,2012,8,20
FLK,FLK,2012,8,21
FLK,FLK,2012,8,23
FLK,FLK,2012,8,24
FLK,FLK,2012,8,25
FLK,FLK,2012,8,27
FLK,FLK,2012,8,28
FLK,FLK,2012,8,30
FLK,FLK,2012,8,31
FLK,FLK,2012,9,1
FLK,FLK,2012,9,3
FLK,FLK,2012,9,4
FLK,FLK,2012,9,6
FLK,FLK,2012,9,7
FLK,FLK,2012,9,8
FLK,FLK,2012,9,10
FLK,FLK,2012,9,11
FLK,FLK,2012,9,13
FLK,FLK,2012,9,14
FLK,FLK,2012,9,15
FLK,FLK,2012,9,17
FLK,FLK,2012,9,18
FLK,FLK,2012,9,20
FLK,FLK,2012,9,21
FLK,FLK,2012,9,22
FLK,FLK,2012,9,24
FLK,FLK,2012,9,25
FLK,FLK,2012,9,27
FLK,FLK,2012,9,28
FLK,FLK,2012,9,29
FLK,FLK,2012,10,1
FLK,FLK,2012,10,2
FLK,FLK,2012,10,4
FLK,FLK,2012,10,5
FLK,FLK,2012,10,6
FLK,FLK,2012,10,8
FLK,FLK,2012,10,9
FLK,FLK,2012,10,11
FLK,FLK,2012,10,12
FLK,FLK,2012,10,13
FLK,FLK,2012,10,15
FLK,FLK,2012,10,16
FLK,FLK,2012,10,18
FLK,FLK,2012,10,19
FLK,FLK,2012,10,20
FLK,FLK,2012,10,22
FLK,FLK,2012,10,23
FLK,FLK,2012,10,25
FLK,FLK,2012,10,26
FLK,FLK,2012,10,27
FLK,FLK,2012,10,29
FLK,FLK,2012,11,1
FLK,FLK,2012,11,2
FLK,FLK,2012,11,3
FLK,FLK,2012,11,5
FLK,FLK,2012,11,6
FLK,FLK,2012,11,7
FLK,FLK,2012,11,8
FLK,FLK,2012,11,9
FLK,FLK,2012,11,12
FLK,FLK,2012,11,13
FLK,FLK,2012,11,14
FLK,FLK,2012,11,15
FLK,FLK,2012,11,16
FLK,FLK,2012,11,19
FLK,FLK,2012,11,20
FLK,FLK,2012,11,21
FLK,FLK,2012,11,23
FLK,FLK,2012,11,26
FLK,FLK,2012,11,27
FLK,FLK,2012,11,28
FLK,FLK,2012,11,29
FLK,FLK,2012,11,30
FLK,FLK,2012,12,3
FLK,FLK,2012,12,4
FLK,FLK,2012,12,5
FLK,FLK,2012,12,6
FLK,FLK,2012,12,7
FLK,FLK,2013,4,20
FLK,FLK,2013,4,22
FLK,FLK,2013,4,23
FLK,FLK,2013,4,27
FLK,FLK,2013,4,29
FLK,FLK,2013,4,30
FLK,FLK,2013,5,3
FLK,FLK,2013,5,4
FLK,FLK,2013,5,6
FLK,FLK,2013,5,7
FLK,FLK,2013,5,10
FLK,FLK,2013,5,11
FLK,FLK,2013,5,13
FLK,FLK,2013,5,14
FLK,FLK,2013,5,16
FLK,FLK,2013,5,17
FLK,FLK,2013,5,18
FLK,FLK,2013,5,20
FLK,FLK,2013,5,21
FLK,FLK,2013,5,23
FLK,FLK,2013,5,24
FLK,FLK,2013,5,25
FLK,FLK,2013,5,27
FLK,FLK,2013,5,28
FLK,FLK,2013,5,30
FLK,FLK,2013,5,31
FLK,FLK,2013,6,1
FLK,FLK,2013,6,3
FLK,FLK,2013,6,4
FLK,FLK,2013,6,6
FLK,FLK,2013,6,7
FLK,FLK,2013,6,8
FLK,FLK,2013,6,10
FLK,FLK,2013,6,11
FLK,FLK,2013,6,13
FLK,FLK,2013,6,14
FLK,FLK,2013,6,15
FLK,FLK,2013,6,17
FLK,FLK,2013,6,18
FLK,FLK,2013,6,20
FLK,FLK,2013,6,21
FLK,FLK,2013,6,22
FLK,FLK,2013,6,24
FLK,FLK,2013,6,25
FLK,FLK,2013,6,27
FLK,FLK,2013,6,28
FLK,FLK,2013,6,29
FLK,FLK,2013,7,1
FLK,FLK,2013,7,2
FLK,FLK,2013,7,4
FLK,FLK,2013,7,5
FLK,FLK,2013,7,6
FLK,FLK,2013,7,8
FLK,FLK,2013,7,9
FLK,FLK,2013,7,11
FLK,FLK,2013,7,12
FLK,FLK,2013,7,13
FLK,FLK,2013,7,15
FLK,FLK,2013,7,16
FLK,FLK,2013,7,18
FLK,FLK,2013,7,19
FLK,FLK,2013,7,20
FLK,FLK,2013,7,22
FLK,FLK,2013,7,23
FLK,FLK,2013,7,26
FLK,FLK,2013,7,27
FLK,FLK,2013,7,29
FLK,FLK,2013,7,30
FLK,FLK,2013,8,1
FLK,FLK,2013,8,2
FLK,FLK,2013,8,3
FLK,FLK,2013,8,5
FLK,FLK,2013,8,6
FLK,FLK,2013,8,8
FLK,FLK,2013,8,9
FLK,FLK,2013,8,10
FLK,FLK,2013,8,12
FLK,FLK,2013,8,13
FLK,FLK,2013,8,15
FLK,FLK,2013,8,16
FLK,FLK,2013,8,17
FLK,FLK,2013,8,19
FLK,FLK,2013,8,20
FLK,FLK,2013,8,22
FLK,FLK,2013,8,23
FLK,FLK,2013,8,24
FLK,FLK,2013,8,26
FLK,FLK,2013,8,27
FLK,FLK,2013,8,29
FLK,FLK,2013,8,30
FLK,FLK,2013,8,31
FLK,FLK,2013,9,2
FLK,FLK,2013,9,3
FLK,FLK,2013,9,5
FLK,FLK,2013,9,6
FLK,FLK,2013,9,7
FLK,FLK,2013,9,9
FLK,FLK,2013,9,10
FLK,FLK,2013,9,12
FLK,FLK,2013,9,13
FLK,FLK,2013,9,14
FLK,FLK,2013,9,16
FLK,FLK,2013,9,17
FLK,FLK,2013,9,19
FLK,FLK,2013,9,20
FLK,FLK,2013,9,21
FLK,FLK,2013,9,23
FLK,FLK,2013,9,24
FLK,FLK,2013,9,26
FLK,FLK,2013,9,27
FLK,FLK,2013,9,28
FLK,FLK,2013,9,30
FLK,FLK,2013,10,1
FLK,FLK,2013,10,3
FLK,FLK,2013,10,4
FLK,FLK,2013,10,5
FLK,FLK,2013,10,7
FLK,FLK,2013,10,8
FLK,FLK,2013,10,10
FLK,FLK,2013,10,11
FLK,FLK,2013,10,12
FLK,FLK,2013,10,14
FLK,FLK,2013,10,15
FLK,FLK,2013,10,17
FLK,FLK,2013,10,18
FLK,FLK,2013,10,19
FLK,FLK,2013,10,21
FLK,FLK,2013,10,22
FLK,FLK,2013,10,24
FLK,FLK,2013,10,25
FLK,FLK,2013,10,26
FLK,FLK,2013,10,28
FLK,FLK,2013,10,29
FLK,FLK,2013,10,31
FLK,FLK,2013,11,1
FLK,FLK,2013,11,2
FLK,FLK,2013,11,4
FLK,FLK,2013,11,5
FLK,FLK,2013,11,6
FLK,FLK,2013,11,7
FLK,FLK,2013,11,8
FLK,FLK,2013,11,11
FLK,FLK,2013,11,12
FLK,FLK,2013,11,13
FLK,FLK,2013,11,14
FLK,FLK,2013,11,15
FLK,FLK,2013,11,18
FLK,FLK,2013,11,19
FLK,FLK,2013,11,20
FLK,FLK,2013,11,21
FLK,FLK,2013,11,22
FLK,FLK,2013,11,25
FLK,FLK,2013,11,26
FLK,FLK,2013,11,29
FLK,FLK,2013,12,2
FLK,FLK,2013,12,3
FLK,FLK,2013,12,4
FLK,FLK,2013,12,5
FLK,FLK,2013,12,6
FLK,FLK,2013,12,9
FLK,FLK,2013,12,10
FLK,FLK,2014,4,18
FLK,FLK,2014,4,19
FLK,FLK,2014,4,22
FLK,FLK,2014,4,25
FLK,FLK,2014,4,28
FLK,FLK,2014,4,29
FLK,FLK,2014,5,2
FLK,FLK,2014,5,3
FLK,FLK,2014,5,5
FLK,FLK,2014,5,6
FLK,FLK,2014,5,9
FLK,FLK,2014,5,10
FLK,FLK,2014,5,12
FLK,FLK,2014,5,13
FLK,FLK,2014,5,16
FLK,FLK,2014,5,17
FLK,FLK,2014,5,19
FLK,FLK,2014,5,20
FLK,FLK,2014,5,22
FLK,FLK,2014,5,23
FLK,FLK,2014,5,24
FLK,FLK,2014,5,26
FLK,FLK,2014,5,27
FLK,FLK,2014,5,30
FLK,FLK,2014,5,31
FLK,FLK,2014,6,2
FLK,FLK,2014,6,3
FLK,FLK,2014,6,5
FLK,FLK,2014,6,6
FLK,FLK,2014,6,7
FLK,FLK,2014,6,9
FLK,FLK,2014,6,10
FLK,FLK,2014,6,12
FLK,FLK,2014,6,13
FLK,FLK,2014,6,14
FLK,FLK,2014,6,16
FLK,FLK,2014,6,17
FLK,FLK,2014,6,19
FLK,FLK,2014,6,20
FLK,FLK,2014,6,21
FLK,FLK,2014,6,23
FLK,FLK,2014,6,24
FLK,FLK,2014,6,26
FLK,FLK,2014,6,27
FLK,FLK,2014,6,28
FLK,FLK,2014,6,30
FLK,FLK,2014,7,1
FLK,FLK,2014,7,3
FLK,FLK,2014,7,4
FLK,FLK,2014,7,5
FLK,FLK,2014,7,7
FLK,FLK,2014,7,8
FLK,FLK,2014,7,10
FLK,FLK,2014,7,11
FLK,FLK,2014,7,12
FLK,FLK,2014,7,14
FLK,FLK,2014,7,15
FLK,FLK,2014,7,17
FLK,FLK,2014,7,18
FLK,FLK,2014,7,19
FLK,FLK,2014,7,21
FLK,FLK,2014,7,22
FLK,FLK,2014,7,25
FLK,FLK,2014,7,26
FLK,FLK,2014,7,28
FLK,FLK,2014,7,29
FLK,FLK,2014,7,31
FLK,FLK,2014,8,1
FLK,FLK,2014,8,2
FLK,FLK,2014,8,4
FLK,FLK,2014,8,5
FLK,FLK,2014,8,7
FLK,FLK,2014,8,8
FLK,FLK,2014,8,9
FLK,FLK,2014,8,11
FLK,FLK,2014,8,12
FLK,FLK,2014,8,14
FLK,FLK,2014,8,15
FLK,FLK,2014,8,16
FLK,FLK,2014,8,18
FLK,FLK,2014,8,19
FLK,FLK,2014,8,21
FLK,FLK,2014,8,22
FLK,FLK,2014,8,23
FLK,FLK,2014,8,25
FLK,FLK,2014,8,26
FLK,FLK,2014,8,28
FLK,FLK,2014,8,29
FLK,FLK,2014,8,30
FLK,FLK,2014,9,1
FLK,FLK,2014,9,2
FLK,FLK,2014,9,4
FLK,FLK,2014,9,5
FLK,FLK,2014,9,6
FLK,FLK,2014,9,8
FLK,FLK,2014,9,9
FLK,FLK,2014,9,11
FLK,FLK,2014,9,12
FLK,FLK,2014,9,13
FLK,FLK,2014,9,15
FLK,FLK,2014,9,16
FLK,FLK,2014,9,18
FLK,FLK,2014,9,19
FLK,FLK,2014,9,20
FLK,FLK,2014,9,22
FLK,FLK,2014,9,23
FLK,FLK,2014,9,25
FLK,FLK,2014,9,26
FLK,FLK,2014,9,27
FLK,FLK,2014,9,29
FLK,FLK,2014,9,30
FLK,FLK,2014,10,2
FLK,FLK,2014,10,3
FLK,FLK,2014,10,4
FLK,FLK,2014,10,6
FLK,FLK,2014,10,7
FLK,FLK,2014,10,9
FLK,FLK,2014,10,10
FLK,FLK,2014,10,11
FLK,FLK,2014,10,13
FLK,FLK,2014,10,14
FLK,FLK,2014,10,16
FLK,FLK,2014,10,17
FLK,FLK,2014,10,18
FLK,FLK,2014,10,20
FLK,FLK,2014,10,21
FLK,FLK,2014,10,23
FLK,FLK,2014,10,24
FLK,FLK,2014,10,25
FLK,FLK,2014,10,27
FLK,FLK,2014,10,28
FLK,FLK,2014,10,30
FLK,FLK,2014,10,31
FLK,FLK,2014,11,1
FLK,FLK,2014,11,3
FLK,FLK,2014,11,4
FLK,FLK,2014,11,5
FLK,FLK,2014,11,6
FLK,FLK,2014,11,7
FLK,FLK,2014,11,10
FLK,FLK,2014,11,11
FLK,FLK,2014,11,12
FLK,FLK,2014,11,13
FLK,FLK,2014,11,14
FLK,FLK,2014,11,17
FLK,FLK,2014,11,18
FLK,FLK,2014,11,19
FLK,FLK,2014,11,20
FLK,FLK,2014,11,21
FLK,FLK,2014,11,24
FLK,FLK,2014,11,25
FLK,FLK,2014,11,26
FLK,FLK,2014,11,28
FLK,FLK,2014,12,1
FLK,FLK,2014,12,2
FLK,FLK,2014,12,3
FLK,FLK,2014,12,4
FLK,FLK,2014,12,5
FLK,FLK,2015,5,1
FLK,FLK,2015,5,2
FLK,FLK,2015,5,4
FLK,FLK,2015,5,8
FLK,FLK,2015,5,9
FLK,FLK,2015,5,11
FLK,FLK,2015,5,12
FLK,FLK,2015,5,15
FLK,FLK,2015,5,16
FLK,FLK,2015,5,18
FLK,FLK,2015,5,19
FLK,FLK,2015,5,21
FLK,FLK,2015,5,22
FLK,FLK,2015,5,23
FLK,FLK,2015,5,25
FLK,FLK,2015,5,26
FLK,FLK,2015,5,28
FLK,FLK,2015,5,30
FLK,FLK,2015,6,1
FLK,FLK,2015,6,2
FLK,FLK,2015,6,4
FLK,FLK,2015,6,5
FLK,FLK,2015,6,6
FLK,FLK,2015,6,8
FLK,FLK,2015,6,9
FLK,FLK,2015,6,11
FLK,FLK,2015,6,12
FLK,FLK,2015,6,13
FLK,FLK,2015,6,15
FLK,FLK,2015,6,16
FLK,FLK,2015,6,18
FLK,FLK,2015,6,19
FLK,FLK,2015,6,20
FLK,FLK,2015,6,22
FLK,FLK,2015,6,23
FLK,FLK,2015,6,25
FLK,FLK,2015,6,26
FLK,FLK,2015,6,27
FLK,FLK,2015,6,29
FLK,FLK,2015,6,30
FLK,FLK,2015,7,2
FLK,FLK,2015,7,3
FLK,FLK,2015,7,4
FLK,FLK,2015,7,6
FLK,FLK,2015,7,7
FLK,FLK,2015,7,9
FLK,FLK,2015,7,10
FLK,FLK,2015,7,11
FLK,FLK,2015,7,13
FLK,FLK,2015,7,14
FLK,FLK,2015,7,16
FLK,FLK,2015,7,17
FLK,FLK,2015,7,18
FLK,FLK,2015,7,20
FLK,FLK,2015,7,21
FLK,FLK,2015,7,23
FLK,FLK,2015,7,24
FLK,FLK,2015,7,25
FLK,FLK,2015,7,27
FLK,FLK,2015,7,28
FLK,FLK,2015,7,31
FLK,FLK,2015,8,1
FLK,FLK,2015,8,3
FLK,FLK,2015,8,4
FLK,FLK,2015,8,6
FLK,FLK,2015,8,7
FLK,FLK,2015,8,8
FLK,FLK,2015,8,10
FLK,FLK,2015,8,11
FLK,FLK,2015,8,13
FLK,FLK,2015,8,14
FLK,FLK,2015,8,15
FLK,FLK,2015,8,17
FLK,FLK,2015,8,18
FLK,FLK,2015,8,20
FLK,FLK,2015,8,21
FLK,FLK,2015,8,22
FLK,FLK,2015,8,24
FLK,FLK,2015,8,25
FLK,FLK,2015,8,27
FLK,FLK,2015,8,28
FLK,FLK,2015,8,29
FLK,FLK,2015,8,31
FLK,FLK,2015,9,1
FLK,FLK,2015,9,4
FLK,FLK,2015,9,5
FLK,FLK,2015,9,7
FLK,FLK,2015,9,8
FLK,FLK,2015,9,9
FLK,FLK,2015,9,10
FLK,FLK,2015,9,12
FLK,FLK,2015,9,14
FLK,FLK,2015,9,15
FLK,FLK,2015,9,17
FLK,FLK,2015,9,18
FLK,FLK,2015,9,19
FLK,FLK,2015,9,21
FLK,FLK,2015,9,22
FLK,FLK,2015,9,24
FLK,FLK,2015,9,25
FLK,FLK,2015,9,26
FLK,FLK,2015,9,28
FLK,FLK,2015,9,29
FLK,FLK,2015,10,1
FLK,FLK,2015,10,2
FLK,FLK,2015,10,3
FLK,FLK,2015,10,5
FLK,FLK,2015,10,6
FLK,FLK,2015,10,8
FLK,FLK,2015,10,9
FLK,FLK,2015,10,10
FLK,FLK,2015,10,13
FLK,FLK,2015,10,14
FLK,FLK,2015,10,15
FLK,FLK,2015,10,16
FLK,FLK,2015,10,17
FLK,FLK,2015,10,19
FLK,FLK,2015,10,20
FLK,FLK,2015,10,22
FLK,FLK,2015,10,23
FLK,FLK,2015,10,24
FLK,FLK,2015,10,26
FLK,FLK,2015,10,27
FLK,FLK,2015,10,29
FLK,FLK,2015,10,30
FLK,FLK,2015,10,31
FLK,FLK,2015,11,2
FLK,FLK,2015,11,3
FLK,FLK,2015,11,4
FLK,FLK,2015,11,5
FLK,FLK,2015,11,6
FLK,FLK,2015,11,9
FLK,FLK,2015,11,10
FLK,FLK,2015,11,11
FLK,FLK,2015,11,12
FLK,FLK,2015,11,13
FLK,FLK,2015,11,16
FLK,FLK,2015,11,17
FLK,FLK,2015,11,18
FLK,FLK,2015,11,19
FLK,FLK,2015,11,20
FLK,FLK,2015,11,23
FLK,FLK,2015,11,24
FLX,FLX,1998,9,10
FLX,FLX,1998,9,11
FLX,FLX,1998,9,12
FLX,FLX,1998,9,13
FLX,FLX,1998,9,14
FLX,FLX,1998,9,15
FLX,FLX,1998,9,16
FLX,FLX,1998,9,17
FLX,FLX,1998,9,18
FLX,FLX,1998,9,19
FLX,FLX,1998,9,20
FLX,FLX,1998,9,21
FLX,FLX,1998,9,22
FLX,FLX,1998,9,23
FLX,FLX,1998,9,24
FLX,FLX,1998,9,25
FLX,FLX,1998,9,26
FLX,FLX,1998,9,27
FLX,FLX,1999,9,9
FLX,FLX,1999,9,10
FLX,FLX,1999,9,11
FLX,FLX,1999,9,12
FLX,FLX,1999,9,13
FLX,FLX,1999,9,14
FLX,FLX,1999,9,15
FLX,FLX,1999,9,16
FLX,FLX,1999,9,17
FLX,FLX,1999,9,18
FLX,FLX,1999,9,19
FLX,FLX,1999,9,20
FLX,FLX,1999,9,21
FLX,FLX,1999,9,22
FLX,FLX,1999,9,23
FLX,FLX,1999,9,24
FLX,FLX,1999,9,25
FLX,FLX,1999,9,26
FLX,FLX,2000,9,14
FLX,FLX,2000,9,15
FLX,FLX,2000,9,16
FLX,FLX,2000,9,18
FLX,FLX,2000,9,19
FLX,FLX,2000,9,20
FLX,FLX,2000,9,21
FLX,FLX,2000,9,22
FLX,FLX,2000,9,23
FLX,FLX,2000,9,24
FLX,FLX,2000,9,25
FLX,FLX,2000,9,26
FLX,FLX,2000,9,27
FLX,FLX,2000,9,28
FLX,FLX,2000,9,29
FLX,FLX,2000,9,30
FLX,FLX,2000,10,1
FLX,FLX,2001,9,7
FLX,FLX,2001,9,8
FLX,FLX,2001,9,9
FLX,FLX,2001,9,10
FLX,FLX,2001,9,12
FLX,FLX,2001,9,13
FLX,FLX,2001,9,14
FLX,FLX,2001,9,15
FLX,FLX,2001,9,16
FLX,FLX,2001,9,18
FLX,FLX,2001,9,19
FLX,FLX,2001,9,20
FLX,FLX,2001,9,21
FLX,FLX,2001,9,22
FLX,FLX,2001,9,23
FLX,FLX,2001,9,24
FLX,FLX,2002,9,13
FLX,FLX,2002,9,14
FLX,FLX,2002,9,15
FLX,FLX,2002,9,16
FLX,FLX,2002,9,17
FLX,FLX,2002,9,18
FLX,FLX,2002,9,19
FLX,FLX,2002,9,20
FLX,FLX,2002,9,21
FLX,FLX,2002,9,22
FLX,FLX,2002,9,23
FLX,FLX,2002,9,24
FLX,FLX,2002,9,25
FLX,FLX,2002,9,26
FLX,FLX,2002,9,27
FLX,FLX,2002,9,28
FLX,FLX,2002,9,29
FLX,FLX,2003,9,24
FLX,FLX,2003,9,25
FLX,FLX,2003,9,26
FLX,FLX,2003,9,27
FLX,FLX,2003,9,28
FLX,FLX,2004,9,10
FLX,FLX,2004,9,11
FLX,FLX,2004,9,12
FLX,FLX,2004,9,13
FLX,FLX,2004,9,14
FLX,FLX,2004,9,15
FLX,FLX,2004,9,16
FLX,FLX,2004,9,17
FLX,FLX,2004,9,18
FLX,FLX,2004,9,19
FLX,FLX,2004,9,20
FLX,FLX,2004,9,21
FLX,FLX,2004,9,22
FLX,FLX,2004,9,23
FLX,FLX,2004,9,24
FLX,FLX,2004,9,25
FLX,FLX,2004,9,26
FLX,FLX,2005,9,9
FLX,FLX,2005,9,10
FLX,FLX,2005,9,11
FLX,FLX,2005,9,12
FLX,FLX,2005,9,14
FLX,FLX,2005,9,15
FLX,FLX,2005,9,16
FLX,FLX,2005,9,17
FLX,FLX,2005,9,18
FLX,FLX,2005,9,19
FLX,FLX,2005,9,21
FLX,FLX,2005,9,22
FLX,FLX,2005,9,23
FLX,FLX,2005,9,24
FLX,FLX,2005,9,25
FLX,FLX,2005,9,26
FLX,FLX,2006,9,8
FLX,FLX,2006,9,9
FLX,FLX,2006,9,10
FLX,FLX,2006,9,11
FLX,FLX,2006,9,13
FLX,FLX,2006,9,14
FLX,FLX,2006,9,15
FLX,FLX,2006,9,16
FLX,FLX,2006,9,17
FLX,FLX,2006,9,18
FLX,FLX,2006,9,20
FLX,FLX,2006,9,21
FLX,FLX,2006,9,22
FLX,FLX,2006,9,23
FLX,FLX,2006,9,24
FLX,FLX,2006,9,25
FLX,FLX,2007,9,7
FLX,FLX,2007,9,8
FLX,FLX,2007,9,9
FLX,FLX,2007,9,10
FLX,FLX,2007,9,12
FLX,FLX,2007,9,13
FLX,FLX,2007,9,14
FLX,FLX,2007,9,15
FLX,FLX,2007,9,16
FLX,FLX,2007,9,17
FLX,FLX,2007,9,19
FLX,FLX,2007,9,20
FLX,FLX,2007,9,21
FLX,FLX,2007,9,22
FLX,FLX,2007,9,23
FLX,FLX,2007,9,24
FLX,FLX,2008,9,5
FLX,FLX,2008,9,6
FLX,FLX,2008,9,7
FLX,FLX,2008,9,8
FLX,FLX,2008,9,10
FLX,FLX,2008,9,11
FLX,FLX,2008,9,12
FLX,FLX,2008,9,13
FLX,FLX,2008,9,14
FLX,FLX,2008,9,15
FLX,FLX,2008,9,17
FLX,FLX,2008,9,18
FLX,FLX,2008,9,19
FLX,FLX,2008,9,20
FLX,FLX,2008,9,21
FLX,FLX,2008,9,22
FLX,FLX,2009,9,10
FLX,FLX,2009,9,11
FLX,FLX,2009,9,12
FLX,FLX,2009,9,13
FLX,FLX,2009,9,16
FLX,FLX,2009,9,17
FLX,FLX,2009,9,18
FLX,FLX,2009,9,19
FLX,FLX,2009,9,20
FLX,FLX,2009,9,23
FLX,FLX,2009,9,24
FLX,FLX,2009,9,25
FLX,FLX,2009,9,26
FLX,FLX,2009,9,27
FLX,FLX,2009,9,28
FLX,FLX,2010,9,9
FLX,FLX,2010,9,10
FLX,FLX,2010,9,11
FLX,FLX,2010,9,12
FLX,FLX,2010,9,15
FLX,FLX,2010,9,16
FLX,FLX,2010,9,17
FLX,FLX,2010,9,18
FLX,FLX,2010,9,19
FLX,FLX,2010,9,22
FLX,FLX,2010,9,23
FLX,FLX,2010,9,24
FLX,FLX,2010,9,25
FLX,FLX,2010,9,26
FLX,FLX,2010,9,27
FLX,FLX,2011,9,9
FLX,FLX,2011,9,10
FLX,FLX,2011,9,11
FLX,FLX,2011,9,14
FLX,FLX,2011,9,15
FLX,FLX,2011,9,16
FLX,FLX,2011,9,17
FLX,FLX,2011,9,18
FLX,FLX,2011,9,21
FLX,FLX,2011,9,22
FLX,FLX,2011,9,23
FLX,FLX,2011,9,24
FLX,FLX,2011,9,25
FLX,FLX,2012,9,7
FLX,FLX,2012,9,8
FLX,FLX,2012,9,9
FLX,FLX,2012,9,12
FLX,FLX,2012,9,13
FLX,FLX,2012,9,14
FLX,FLX,2012,9,15
FLX,FLX,2012,9,16
FLX,FLX,2012,9,19
FLX,FLX,2012,9,20
FLX,FLX,2012,9,21
FLX,FLX,2012,9,22
FLX,FLX,2012,9,23
FLX,FLX,2013,9,6
FLX,FLX,2013,9,7
FLX,FLX,2013,9,8
FLX,FLX,2013,9,11
FLX,FLX,2013,9,12
FLX,FLX,2013,9,13
FLX,FLX,2013,9,14
FLX,FLX,2013,9,15
FLX,FLX,2013,9,18
FLX,FLX,2013,9,19
FLX,FLX,2013,9,20
FLX,FLX,2013,9,21
FLX,FLX,2013,9,22
FMT,FMT,1998,8,14
FMT,FMT,1998,8,15
FMT,FMT,1998,8,18
FMT,FMT,1998,8,20
FMT,FMT,1998,8,21
FMT,FMT,1998,8,22
FMT,FMT,1998,8,25
FMT,FMT,1998,8,27
FMT,FMT,1998,8,28
FMT,FMT,1998,8,29
FMT,FMT,1998,9,1
FMT,FMT,1998,9,3
FMT,FMT,1998,9,4
FMT,FMT,1998,9,5
FMT,FMT,1998,9,8
FMT,FMT,1998,9,10
FMT,FMT,1998,9,12
FMT,FMT,1998,9,19
FMT,FMT,1998,9,22
FMT,FMT,1998,9,23
FMT,FMT,1998,9,24
FMT,FMT,1998,9,25
FMT,FMT,1998,9,26
FMT,FMT,1998,9,29
FMT,FMT,1998,9,30
FMT,FMT,1998,10,1
FMT,FMT,1998,10,2
FMT,FMT,1998,10,3
FMT,FMT,1998,10,6
FMT,FMT,1998,10,7
FMT,FMT,1998,10,8
FMT,FMT,1998,10,9
FMT,FMT,1998,10,10
FMT,FMT,1998,10,13
FMT,FMT,1998,10,14
FMT,FMT,1998,10,15
FMT,FMT,1998,10,16
FMT,FMT,1998,10,17
FMT,FMT,1998,10,20
FMT,FMT,1998,10,21
FMT,FMT,1998,10,22
FMT,FMT,1998,10,23
FMT,FMT,1998,10,24
FMT,FMT,1998,10,28
FMT,FMT,1998,10,29
FMT,FMT,1998,10,30
FMT,FMT,1998,10,31
FMT,FMT,1998,11,3
FMT,FMT,1998,11,4
FMT,FMT,1998,11,5
FMT,FMT,1998,11,6
FMT,FMT,1998,11,7
FMT,FMT,1998,11,10
FMT,FMT,1998,11,11
FMT,FMT,1998,11,12
FMT,FMT,1998,11,13
FMT,FMT,1998,11,14
FMT,FMT,1998,11,17
FMT,FMT,1998,11,18
FMT,FMT,1998,11,19
FMT,FMT,1998,11,20
FMT,FMT,1998,11,21
FMT,FMT,1998,11,24
FMT,FMT,1998,11,25
FMT,FMT,1998,11,27
FMT,FMT,1998,11,28
FMT,FMT,1998,12,1
FMT,FMT,1998,12,2
FMT,FMT,1998,12,3
FMT,FMT,1998,12,4
FMT,FMT,1998,12,5
FMT,FMT,1998,12,8
FMT,FMT,1998,12,9
FMT,FMT,1998,12,10
FMT,FMT,1998,12,11
FMT,FMT,1998,12,12
FMT,FMT,1998,12,15
FMT,FMT,1998,12,16
FMT,FMT,1998,12,17
FMT,FMT,1998,12,18
FMT,FMT,1998,12,19
FMT,FMT,1998,12,22
FMT,FMT,1998,12,23
FMT,FMT,1998,12,26
FMT,FMT,1998,12,29
FMT,FMT,1999,4,13
FMT,FMT,1999,4,14
FMT,FMT,1999,4,16
FMT,FMT,1999,4,17
FMT,FMT,1999,4,21
FMT,FMT,1999,4,23
FMT,FMT,1999,4,24
FMT,FMT,1999,4,28
FMT,FMT,1999,5,4
FMT,FMT,1999,5,5
FMT,FMT,1999,5,8
FMT,FMT,1999,5,11
FMT,FMT,1999,5,12
FMT,FMT,1999,5,14
FMT,FMT,1999,5,15
FMT,FMT,1999,5,19
FMT,FMT,1999,5,22
FMT,FMT,1999,5,26
FMT,FMT,1999,5,28
FMT,FMT,1999,5,29
FMT,FMT,1999,6,4
FMT,FMT,1999,6,8
FMT,FMT,1999,6,18
FMT,FMT,1999,6,19
FMT,FMT,1999,6,22
FMT,FMT,1999,6,23
FMT,FMT,1999,6,29
FMT,FMT,1999,6,30
FMT,FMT,1999,7,5
FMT,FMT,1999,7,6
FMT,FMT,1999,7,14
FMT,FMT,1999,7,21
FMT,FMT,1999,7,27
FMT,FMT,1999,7,28
FMT,FMT,1999,8,3
FMT,FMT,1999,8,4
FMT,FMT,1999,8,10
FMT,FMT,1999,8,11
FMT,FMT,1999,8,17
FMT,FMT,1999,8,18
FMT,FMT,1999,8,21
FMT,FMT,1999,8,25
FMT,FMT,1999,8,31
FMT,FMT,1999,9,1
FMT,FMT,1999,9,7
FMT,FMT,1999,9,14
FMT,FMT,1999,9,15
FMT,FMT,1999,9,28
FMT,FMT,1999,9,29
FMT,FMT,1999,9,30
FMT,FMT,1999,10,6
FMT,FMT,1999,10,7
FMT,FMT,1999,10,12
FMT,FMT,1999,10,13
FMT,FMT,1999,10,14
FMT,FMT,1999,10,19
FMT,FMT,1999,10,20
FMT,FMT,1999,10,21
FMT,FMT,1999,10,23
FMT,FMT,1999,10,26
FMT,FMT,1999,10,27
FMT,FMT,1999,10,28
FMT,FMT,1999,10,30
FMT,FMT,1999,11,2
FMT,FMT,1999,11,3
FMT,FMT,1999,11,4
FMT,FMT,1999,11,6
FMT,FMT,1999,11,10
FMT,FMT,1999,11,11
FMT,FMT,1999,11,12
FMT,FMT,1999,11,13
FMT,FMT,1999,11,16
FMT,FMT,1999,11,18
FMT,FMT,1999,11,19
FMT,FMT,1999,11,23
FMT,FMT,1999,11,24
FMT,FMT,1999,11,26
FMT,FMT,1999,11,27
FMT,FMT,1999,11,30
FMT,FMT,1999,12,1
FMT,FMT,1999,12,2
FMT,FMT,1999,12,4
FMT,FMT,1999,12,7
FMT,FMT,1999,12,8
FMT,FMT,1999,12,9
FMT,FMT,1999,12,10
FMT,FMT,1999,12,14
FMT,FMT,1999,12,15
FMT,FMT,1999,12,16
FMT,FMT,1999,12,17
FMT,FMT,1999,12,22
FMT,FMT,1999,12,23
FMT,FMT,1999,12,24
FMT,FMT,1999,12,28
FMT,FMT,1999,12,30
FMT,FMT,2001,3,20
FMT,FMT,2001,3,27
FMT,FMT,2001,4,3
FMT,FMT,2001,4,10
FMT,FMT,2001,4,17
FMT,FMT,2001,5,1
FMT,FMT,2001,5,8
FMT,FMT,2001,5,15
FMT,FMT,2001,5,22
FMT,FMT,2001,6,4
FMT,FMT,2001,6,5
FMT,FMT,2001,6,11
FMT,FMT,2001,6,12
FMT,FMT,2001,6,18
FMT,FMT,2001,6,19
FMT,FMT,2001,6,25
FMT,FMT,2001,6,26
FMT,FMT,2001,7,3
FMT,FMT,2001,7,10
FMT,FMT,2001,7,17
FMT,FMT,2001,7,24
FMT,FMT,2001,8,7
FMT,FMT,2001,8,21
FMT,FMT,2001,8,28
FMT,FMT,2001,9,18
FMT,FMT,2001,9,25
FMT,FMT,2001,10,2
FMT,FMT,2001,10,9
FMT,FMT,2001,10,16
FMT,FMT,2001,10,30
FMT,FMT,2001,11,6
FMT,FMT,2001,11,13
FMT,FMT,2001,11,20
FMT,FMT,2002,4,16
FMT,FMT,2002,4,23
FMT,FMT,2002,5,14
FMT,FMT,2002,5,21
FMT,FMT,2002,6,4
FMT,FMT,2002,6,11
FMT,FMT,2002,6,18
FMT,FMT,2002,6,25
FMT,FMT,2002,7,9
FMT,FMT,2002,7,16
FMT,FMT,2002,7,23
FMT,FMT,2002,7,30
FMT,FMT,2002,8,6
FMT,FMT,2002,8,13
FMT,FMT,2002,8,20
FMT,FMT,2002,8,27
FMT,FMT,2002,9,10
FMT,FMT,2002,9,17
FMT,FMT,2002,9,24
FMT,FMT,2002,10,1
FMT,FMT,2002,10,8
FMT,FMT,2002,10,15
FMT,FMT,2003,4,8
FMT,FMT,2003,4,15
FMT,FMT,2003,4,22
FMT,FMT,2003,4,29
FMT,FMT,2003,5,6
FMT,FMT,2003,5,13
FMT,FMT,2003,5,20
FMT,FMT,2003,5,27
FMT,FMT,2003,6,3
FMT,FMT,2003,6,10
FMT,FMT,2003,6,17
FMT,FMT,2003,6,24
FMT,FMT,2003,6,27
FMT,FMT,2003,6,28
FMT,FMT,2003,7,1
FMT,FMT,2003,7,3
FMT,FMT,2003,7,4
FMT,FMT,2003,7,5
FMT,FMT,2003,7,8
FMT,FMT,2003,7,9
FMT,FMT,2003,7,11
FMT,FMT,2003,7,12
FMT,FMT,2003,7,15
FMT,FMT,2003,7,18
FMT,FMT,2003,7,19
FMT,FMT,2003,7,22
FMT,FMT,2003,7,25
FMT,FMT,2003,7,26
FMT,FMT,2003,7,29
FMT,FMT,2003,8,1
FMT,FMT,2003,8,2
FMT,FMT,2003,8,5
FMT,FMT,2003,8,6
FMT,FMT,2003,8,8
FMT,FMT,2003,8,9
FMT,FMT,2003,8,12
FMT,FMT,2003,8,15
FMT,FMT,2003,8,16
FMT,FMT,2003,8,19
FMT,FMT,2003,8,22
FMT,FMT,2003,8,23
FMT,FMT,2003,8,26
FMT,FMT,2003,8,29
FMT,FMT,2003,8,30
FMT,FMT,2003,9,1
FMT,FMT,2003,9,2
FMT,FMT,2003,9,5
FMT,FMT,2003,9,6
FMT,FMT,2003,9,9
FMT,FMT,2003,9,12
FMT,FMT,2003,9,13
FMT,FMT,2003,9,16
FMT,FMT,2003,9,19
FMT,FMT,2003,9,20
FMT,FMT,2003,9,23
FMT,FMT,2003,9,26
FMT,FMT,2003,9,27
FMT,FMT,2003,9,30
FMT,FMT,2003,10,3
FMT,FMT,2003,10,4
FMT,FMT,2003,10,7
FMT,FMT,2003,10,10
FMT,FMT,2003,10,11
FMT,FMT,2004,3,26
FMT,FMT,2004,3,27
FMT,FMT,2004,3,30
FMT,FMT,2004,4,1
FMT,FMT,2004,4,2
FMT,FMT,2004,4,3
FMT,FMT,2004,4,6
FMT,FMT,2004,4,8
FMT,FMT,2004,4,9
FMT,FMT,2004,4,10
FMT,FMT,2004,4,13
FMT,FMT,2004,4,15
FMT,FMT,2004,4,16
FMT,FMT,2004,4,17
FMT,FMT,2004,4,20
FMT,FMT,2004,4,22
FMT,FMT,2004,4,23
FMT,FMT,2004,4,24
FMT,FMT,2004,4,27
FMT,FMT,2004,4,29
FMT,FMT,2004,4,30
FMT,FMT,2004,5,1
FMT,FMT,2004,5,4
FMT,FMT,2004,5,6
FMT,FMT,2004,5,7
FMT,FMT,2004,5,8
FMT,FMT,2004,5,11
FMT,FMT,2004,5,13
FMT,FMT,2004,5,14
FMT,FMT,2004,5,15
FMT,FMT,2004,5,18
FMT,FMT,2004,5,20
FMT,FMT,2004,5,21
FMT,FMT,2004,5,22
FMT,FMT,2004,5,25
FMT,FMT,2004,5,28
FMT,FMT,2004,5,29
FMT,FMT,2004,5,31
FMT,FMT,2004,6,3
FMT,FMT,2004,6,4
FMT,FMT,2004,6,5
FMT,FMT,2004,6,8
FMT,FMT,2004,6,10
FMT,FMT,2004,6,11
FMT,FMT,2004,6,12
FMT,FMT,2004,6,15
FMT,FMT,2004,6,17
FMT,FMT,2004,6,18
FMT,FMT,2004,6,19
FMT,FMT,2004,6,22
FMT,FMT,2004,6,24
FMT,FMT,2004,6,25
FMT,FMT,2004,6,26
FMT,FMT,2004,6,29
FMT,FMT,2004,7,1
FMT,FMT,2004,7,2
FMT,FMT,2004,7,3
FMT,FMT,2004,7,5
FMT,FMT,2004,7,8
FMT,FMT,2004,7,9
FMT,FMT,2004,7,10
FMT,FMT,2004,7,13
FMT,FMT,2004,7,15
FMT,FMT,2004,7,16
FMT,FMT,2004,7,17
FMT,FMT,2004,7,20
FMT,FMT,2004,7,22
FMT,FMT,2004,7,23
FMT,FMT,2004,7,24
FMT,FMT,2004,7,27
FMT,FMT,2004,7,29
FMT,FMT,2004,7,30
FMT,FMT,2004,7,31
FMT,FMT,2004,8,3
FMT,FMT,2004,8,5
FMT,FMT,2004,8,6
FMT,FMT,2004,8,7
FMT,FMT,2004,8,10
FMT,FMT,2004,8,12
FMT,FMT,2004,8,13
FMT,FMT,2004,8,14
FMT,FMT,2004,8,17
FMT,FMT,2004,8,19
FMT,FMT,2004,8,20
FMT,FMT,2004,8,21
FMT,FMT,2004,8,24
FMT,FMT,2004,8,26
FMT,FMT,2004,8,27
FMT,FMT,2004,8,28
FMT,FMT,2004,8,31
FMT,FMT,2004,9,2
FMT,FMT,2004,9,3
FMT,FMT,2004,9,4
FMT,FMT,2004,9,6
FMT,FMT,2004,9,9
FMT,FMT,2004,9,10
FMT,FMT,2004,9,11
FMT,FMT,2004,9,14
FMT,FMT,2004,9,16
FMT,FMT,2004,9,17
FMT,FMT,2004,9,18
FMT,FMT,2005,3,25
FMT,FMT,2005,3,26
FMT,FMT,2005,3,29
FMT,FMT,2005,4,1
FMT,FMT,2005,4,2
FMT,FMT,2005,4,3
FMT,FMT,2005,4,5
FMT,FMT,2005,4,7
FMT,FMT,2005,4,8
FMT,FMT,2005,4,9
FMT,FMT,2005,4,12
FMT,FMT,2005,4,14
FMT,FMT,2005,4,15
FMT,FMT,2005,4,16
FMT,FMT,2005,4,19
FMT,FMT,2005,4,21
FMT,FMT,2005,4,22
FMT,FMT,2005,4,23
FMT,FMT,2005,4,26
FMT,FMT,2005,4,28
FMT,FMT,2005,4,29
FMT,FMT,2005,4,30
FMT,FMT,2005,5,3
FMT,FMT,2005,5,5
FMT,FMT,2005,5,6
FMT,FMT,2005,5,7
FMT,FMT,2005,5,10
FMT,FMT,2005,5,12
FMT,FMT,2005,5,13
FMT,FMT,2005,5,14
FMT,FMT,2005,5,17
FMT,FMT,2005,5,19
FMT,FMT,2005,5,20
FMT,FMT,2005,5,21
FMT,FMT,2005,5,24
FMT,FMT,2005,5,26
FMT,FMT,2005,5,27
FMT,FMT,2005,5,28
FMT,FMT,2005,5,30
FMT,FMT,2005,6,2
FMT,FMT,2005,6,3
FMT,FMT,2005,6,4
FMT,FMT,2005,6,7
FMT,FMT,2005,6,9
FMT,FMT,2005,6,10
FMT,FMT,2005,6,11
FMT,FMT,2005,6,14
FMT,FMT,2005,6,16
FMT,FMT,2005,6,17
FMT,FMT,2005,6,18
FMT,FMT,2005,6,21
FMT,FMT,2005,6,23
FMT,FMT,2005,6,24
FMT,FMT,2005,6,25
FMT,FMT,2005,6,28
FMT,FMT,2005,6,30
FMT,FMT,2005,7,1
FMT,FMT,2005,7,2
FMT,FMT,2005,7,4
FMT,FMT,2005,7,7
FMT,FMT,2005,7,8
FMT,FMT,2005,7,9
FMT,FMT,2005,7,12
FMT,FMT,2005,7,14
FMT,FMT,2005,7,15
FMT,FMT,2005,7,16
FMT,FMT,2005,7,19
FMT,FMT,2005,7,21
FMT,FMT,2005,7,22
FMT,FMT,2005,7,23
FMT,FMT,2005,7,26
FMT,FMT,2005,7,28
FMT,FMT,2005,7,29
FMT,FMT,2005,7,30
FMT,FMT,2005,8,2
FMT,FMT,2005,8,4
FMT,FMT,2005,8,5
FMT,FMT,2005,8,6
FMT,FMT,2005,8,9
FMT,FMT,2005,8,11
FMT,FMT,2005,8,12
FMT,FMT,2005,8,13
FMT,FMT,2005,8,16
FMT,FMT,2005,8,18
FMT,FMT,2005,8,19
FMT,FMT,2005,8,20
FMT,FMT,2005,8,23
FMT,FMT,2005,8,25
FMT,FMT,2005,8,26
FMT,FMT,2005,8,27
FMT,FMT,2005,8,30
FMT,FMT,2005,9,1
FMT,FMT,2005,9,2
FMT,FMT,2005,9,3
FMT,FMT,2005,9,5
FMT,FMT,2005,9,8
FMT,FMT,2005,9,9
FMT,FMT,2005,9,10
FMT,FMT,2005,9,13
FMT,FMT,2005,9,15
FMT,FMT,2005,9,16
FMT,FMT,2005,9,17
FMT,FMT,2006,3,14
FMT,FMT,2006,3,17
FMT,FMT,2006,3,18
FMT,FMT,2006,3,21
FMT,FMT,2006,3,24
FMT,FMT,2006,3,25
FMT,FMT,2006,3,28
FMT,FMT,2006,3,31
FMT,FMT,2006,4,1
FMT,FMT,2006,4,4
FMT,FMT,2006,4,7
FMT,FMT,2006,4,8
FMT,FMT,2006,4,11
FMT,FMT,2006,4,14
FMT,FMT,2006,4,15
FMT,FMT,2006,4,18
FMT,FMT,2006,4,21
FMT,FMT,2006,4,22
FMT,FMT,2006,4,25
FMT,FMT,2006,4,28
FMT,FMT,2006,4,29
FMT,FMT,2006,5,2
FMT,FMT,2006,5,5
FMT,FMT,2006,5,6
FMT,FMT,2006,5,9
FMT,FMT,2006,5,12
FMT,FMT,2006,5,13
FMT,FMT,2006,5,16
FMT,FMT,2006,5,18
FMT,FMT,2006,5,19
FMT,FMT,2006,5,20
FMT,FMT,2006,5,23
FMT,FMT,2006,5,25
FMT,FMT,2006,5,26
FMT,FMT,2006,5,27
FMT,FMT,2006,5,29
FMT,FMT,2006,6,1
FMT,FMT,2006,6,2
FMT,FMT,2006,6,3
FMT,FMT,2006,6,6
FMT,FMT,2006,6,8
FMT,FMT,2006,6,9
FMT,FMT,2006,6,10
FMT,FMT,2006,6,13
FMT,FMT,2006,6,16
FMT,FMT,2006,6,17
FMT,FMT,2006,6,20
FMT,FMT,2006,6,23
FMT,FMT,2006,6,24
FMT,FMT,2006,6,27
FMT,FMT,2006,6,30
FMT,FMT,2006,7,1
FMT,FMT,2006,7,4
FMT,FMT,2006,7,7
FMT,FMT,2006,7,8
FMT,FMT,2006,7,11
FMT,FMT,2006,7,14
FMT,FMT,2006,7,15
FMT,FMT,2006,7,18
FMT,FMT,2006,7,22
FMT,FMT,2006,7,25
FMT,FMT,2006,7,28
FMT,FMT,2006,7,29
FMT,FMT,2006,8,1
FMT,FMT,2006,8,4
FMT,FMT,2006,8,5
FMT,FMT,2006,8,8
FMT,FMT,2006,8,11
FMT,FMT,2006,8,12
FMT,FMT,2006,8,15
FMT,FMT,2006,8,18
FMT,FMT,2006,8,19
FMT,FMT,2006,8,22
FMT,FMT,2006,8,25
FMT,FMT,2006,8,26
FMT,FMT,2006,8,29
FMT,FMT,2006,9,1
FMT,FMT,2006,9,2
FMT,FMT,2006,9,4
FMT,FMT,2006,9,8
FMT,FMT,2006,9,9
FMT,FMT,2006,9,12
FMT,FMT,2006,9,15
FMT,FMT,2006,9,16
FMT,FMT,2006,9,19
FMT,FMT,2006,9,22
FMT,FMT,2006,9,23
FMT,FMT,2006,9,26
FMT,FMT,2006,9,29
FMT,FMT,2006,9,30
FMT,FMT,2007,3,6
FMT,FMT,2007,3,9
FMT,FMT,2007,3,10
FMT,FMT,2007,3,13
FMT,FMT,2007,3,16
FMT,FMT,2007,3,17
FMT,FMT,2007,3,20
FMT,FMT,2007,3,23
FMT,FMT,2007,3,24
FMT,FMT,2007,3,27
FMT,FMT,2007,3,30
FMT,FMT,2007,3,31
FMT,FMT,2007,4,3
FMT,FMT,2007,4,6
FMT,FMT,2007,4,7
FMT,FMT,2007,4,10
FMT,FMT,2007,4,13
FMT,FMT,2007,4,14
FMT,FMT,2007,4,17
FMT,FMT,2007,4,20
FMT,FMT,2007,4,21
FMT,FMT,2007,4,24
FMT,FMT,2007,4,27
FMT,FMT,2007,4,28
FMT,FMT,2007,5,1
FMT,FMT,2007,5,4
FMT,FMT,2007,5,5
FMT,FMT,2007,5,8
FMT,FMT,2007,5,11
FMT,FMT,2007,5,12
FMT,FMT,2007,5,15
FMT,FMT,2007,5,18
FMT,FMT,2007,5,19
FMT,FMT,2007,5,22
FMT,FMT,2007,5,25
FMT,FMT,2007,5,26
FMT,FMT,2007,5,28
FMT,FMT,2007,6,1
FMT,FMT,2007,6,2
FMT,FMT,2007,6,5
FMT,FMT,2007,6,8
FMT,FMT,2007,6,9
FMT,FMT,2007,6,12
FMT,FMT,2007,6,15
FMT,FMT,2007,6,16
FMT,FMT,2007,6,19
FMT,FMT,2007,6,22
FMT,FMT,2007,6,23
FMT,FMT,2007,6,26
FMT,FMT,2007,6,29
FMT,FMT,2007,6,30
FMT,FMT,2007,7,4
FMT,FMT,2007,7,6
FMT,FMT,2007,7,7
FMT,FMT,2007,7,10
FMT,FMT,2007,7,13
FMT,FMT,2007,7,14
FMT,FMT,2007,7,17
FMT,FMT,2007,7,20
FMT,FMT,2007,7,21
FMT,FMT,2007,7,24
FMT,FMT,2007,7,27
FMT,FMT,2007,7,28
FMT,FMT,2007,7,31
FMT,FMT,2007,8,3
FMT,FMT,2007,8,4
FMT,FMT,2007,8,7
FMT,FMT,2007,8,10
FMT,FMT,2007,8,11
FMT,FMT,2007,8,14
FMT,FMT,2007,8,17
FMT,FMT,2007,8,18
FMT,FMT,2007,8,21
FMT,FMT,2007,8,25
FMT,FMT,2007,8,28
FMT,FMT,2007,8,31
FMT,FMT,2007,9,1
FMT,FMT,2007,9,3
FMT,FMT,2007,9,7
FMT,FMT,2007,9,8
FMT,FMT,2007,9,11
FMT,FMT,2007,9,14
FMT,FMT,2007,9,15
FMT,FMT,2007,9,18
FMT,FMT,2007,9,21
FMT,FMT,2007,9,22
FMT,FMT,2007,9,25
FMT,FMT,2007,9,28
FMT,FMT,2007,9,29
FMT,FMT,2008,4,18
FMT,FMT,2008,4,19
FMT,FMT,2008,4,22
FMT,FMT,2008,4,25
FMT,FMT,2008,4,26
FMT,FMT,2008,4,29
FMT,FMT,2008,5,2
FMT,FMT,2008,5,3
FMT,FMT,2008,5,6
FMT,FMT,2008,5,9
FMT,FMT,2008,5,10
FMT,FMT,2008,5,13
FMT,FMT,2008,5,16
FMT,FMT,2008,5,17
FMT,FMT,2008,5,20
FMT,FMT,2008,5,23
FMT,FMT,2008,5,24
FMT,FMT,2008,5,26
FMT,FMT,2008,5,30
FMT,FMT,2008,5,31
FMT,FMT,2008,6,3
FMT,FMT,2008,6,7
FMT,FMT,2008,6,10
FMT,FMT,2008,6,13
FMT,FMT,2008,6,14
FMT,FMT,2008,6,17
FMT,FMT,2008,6,20
FMT,FMT,2008,6,21
FMT,FMT,2008,6,24
FMT,FMT,2008,6,27
FMT,FMT,2008,6,28
FMT,FMT,2008,7,1
FMT,FMT,2008,7,4
FMT,FMT,2008,7,5
FMT,FMT,2008,7,8
FMT,FMT,2008,7,11
FMT,FMT,2008,7,12
FMT,FMT,2008,7,15
FMT,FMT,2008,7,18
FMT,FMT,2008,7,19
FMT,FMT,2008,7,22
FMT,FMT,2008,7,25
FMT,FMT,2008,7,26
FMT,FMT,2008,7,29
FMT,FMT,2008,8,1
FMT,FMT,2008,8,2
FMT,FMT,2008,8,5
FMT,FMT,2008,8,8
FMT,FMT,2008,8,9
FMT,FMT,2008,8,12
FMT,FMT,2008,8,15
FMT,FMT,2008,8,16
FMT,FMT,2008,8,19
FMT,FMT,2008,8,22
FMT,FMT,2008,8,23
FMT,FMT,2008,8,26
FMT,FMT,2008,8,29
FMT,FMT,2008,8,30
FMT,FMT,2008,9,1
FMT,FMT,2009,4,7
FMT,FMT,2009,4,10
FMT,FMT,2009,4,11
FMT,FMT,2009,4,14
FMT,FMT,2009,4,17
FMT,FMT,2009,4,18
FMT,FMT,2009,4,21
FMT,FMT,2009,4,24
FMT,FMT,2009,4,25
FMT,FMT,2009,4,28
FMT,FMT,2009,5,1
FMT,FMT,2009,5,2
FMT,FMT,2009,5,5
FMT,FMT,2009,5,8
FMT,FMT,2009,5,9
FMT,FMT,2009,5,12
FMT,FMT,2009,5,15
FMT,FMT,2009,5,16
FMT,FMT,2009,5,19
FMT,FMT,2009,5,22
FMT,FMT,2009,5,23
FMT,FMT,2009,5,25
FMT,FMT,2009,5,29
FMT,FMT,2009,5,30
FMT,FMT,2009,6,2
FMT,FMT,2009,6,5
FMT,FMT,2009,6,6
FMT,FMT,2009,6,9
FMT,FMT,2009,6,12
FMT,FMT,2009,6,13
FMT,FMT,2009,6,16
FMT,FMT,2009,6,19
FMT,FMT,2009,6,20
FMT,FMT,2009,6,23
FMT,FMT,2009,6,26
FMT,FMT,2009,6,27
FMT,FMT,2009,6,30
FMT,FMT,2009,7,3
FMT,FMT,2009,7,4
FMT,FMT,2009,7,7
FMT,FMT,2009,7,10
FMT,FMT,2009,7,11
FMT,FMT,2009,7,14
FMT,FMT,2009,7,17
FMT,FMT,2009,7,18
FMT,FMT,2009,7,21
FMT,FMT,2009,7,24
FMT,FMT,2009,7,25
FMT,FMT,2009,7,28
FMT,FMT,2009,7,31
FMT,FMT,2009,8,1
FMT,FMT,2009,8,4
FMT,FMT,2009,8,7
FMT,FMT,2009,8,8
FMT,FMT,2009,8,11
FMT,FMT,2009,8,14
FMT,FMT,2009,8,15
FMT,FMT,2010,4,27
FMT,FMT,2010,4,30
FMT,FMT,2010,5,1
FMT,FMT,2010,5,4
FMT,FMT,2010,5,7
FMT,FMT,2010,5,8
FMT,FMT,2010,5,11
FMT,FMT,2010,5,14
FMT,FMT,2010,5,15
FMT,FMT,2010,5,18
FMT,FMT,2010,5,21
FMT,FMT,2010,5,22
FMT,FMT,2010,5,25
FMT,FMT,2010,5,28
FMT,FMT,2010,5,29
FMT,FMT,2010,5,31
FMT,FMT,2010,6,4
FMT,FMT,2010,6,5
FMT,FMT,2010,6,8
FMT,FMT,2010,6,11
FMT,FMT,2010,6,12
FMT,FMT,2010,6,15
FMT,FMT,2010,6,18
FMT,FMT,2010,6,19
FMT,FMT,2010,6,22
FMT,FMT,2010,6,25
FMT,FMT,2010,6,26
FMT,FMT,2010,6,29
FMT,FMT,2010,7,2
FMT,FMT,2010,7,3
FMT,FMT,2010,7,6
FMT,FMT,2010,7,9
FMT,FMT,2010,7,10
FMT,FMT,2010,7,13
FMT,FMT,2010,7,16
FMT,FMT,2010,7,17
FMT,FMT,2010,7,20
FMT,FMT,2010,7,23
FMT,FMT,2010,7,24
FMT,FMT,2010,7,27
FMT,FMT,2010,7,30
FMT,FMT,2010,7,31
FMT,FMT,2010,8,3
FMT,FMT,2010,8,6
FMT,FMT,2010,8,7
FMT,FMT,2010,8,10
FMT,FMT,2010,8,13
FMT,FMT,2010,8,14
FMT,FMT,2010,8,17
FMT,FMT,2010,8,20
FMT,FMT,2010,8,21
FMT,FMT,2010,8,24
FMT,FMT,2011,3,15
FMT,FMT,2011,3,18
FMT,FMT,2011,3,22
FMT,FMT,2011,3,25
FMT,FMT,2011,3,29
FMT,FMT,2011,4,1
FMT,FMT,2011,4,5
FMT,FMT,2011,4,8
FMT,FMT,2011,4,12
FMT,FMT,2011,4,15
FMT,FMT,2011,4,19
FMT,FMT,2011,4,22
FMT,FMT,2011,4,26
FMT,FMT,2011,4,29
FMT,FMT,2011,5,3
FMT,FMT,2011,5,6
FMT,FMT,2011,5,7
FMT,FMT,2011,5,10
FMT,FMT,2011,5,13
FMT,FMT,2011,5,14
FMT,FMT,2011,5,17
FMT,FMT,2011,5,20
FMT,FMT,2011,5,21
FMT,FMT,2011,5,24
FMT,FMT,2011,5,27
FMT,FMT,2011,5,28
FMT,FMT,2011,5,30
FMT,FMT,2011,6,3
FMT,FMT,2011,6,4
FMT,FMT,2011,6,7
FMT,FMT,2011,6,10
FMT,FMT,2011,6,11
FMT,FMT,2011,6,14
FMT,FMT,2011,6,17
FMT,FMT,2011,6,18
FMT,FMT,2011,6,21
FMT,FMT,2011,6,24
FMT,FMT,2011,6,25
FMT,FMT,2011,6,28
FMT,FMT,2011,7,1
FMT,FMT,2011,7,2
FMT,FMT,2011,7,5
FMT,FMT,2011,7,8
FMT,FMT,2011,7,9
FMT,FMT,2011,7,12
FMT,FMT,2011,7,15
FMT,FMT,2011,7,16
FMT,FMT,2011,7,19
FMT,FMT,2011,7,22
FMT,FMT,2011,7,23
FMT,FMT,2011,7,26
FMT,FMT,2011,7,29
FMT,FMT,2011,7,30
FMT,FMT,2011,8,2
FMT,FMT,2011,8,5
FMT,FMT,2011,8,6
FMT,FMT,2011,8,9
FMT,FMT,2011,8,12
FMT,FMT,2011,8,13
FMT,FMT,2011,8,16
FMT,FMT,2011,8,19
FMT,FMT,2011,8,20
FMT,FMT,2011,8,23
FMT,FMT,2011,8,26
FMT,FMT,2011,8,27
FMT,FMT,2011,8,30
FMT,FMT,2011,9,2
FMT,FMT,2011,9,5
FMT,FMT,2011,9,9
FMT,FMT,2012,4,3
FMT,FMT,2012,4,6
FMT,FMT,2012,4,10
FMT,FMT,2012,4,13
FMT,FMT,2012,4,17
FMT,FMT,2012,4,20
FMT,FMT,2012,4,24
FMT,FMT,2012,4,27
FMT,FMT,2012,5,1
FMT,FMT,2012,5,4
FMT,FMT,2012,5,5
FMT,FMT,2012,5,8
FMT,FMT,2012,5,11
FMT,FMT,2012,5,12
FMT,FMT,2012,5,15
FMT,FMT,2012,5,18
FMT,FMT,2012,5,19
FMT,FMT,2012,5,22
FMT,FMT,2012,5,25
FMT,FMT,2012,5,26
FMT,FMT,2012,5,28
FMT,FMT,2012,6,1
FMT,FMT,2012,6,2
FMT,FMT,2012,6,5
FMT,FMT,2012,6,8
FMT,FMT,2012,6,9
FMT,FMT,2012,6,12
FMT,FMT,2012,6,15
FMT,FMT,2012,6,16
FMT,FMT,2012,6,19
FMT,FMT,2012,6,22
FMT,FMT,2012,6,23
FMT,FMT,2012,6,26
FMT,FMT,2012,6,29
FMT,FMT,2012,6,30
FMT,FMT,2012,7,3
FMT,FMT,2012,7,6
FMT,FMT,2012,7,7
FMT,FMT,2012,7,10
FMT,FMT,2012,7,13
FMT,FMT,2012,7,14
FMT,FMT,2012,7,17
FMT,FMT,2012,7,20
FMT,FMT,2012,7,21
FMT,FMT,2012,7,24
FMT,FMT,2012,7,27
FMT,FMT,2012,7,28
FMT,FMT,2012,7,31
FMT,FMT,2012,8,3
FMT,FMT,2012,8,4
FMT,FMT,2012,8,7
FMT,FMT,2012,8,10
FMT,FMT,2012,8,11
FMT,FMT,2012,8,14
FMT,FMT,2012,8,17
FMT,FMT,2012,8,18
FMT,FMT,2012,8,21
FMT,FMT,2012,8,24
FMT,FMT,2012,8,25
FMT,FMT,2012,8,28
FMT,FMT,2012,8,31
FMT,FMT,2012,9,3
FMT,FMT,2012,9,11
FMT,FMT,2012,9,14
FMT,FMT,2012,9,18
FMT,FMT,2012,9,21
FMT,FMT,2013,3,29
FMT,FMT,2013,4,2
FMT,FMT,2013,4,5
FMT,FMT,2013,4,9
FMT,FMT,2013,4,12
FMT,FMT,2013,4,16
FMT,FMT,2013,4,19
FMT,FMT,2013,4,23
FMT,FMT,2013,4,26
FMT,FMT,2013,4,30
FMT,FMT,2013,5,3
FMT,FMT,2013,5,4
FMT,FMT,2013,5,7
FMT,FMT,2013,5,10
FMT,FMT,2013,5,11
FMT,FMT,2013,5,14
FMT,FMT,2013,5,17
FMT,FMT,2013,5,18
FMT,FMT,2013,5,21
FMT,FMT,2013,5,24
FMT,FMT,2013,5,25
FMT,FMT,2013,5,28
FMT,FMT,2013,5,31
FMT,FMT,2013,6,1
FMT,FMT,2013,6,4
FMT,FMT,2013,6,7
FMT,FMT,2013,6,8
FMT,FMT,2013,6,11
FMT,FMT,2013,6,14
FMT,FMT,2013,6,15
FMT,FMT,2013,6,18
FMT,FMT,2013,6,21
FMT,FMT,2013,6,22
FMT,FMT,2013,6,25
FMT,FMT,2013,6,28
FMT,FMT,2013,6,29
FMT,FMT,2013,7,2
FMT,FMT,2013,7,5
FMT,FMT,2013,7,6
FMT,FMT,2013,7,9
FMT,FMT,2013,7,12
FMT,FMT,2013,7,13
FMT,FMT,2013,7,16
FMT,FMT,2013,7,19
FMT,FMT,2013,7,20
FMT,FMT,2013,7,23
FMT,FMT,2013,7,26
FMT,FMT,2013,7,27
FMT,FMT,2013,7,30
FMT,FMT,2013,8,2
FMT,FMT,2013,8,3
FMT,FMT,2013,8,6
FMT,FMT,2013,8,9
FMT,FMT,2013,8,10
FMT,FMT,2013,8,13
FMT,FMT,2013,8,16
FMT,FMT,2013,8,17
FMT,FMT,2013,8,20
FMT,FMT,2013,8,23
FMT,FMT,2013,8,24
FMT,FMT,2013,8,27
FMT,FMT,2013,8,30
FMT,FMT,2013,9,3
FMT,FMT,2013,9,6
FMT,FMT,2013,9,10
FMT,FMT,2013,9,13
FMT,FMT,2013,9,17
FMT,FMT,2013,9,20
FMT,FMT,2014,4,29
FMT,FMT,2014,5,3
FMT,FMT,2014,5,6
FMT,FMT,2014,5,10
FMT,FMT,2014,5,13
FMT,FMT,2014,5,17
FMT,FMT,2014,5,20
FMT,FMT,2014,5,24
FMT,FMT,2014,5,27
FMT,FMT,2014,5,31
FMT,FMT,2014,6,3
FMT,FMT,2014,6,6
FMT,FMT,2014,6,7
FMT,FMT,2014,6,10
FMT,FMT,2014,6,13
FMT,FMT,2014,6,14
FMT,FMT,2014,6,17
FMT,FMT,2014,6,20
FMT,FMT,2014,6,21
FMT,FMT,2014,6,24
FMT,FMT,2014,6,27
FMT,FMT,2014,6,28
FMT,FMT,2014,7,1
FMT,FMT,2014,7,5
FMT,FMT,2014,7,8
FMT,FMT,2014,7,11
FMT,FMT,2014,7,12
FMT,FMT,2014,7,15
FMT,FMT,2014,7,18
FMT,FMT,2014,7,19
FMT,FMT,2014,7,22
FMT,FMT,2014,7,25
FMT,FMT,2014,7,26
FMT,FMT,2014,7,29
FMT,FMT,2014,8,1
FMT,FMT,2014,8,2
FMT,FMT,2014,8,5
FMT,FMT,2014,8,8
FMT,FMT,2014,8,9
FMT,FMT,2014,8,12
FMT,FMT,2014,8,15
FMT,FMT,2014,8,16
FMT,FMT,2014,8,19
FMT,FMT,2014,8,23
FMT,FMT,2014,8,26
FMT,FMT,2014,9,1
FMT,FMT,2014,9,2
FMT,FMT,2014,9,6
FMT,FMT,2014,9,9
FMT,FMT,2014,9,13
FMT,FMT,2014,9,16
FMT,FMT,2014,9,20
FMT,FMT,2015,3,24
FMT,FMT,2015,3,28
FMT,FMT,2015,4,4
FMT,FMT,2015,4,7
FMT,FMT,2015,4,11
FMT,FMT,2015,4,14
FMT,FMT,2015,4,18
FMT,FMT,2015,4,21
FMT,FMT,2015,4,25
FMT,FMT,2015,4,28
FMT,FMT,2015,5,2
FMT,FMT,2015,5,5
FMT,FMT,2015,5,9
FMT,FMT,2015,5,12
FMT,FMT,2015,5,16
FMT,FMT,2015,5,19
FMT,FMT,2015,5,23
FMT,FMT,2015,5,26
FMT,FMT,2015,5,30
FMT,FMT,2015,6,2
FMT,FMT,2015,6,5
FMT,FMT,2015,6,6
FMT,FMT,2015,6,9
FMT,FMT,2015,6,12
FMT,FMT,2015,6,13
FMT,FMT,2015,6,16
FMT,FMT,2015,6,20
FMT,FMT,2015,6,23
FMT,FMT,2015,6,26
FMT,FMT,2015,6,27
FMT,FMT,2015,6,30
FMT,FMT,2015,7,4
FMT,FMT,2015,7,7
FMT,FMT,2015,7,10
FMT,FMT,2015,7,11
FMT,FMT,2015,7,14
FMT,FMT,2015,7,17
FMT,FMT,2015,7,18
FMT,FMT,2015,7,21
FMT,FMT,2015,7,25
FMT,FMT,2015,7,28
FMT,FMT,2015,8,1
FMT,FMT,2015,8,4
FMT,FMT,2015,8,8
FMT,FMT,2015,8,11
FMT,FMT,2015,8,15
FMT,FMT,2015,8,18
FMT,FMT,2015,8,22
FMT,FMT,2015,8,25
FMT,FMT,2015,8,29
FMT,FMT,2015,9,1
FMT,FMT,2015,9,7
GLD,GLD,1999,4,23
GLD,GLD,1999,4,25
GLD,GLD,1999,4,30
GLD,GLD,1999,5,1
GLD,GLD,1999,5,3
GLD,GLD,1999,5,4
GLD,GLD,1999,5,7
GLD,GLD,1999,5,9
GLD,GLD,1999,5,14
GLD,GLD,1999,5,15
GLD,GLD,1999,5,16
GLD,GLD,1999,5,17
GLD,GLD,1999,5,22
GLD,GLD,1999,5,23
GLD,GLD,1999,5,24
GLD,GLD,1999,5,28
GLD,GLD,1999,5,29
GLD,GLD,1999,5,30
GLD,GLD,1999,5,31
GLD,GLD,1999,6,5
GLD,GLD,1999,6,6
GLD,GLD,1999,6,7
GLD,GLD,1999,6,8
GLD,GLD,1999,6,12
GLD,GLD,1999,6,13
GLD,GLD,1999,6,14
GLD,GLD,1999,6,18
GLD,GLD,1999,6,19
GLD,GLD,1999,6,22
GLD,GLD,1999,6,26
GLD,GLD,1999,6,28
GLD,GLD,1999,6,29
GLD,GLD,1999,7,4
GLD,GLD,1999,7,5
GLD,GLD,1999,7,6
GLD,GLD,1999,7,10
GLD,GLD,1999,7,11
GLD,GLD,1999,7,18
GLD,GLD,1999,7,24
GLD,GLD,1999,7,25
GLD,GLD,1999,7,26
GLD,GLD,1999,7,27
GLD,GLD,1999,7,31
GLD,GLD,1999,8,1
GLD,GLD,1999,8,2
GLD,GLD,1999,8,3
GLD,GLD,1999,8,10
GLD,GLD,1999,8,15
GLD,GLD,1999,8,16
GLD,GLD,1999,8,17
GLD,GLD,1999,8,20
GLD,GLD,1999,8,21
GLD,GLD,1999,8,22
GLD,GLD,1999,8,23
GLD,GLD,1999,8,29
GLD,GLD,1999,8,30
GLD,GLD,1999,8,31
GLD,GLD,1999,9,4
GLD,GLD,1999,9,5
GLD,GLD,1999,9,6
GLD,GLD,1999,9,7
GLD,GLD,1999,9,11
GLD,GLD,1999,9,12
GLD,GLD,1999,9,13
GLD,GLD,1999,9,14
GLD,GLD,1999,9,18
GLD,GLD,1999,9,19
GLD,GLD,1999,9,20
GLD,GLD,1999,9,21
GLD,GLD,1999,9,24
GLD,GLD,1999,9,25
GLD,GLD,1999,9,26
GLD,GLD,1999,9,27
GLD,GLD,1999,9,28
GLD,GLD,1999,10,1
GLD,GLD,1999,10,2
GLD,GLD,1999,10,3
GLD,GLD,1999,10,4
GLD,GLD,1999,10,8
GLD,GLD,1999,10,9
GLD,GLD,1999,10,10
GLD,GLD,1999,10,11
GLD,GLD,1999,10,12
GLD,GLD,1999,10,15
GLD,GLD,1999,10,16
GLD,GLD,1999,10,17
GLD,GLD,1999,10,18
GLD,GLD,1999,10,19
GLD,GLD,1999,10,22
GLD,GLD,1999,10,23
GLD,GLD,1999,10,24
GLD,GLD,1999,10,25
GLD,GLD,1999,10,26
GLD,GLD,1999,10,29
GLD,GLD,1999,10,30
GLD,GLD,1999,10,31
GLD,GLD,1999,11,1
GLD,GLD,1999,11,2
GLD,GLD,1999,11,5
GLD,GLD,1999,11,6
GLD,GLD,1999,11,7
GLD,GLD,1999,11,8
GLD,GLD,2000,5,5
GLD,GLD,2000,5,6
GLD,GLD,2000,5,8
GLD,GLD,2000,5,9
GLD,GLD,2000,5,13
GLD,GLD,2000,5,15
GLD,GLD,2000,5,16
GLD,GLD,2000,5,19
GLD,GLD,2000,5,20
GLD,GLD,2000,5,22
GLD,GLD,2000,5,23
GLD,GLD,2000,5,26
GLD,GLD,2000,5,27
GLD,GLD,2000,5,28
GLD,GLD,2000,5,29
GLD,GLD,2000,5,30
GLD,GLD,2000,6,2
GLD,GLD,2000,6,3
GLD,GLD,2000,6,4
GLD,GLD,2000,6,5
GLD,GLD,2000,6,6
GLD,GLD,2000,6,9
GLD,GLD,2000,6,10
GLD,GLD,2000,6,11
GLD,GLD,2000,6,12
GLD,GLD,2000,6,13
GLD,GLD,2000,7,7
GLD,GLD,2000,7,8
GLD,GLD,2000,7,10
GLD,GLD,2000,7,11
GLD,GLD,2000,7,14
GLD,GLD,2000,7,15
GLD,GLD,2000,7,16
GLD,GLD,2000,7,17
GLD,GLD,2000,7,18
GLD,GLD,2000,7,21
GLD,GLD,2000,7,22
GLD,GLD,2000,7,23
GLD,GLD,2000,7,24
GLD,GLD,2000,7,25
GLD,GLD,2000,7,28
GLD,GLD,2000,7,29
GLD,GLD,2000,7,30
GLD,GLD,2000,7,31
GLD,GLD,2000,8,1
GLD,GLD,2000,8,4
GLD,GLD,2000,8,5
GLD,GLD,2000,8,7
GLD,GLD,2000,8,8
GLD,GLD,2000,8,12
GLD,GLD,2000,8,14
GLD,GLD,2000,8,15
GLD,GLD,2000,8,18
GLD,GLD,2000,8,21
GLD,GLD,2000,8,22
GLD,GLD,2000,8,25
GLD,GLD,2000,8,26
GLD,GLD,2000,8,28
GLD,GLD,2000,8,29
GLD,GLD,2000,9,1
GLD,GLD,2000,9,2
GLD,GLD,2000,9,3
GLD,GLD,2000,9,4
GLD,GLD,2000,9,5
GLD,GLD,2000,9,8
GLD,GLD,2000,9,9
GLD,GLD,2000,9,10
GLD,GLD,2000,9,12
GLD,GLD,2000,9,15
GLD,GLD,2000,9,16
GLD,GLD,2000,9,18
GLD,GLD,2000,9,19
GLD,GLD,2000,9,22
GLD,GLD,2000,9,23
GLD,GLD,2000,9,24
GLD,GLD,2000,9,25
GLD,GLD,2000,9,26
GLD,GLD,2000,9,29
GLD,GLD,2000,9,30
GLD,GLD,2000,10,1
GLD,GLD,2000,10,2
GLD,GLD,2000,10,3
GLD,GLD,2000,10,7
GLD,GLD,2000,10,9
GLD,GLD,2000,10,10
GLD,GLD,2000,10,13
GLD,GLD,2000,10,14
GLD,GLD,2000,10,15
GLD,GLD,2000,10,16
GLD,GLD,2000,10,17
GLD,GLD,2000,10,20
GLD,GLD,2000,10,21
GLD,GLD,2000,10,22
GLD,GLD,2000,10,23
GLD,GLD,2000,10,24
GLD,GLD,2000,10,27
GLD,GLD,2000,10,28
GLD,GLD,2000,10,29
GLD,GLD,2000,10,30
GLD,GLD,2000,10,31
GLD,GLD,2000,11,3
GLD,GLD,2000,11,4
GLD,GLD,2000,11,5
GLD,GLD,2000,11,6
GLD,GLD,2000,11,7
GLD,GLD,2001,4,30
GLD,GLD,2001,5,1
GLD,GLD,2001,5,4
GLD,GLD,2001,5,5
GLD,GLD,2001,5,8
GLD,GLD,2001,5,11
GLD,GLD,2001,5,12
GLD,GLD,2001,5,14
GLD,GLD,2001,5,15
GLD,GLD,2001,5,18
GLD,GLD,2001,5,19
GLD,GLD,2001,5,21
GLD,GLD,2001,5,22
GLD,GLD,2001,5,25
GLD,GLD,2001,5,26
GLD,GLD,2001,5,27
GLD,GLD,2001,5,29
GLD,GLD,2001,5,30
GLD,GLD,2001,6,1
GLD,GLD,2001,6,2
GLD,GLD,2001,6,3
GLD,GLD,2001,6,4
GLD,GLD,2001,6,5
GLD,GLD,2001,6,8
GLD,GLD,2001,6,11
GLD,GLD,2001,6,12
GLD,GLD,2001,6,15
GLD,GLD,2001,6,16
GLD,GLD,2001,6,17
GLD,GLD,2001,6,18
GLD,GLD,2001,6,19
GLD,GLD,2001,6,22
GLD,GLD,2001,6,23
GLD,GLD,2001,6,24
GLD,GLD,2001,6,25
GLD,GLD,2001,6,26
GLD,GLD,2001,6,30
GLD,GLD,2001,7,2
GLD,GLD,2001,7,3
GLD,GLD,2001,7,7
GLD,GLD,2001,7,8
GLD,GLD,2001,7,10
GLD,GLD,2001,7,13
GLD,GLD,2001,7,14
GLD,GLD,2001,7,15
GLD,GLD,2001,7,16
GLD,GLD,2001,7,17
GLD,GLD,2001,7,20
GLD,GLD,2001,7,21
GLD,GLD,2001,7,24
GLD,GLD,2001,7,28
GLD,GLD,2001,8,6
GLD,GLD,2001,8,7
GLD,GLD,2001,8,10
GLD,GLD,2001,8,11
GLD,GLD,2001,8,12
GLD,GLD,2001,8,17
GLD,GLD,2001,8,18
GLD,GLD,2001,8,19
GLD,GLD,2001,8,20
GLD,GLD,2001,8,21
GLD,GLD,2001,8,24
GLD,GLD,2001,8,25
GLD,GLD,2001,8,26
GLD,GLD,2001,8,27
GLD,GLD,2001,8,31
GLD,GLD,2001,9,1
GLD,GLD,2001,9,2
GLD,GLD,2001,9,4
GLD,GLD,2001,9,5
GLD,GLD,2001,9,7
GLD,GLD,2001,9,8
GLD,GLD,2001,9,9
GLD,GLD,2001,9,10
GLD,GLD,2001,9,14
GLD,GLD,2001,9,15
GLD,GLD,2001,9,16
GLD,GLD,2001,9,17
GLD,GLD,2001,9,18
GLD,GLD,2001,9,21
GLD,GLD,2001,9,22
GLD,GLD,2001,9,23
GLD,GLD,2001,9,24
GLD,GLD,2001,9,25
GLD,GLD,2001,9,28
GLD,GLD,2001,9,30
GLD,GLD,2001,10,1
GLD,GLD,2001,10,2
GLD,GLD,2001,10,5
GLD,GLD,2001,10,6
GLD,GLD,2001,10,7
GLD,GLD,2001,10,9
GLD,GLD,2001,10,10
GLD,GLD,2001,10,12
GLD,GLD,2001,10,13
GLD,GLD,2001,10,14
GLD,GLD,2001,10,15
GLD,GLD,2001,10,16
GLD,GLD,2001,10,19
GLD,GLD,2001,10,21
GLD,GLD,2001,10,22
GLD,GLD,2001,10,27
GLD,GLD,2001,10,28
GLD,GLD,2001,10,29
GLD,GLD,2001,10,30
GLD,GLD,2001,10,31
GLD,GLD,2002,5,14
GLD,GLD,2002,5,17
GLD,GLD,2002,5,18
GLD,GLD,2002,5,20
GLD,GLD,2002,5,21
GLD,GLD,2002,5,24
GLD,GLD,2002,5,25
GLD,GLD,2002,5,26
GLD,GLD,2002,5,28
GLD,GLD,2002,5,29
GLD,GLD,2002,5,31
GLD,GLD,2002,6,1
GLD,GLD,2002,6,3
GLD,GLD,2002,6,4
GLD,GLD,2002,6,7
GLD,GLD,2002,6,8
GLD,GLD,2002,6,10
GLD,GLD,2002,6,11
GLD,GLD,2002,6,14
GLD,GLD,2002,6,15
GLD,GLD,2002,6,17
GLD,GLD,2002,6,18
GLD,GLD,2002,6,21
GLD,GLD,2002,6,22
GLD,GLD,2002,6,24
GLD,GLD,2002,6,25
GLD,GLD,2002,6,28
GLD,GLD,2002,6,29
GLD,GLD,2002,7,1
GLD,GLD,2002,7,2
GLD,GLD,2002,7,3
GLD,GLD,2002,7,5
GLD,GLD,2002,7,6
GLD,GLD,2002,7,7
GLD,GLD,2002,7,8
GLD,GLD,2002,7,9
GLD,GLD,2002,7,12
GLD,GLD,2002,7,13
GLD,GLD,2002,7,14
GLD,GLD,2002,7,15
GLD,GLD,2002,7,16
GLD,GLD,2002,7,19
GLD,GLD,2002,7,20
GLD,GLD,2002,7,21
GLD,GLD,2002,7,22
GLD,GLD,2002,7,23
GLD,GLD,2002,7,26
GLD,GLD,2002,7,27
GLD,GLD,2002,7,28
GLD,GLD,2002,7,29
GLD,GLD,2002,7,30
GLD,GLD,2002,8,2
GLD,GLD,2002,8,3
GLD,GLD,2002,8,4
GLD,GLD,2002,8,5
GLD,GLD,2002,8,6
GLD,GLD,2002,8,9
GLD,GLD,2002,8,10
GLD,GLD,2002,8,11
GLD,GLD,2002,8,12
GLD,GLD,2002,8,13
GLD,GLD,2002,8,16
GLD,GLD,2002,8,17
GLD,GLD,2002,8,18
GLD,GLD,2002,8,19
GLD,GLD,2002,8,20
GLD,GLD,2002,8,23
GLD,GLD,2002,8,24
GLD,GLD,2002,8,25
GLD,GLD,2002,8,26
GLD,GLD,2002,8,27
GLD,GLD,2002,8,30
GLD,GLD,2002,8,31
GLD,GLD,2002,9,1
GLD,GLD,2002,9,3
GLD,GLD,2002,9,4
GLD,GLD,2002,9,6
GLD,GLD,2002,9,7
GLD,GLD,2002,9,9
GLD,GLD,2002,9,10
GLD,GLD,2002,9,13
GLD,GLD,2002,9,14
GLD,GLD,2002,9,16
GLD,GLD,2002,9,17
GLD,GLD,2002,9,20
GLD,GLD,2002,9,21
GLD,GLD,2002,9,23
GLD,GLD,2002,9,24
GLD,GLD,2002,9,27
GLD,GLD,2002,9,28
GLD,GLD,2002,9,30
GLD,GLD,2002,10,1
GLD,GLD,2002,10,4
GLD,GLD,2002,10,5
GLD,GLD,2002,10,7
GLD,GLD,2002,10,8
GLD,GLD,2002,10,11
GLD,GLD,2002,10,12
GLD,GLD,2002,10,13
GLD,GLD,2002,10,15
GLD,GLD,2002,10,16
GLD,GLD,2002,10,18
GLD,GLD,2002,10,19
GLD,GLD,2002,10,21
GLD,GLD,2002,10,22
GLD,GLD,2002,10,25
GLD,GLD,2002,10,26
GLD,GLD,2002,10,28
GLD,GLD,2002,10,29
GLD,GLD,2003,4,26
GLD,GLD,2003,4,27
GLD,GLD,2003,4,28
GLD,GLD,2003,4,29
GLD,GLD,2003,5,2
GLD,GLD,2003,5,3
GLD,GLD,2003,5,5
GLD,GLD,2003,5,6
GLD,GLD,2003,5,9
GLD,GLD,2003,5,10
GLD,GLD,2003,5,12
GLD,GLD,2003,5,13
GLD,GLD,2003,5,16
GLD,GLD,2003,5,17
GLD,GLD,2003,5,19
GLD,GLD,2003,5,20
GLD,GLD,2003,5,23
GLD,GLD,2003,5,24
GLD,GLD,2003,5,26
GLD,GLD,2003,5,27
GLD,GLD,2003,5,30
GLD,GLD,2003,5,31
GLD,GLD,2003,6,2
GLD,GLD,2003,6,3
GLD,GLD,2003,6,6
GLD,GLD,2003,6,7
GLD,GLD,2003,6,9
GLD,GLD,2003,6,10
GLD,GLD,2003,6,13
GLD,GLD,2003,6,14
GLD,GLD,2003,6,16
GLD,GLD,2003,6,17
GLD,GLD,2003,6,20
GLD,GLD,2003,6,21
GLD,GLD,2003,6,23
GLD,GLD,2003,6,24
GLD,GLD,2003,6,27
GLD,GLD,2003,6,28
GLD,GLD,2003,6,30
GLD,GLD,2003,7,1
GLD,GLD,2003,7,4
GLD,GLD,2003,7,5
GLD,GLD,2003,7,6
GLD,GLD,2003,7,7
GLD,GLD,2003,7,8
GLD,GLD,2003,7,11
GLD,GLD,2003,7,12
GLD,GLD,2003,7,13
GLD,GLD,2003,7,14
GLD,GLD,2003,7,15
GLD,GLD,2003,7,18
GLD,GLD,2003,7,19
GLD,GLD,2003,7,20
GLD,GLD,2003,7,21
GLD,GLD,2003,7,22
GLD,GLD,2003,7,25
GLD,GLD,2003,7,26
GLD,GLD,2003,7,27
GLD,GLD,2003,7,28
GLD,GLD,2003,7,29
GLD,GLD,2003,8,1
GLD,GLD,2003,8,2
GLD,GLD,2003,8,3
GLD,GLD,2003,8,4
GLD,GLD,2003,8,5
GLD,GLD,2003,8,8
GLD,GLD,2003,8,9
GLD,GLD,2003,8,10
GLD,GLD,2003,8,11
GLD,GLD,2003,8,12
GLD,GLD,2003,8,15
GLD,GLD,2003,8,16
GLD,GLD,2003,8,17
GLD,GLD,2003,8,18
GLD,GLD,2003,8,19
GLD,GLD,2003,8,22
GLD,GLD,2003,8,23
GLD,GLD,2003,8,24
GLD,GLD,2003,8,25
GLD,GLD,2003,8,26
GLD,GLD,2003,8,29
GLD,GLD,2003,8,30
GLD,GLD,2003,8,31
GLD,GLD,2003,9,1
GLD,GLD,2003,9,2
GLD,GLD,2003,9,5
GLD,GLD,2003,9,6
GLD,GLD,2003,9,8
GLD,GLD,2003,9,9
GLD,GLD,2003,9,12
GLD,GLD,2003,9,13
GLD,GLD,2003,9,15
GLD,GLD,2003,9,16
GLD,GLD,2003,9,19
GLD,GLD,2003,9,20
GLD,GLD,2003,9,22
GLD,GLD,2003,9,23
GLD,GLD,2003,9,26
GLD,GLD,2003,9,27
GLD,GLD,2003,9,29
GLD,GLD,2003,9,30
GLD,GLD,2003,10,3
GLD,GLD,2003,10,4
GLD,GLD,2003,10,6
GLD,GLD,2003,10,7
GLD,GLD,2003,10,10
GLD,GLD,2003,10,11
GLD,GLD,2003,10,13
GLD,GLD,2003,10,14
GLD,GLD,2003,10,17
GLD,GLD,2003,10,18
GLD,GLD,2003,10,20
GLD,GLD,2003,10,21
GLD,GLD,2003,10,24
GLD,GLD,2003,10,25
GLD,GLD,2003,10,26
GLD,GLD,2003,10,27
GLD,GLD,2003,10,28
GLD,GLD,2004,4,25
GLD,GLD,2004,4,26
GLD,GLD,2004,4,27
GLD,GLD,2004,4,30
GLD,GLD,2004,5,1
GLD,GLD,2004,5,3
GLD,GLD,2004,5,4
GLD,GLD,2004,5,7
GLD,GLD,2004,5,8
GLD,GLD,2004,5,10
GLD,GLD,2004,5,11
GLD,GLD,2004,5,14
GLD,GLD,2004,5,15
GLD,GLD,2004,5,17
GLD,GLD,2004,5,18
GLD,GLD,2004,5,21
GLD,GLD,2004,5,22
GLD,GLD,2004,5,24
GLD,GLD,2004,5,25
GLD,GLD,2004,5,28
GLD,GLD,2004,5,29
GLD,GLD,2004,5,31
GLD,GLD,2004,6,1
GLD,GLD,2004,6,4
GLD,GLD,2004,6,5
GLD,GLD,2004,6,7
GLD,GLD,2004,6,8
GLD,GLD,2004,6,11
GLD,GLD,2004,6,12
GLD,GLD,2004,6,14
GLD,GLD,2004,6,15
GLD,GLD,2004,6,18
GLD,GLD,2004,6,19
GLD,GLD,2004,6,21
GLD,GLD,2004,6,22
GLD,GLD,2004,6,25
GLD,GLD,2004,6,26
GLD,GLD,2004,6,28
GLD,GLD,2004,6,29
GLD,GLD,2004,7,2
GLD,GLD,2004,7,3
GLD,GLD,2004,7,4
GLD,GLD,2004,7,5
GLD,GLD,2004,7,6
GLD,GLD,2004,7,9
GLD,GLD,2004,7,10
GLD,GLD,2004,7,11
GLD,GLD,2004,7,12
GLD,GLD,2004,7,13
GLD,GLD,2004,7,16
GLD,GLD,2004,7,17
GLD,GLD,2004,7,18
GLD,GLD,2004,7,19
GLD,GLD,2004,7,20
GLD,GLD,2004,7,23
GLD,GLD,2004,7,24
GLD,GLD,2004,7,25
GLD,GLD,2004,7,26
GLD,GLD,2004,7,27
GLD,GLD,2004,7,30
GLD,GLD,2004,7,31
GLD,GLD,2004,8,1
GLD,GLD,2004,8,2
GLD,GLD,2004,8,3
GLD,GLD,2004,8,6
GLD,GLD,2004,8,7
GLD,GLD,2004,8,8
GLD,GLD,2004,8,9
GLD,GLD,2004,8,10
GLD,GLD,2004,8,13
GLD,GLD,2004,8,14
GLD,GLD,2004,8,15
GLD,GLD,2004,8,16
GLD,GLD,2004,8,17
GLD,GLD,2004,8,20
GLD,GLD,2004,8,21
GLD,GLD,2004,8,22
GLD,GLD,2004,8,23
GLD,GLD,2004,8,24
GLD,GLD,2004,8,27
GLD,GLD,2004,8,28
GLD,GLD,2004,8,29
GLD,GLD,2004,8,30
GLD,GLD,2004,8,31
GLD,GLD,2004,9,3
GLD,GLD,2004,9,4
GLD,GLD,2004,9,7
GLD,GLD,2004,9,8
GLD,GLD,2004,9,10
GLD,GLD,2004,9,11
GLD,GLD,2004,9,13
GLD,GLD,2004,9,14
GLD,GLD,2004,9,17
GLD,GLD,2004,9,18
GLD,GLD,2004,9,20
GLD,GLD,2004,9,21
GLD,GLD,2004,9,24
GLD,GLD,2004,9,25
GLD,GLD,2004,9,27
GLD,GLD,2004,9,28
GLD,GLD,2004,10,1
GLD,GLD,2004,10,2
GLD,GLD,2004,10,4
GLD,GLD,2004,10,5
GLD,GLD,2004,10,8
GLD,GLD,2004,10,9
GLD,GLD,2004,10,11
GLD,GLD,2004,10,12
GLD,GLD,2004,10,15
GLD,GLD,2004,10,16
GLD,GLD,2004,10,18
GLD,GLD,2004,10,19
GLD,GLD,2004,10,22
GLD,GLD,2004,10,23
GLD,GLD,2004,10,25
GLD,GLD,2004,10,26
GLD,GLD,2004,10,29
GLD,GLD,2004,10,30
GLD,GLD,2005,5,16
GLD,GLD,2005,5,17
GLD,GLD,2005,5,18
GLD,GLD,2005,5,21
GLD,GLD,2005,5,23
GLD,GLD,2005,5,24
GLD,GLD,2005,5,25
GLD,GLD,2005,5,28
GLD,GLD,2005,5,29
GLD,GLD,2005,5,31
GLD,GLD,2005,6,1
GLD,GLD,2005,6,4
GLD,GLD,2005,6,6
GLD,GLD,2005,6,7
GLD,GLD,2005,6,8
GLD,GLD,2005,6,11
GLD,GLD,2005,6,13
GLD,GLD,2005,6,14
GLD,GLD,2005,6,15
GLD,GLD,2005,6,18
GLD,GLD,2005,6,20
GLD,GLD,2005,6,21
GLD,GLD,2005,6,22
GLD,GLD,2005,6,25
GLD,GLD,2005,6,27
GLD,GLD,2005,6,28
GLD,GLD,2005,6,29
GLD,GLD,2005,7,2
GLD,GLD,2005,7,3
GLD,GLD,2005,7,5
GLD,GLD,2005,7,6
GLD,GLD,2005,7,9
GLD,GLD,2005,7,11
GLD,GLD,2005,7,12
GLD,GLD,2005,7,13
GLD,GLD,2005,7,16
GLD,GLD,2005,7,18
GLD,GLD,2005,7,19
GLD,GLD,2005,7,20
GLD,GLD,2005,7,23
GLD,GLD,2005,7,25
GLD,GLD,2005,7,26
GLD,GLD,2005,7,27
GLD,GLD,2005,7,30
GLD,GLD,2005,8,1
GLD,GLD,2005,8,2
GLD,GLD,2005,8,3
GLD,GLD,2005,8,6
GLD,GLD,2005,8,8
GLD,GLD,2005,8,9
GLD,GLD,2005,8,10
GLD,GLD,2005,8,13
GLD,GLD,2005,8,15
GLD,GLD,2005,8,16
GLD,GLD,2005,8,17
GLD,GLD,2005,8,20
GLD,GLD,2005,8,22
GLD,GLD,2005,8,23
GLD,GLD,2005,8,24
GLD,GLD,2005,8,27
GLD,GLD,2005,8,29
GLD,GLD,2005,8,30
GLD,GLD,2005,8,31
GLD,GLD,2005,9,3
GLD,GLD,2005,9,4
GLD,GLD,2005,9,6
GLD,GLD,2005,9,7
GLD,GLD,2005,9,10
GLD,GLD,2005,9,12
GLD,GLD,2005,9,13
GLD,GLD,2005,9,14
GLD,GLD,2005,9,17
GLD,GLD,2005,9,19
GLD,GLD,2005,9,20
GLD,GLD,2005,9,21
GLD,GLD,2005,9,24
GLD,GLD,2005,9,26
GLD,GLD,2005,9,27
GLD,GLD,2005,9,28
GLD,GLD,2005,10,1
GLD,GLD,2005,10,3
GLD,GLD,2005,10,4
GLD,GLD,2005,10,5
GLD,GLD,2005,10,8
GLD,GLD,2005,10,10
GLD,GLD,2005,10,11
GLD,GLD,2005,10,12
GLD,GLD,2005,10,15
GLD,GLD,2005,10,17
GLD,GLD,2005,10,18
GLD,GLD,2005,10,19
GLD,GLD,2005,10,22
GLD,GLD,2005,10,24
GLD,GLD,2005,10,25
GLD,GLD,2005,10,26
GLD,GLD,2005,10,29
GLD,GLD,2005,10,31
GLD,GLD,2005,11,1
GLD,GLD,2005,11,2
GLD,GLD,2005,11,5
GLD,GLD,2006,5,6
GLD,GLD,2006,5,8
GLD,GLD,2006,5,9
GLD,GLD,2006,5,13
GLD,GLD,2006,5,15
GLD,GLD,2006,5,16
GLD,GLD,2006,5,20
GLD,GLD,2006,5,22
GLD,GLD,2006,5,23
GLD,GLD,2006,5,24
GLD,GLD,2006,5,27
GLD,GLD,2006,5,28
GLD,GLD,2006,5,30
GLD,GLD,2006,5,31
GLD,GLD,2006,6,3
GLD,GLD,2006,6,5
GLD,GLD,2006,6,6
GLD,GLD,2006,6,7
GLD,GLD,2006,6,10
GLD,GLD,2006,6,12
GLD,GLD,2006,6,13
GLD,GLD,2006,6,14
GLD,GLD,2006,6,17
GLD,GLD,2006,6,19
GLD,GLD,2006,6,20
GLD,GLD,2006,6,21
GLD,GLD,2006,6,24
GLD,GLD,2006,6,26
GLD,GLD,2006,6,27
GLD,GLD,2006,6,28
GLD,GLD,2006,7,1
GLD,GLD,2006,7,3
GLD,GLD,2006,7,4
GLD,GLD,2006,7,5
GLD,GLD,2006,7,8
GLD,GLD,2006,7,10
GLD,GLD,2006,7,11
GLD,GLD,2006,7,12
GLD,GLD,2006,7,15
GLD,GLD,2006,7,17
GLD,GLD,2006,7,18
GLD,GLD,2006,7,19
GLD,GLD,2006,7,22
GLD,GLD,2006,7,24
GLD,GLD,2006,7,25
GLD,GLD,2006,7,26
GLD,GLD,2006,7,29
GLD,GLD,2006,7,31
GLD,GLD,2006,8,1
GLD,GLD,2006,8,2
GLD,GLD,2006,8,5
GLD,GLD,2006,8,7
GLD,GLD,2006,8,8
GLD,GLD,2006,8,9
GLD,GLD,2006,8,12
GLD,GLD,2006,8,14
GLD,GLD,2006,8,15
GLD,GLD,2006,8,16
GLD,GLD,2006,8,19
GLD,GLD,2006,8,21
GLD,GLD,2006,8,22
GLD,GLD,2006,8,23
GLD,GLD,2006,8,26
GLD,GLD,2006,8,28
GLD,GLD,2006,8,29
GLD,GLD,2006,8,30
GLD,GLD,2006,9,2
GLD,GLD,2006,9,3
GLD,GLD,2006,9,5
GLD,GLD,2006,9,6
GLD,GLD,2006,9,9
GLD,GLD,2006,9,11
GLD,GLD,2006,9,12
GLD,GLD,2006,9,13
GLD,GLD,2006,9,16
GLD,GLD,2006,9,18
GLD,GLD,2006,9,19
GLD,GLD,2006,9,20
GLD,GLD,2006,9,23
GLD,GLD,2006,9,25
GLD,GLD,2006,9,26
GLD,GLD,2006,9,27
GLD,GLD,2006,9,30
GLD,GLD,2006,10,3
GLD,GLD,2006,10,4
GLD,GLD,2006,10,7
GLD,GLD,2006,10,9
GLD,GLD,2006,10,10
GLD,GLD,2006,10,11
GLD,GLD,2006,10,14
GLD,GLD,2006,10,16
GLD,GLD,2006,10,17
GLD,GLD,2006,10,18
GLD,GLD,2006,10,21
GLD,GLD,2006,10,23
GLD,GLD,2006,10,24
GLD,GLD,2006,10,25
GLD,GLD,2006,10,28
GLD,GLD,2006,10,30
GLD,GLD,2006,10,31
GLD,GLD,2006,11,1
GLD,GLD,2007,5,5
GLD,GLD,2007,5,7
GLD,GLD,2007,5,12
GLD,GLD,2007,5,14
GLD,GLD,2007,5,15
GLD,GLD,2007,5,19
GLD,GLD,2007,5,21
GLD,GLD,2007,5,22
GLD,GLD,2007,5,26
GLD,GLD,2007,5,28
GLD,GLD,2007,5,29
GLD,GLD,2007,6,2
GLD,GLD,2007,6,4
GLD,GLD,2007,6,5
GLD,GLD,2007,6,6
GLD,GLD,2007,6,9
GLD,GLD,2007,6,11
GLD,GLD,2007,6,12
GLD,GLD,2007,6,16
GLD,GLD,2007,6,18
GLD,GLD,2007,6,19
GLD,GLD,2007,6,20
GLD,GLD,2007,6,23
GLD,GLD,2007,6,25
GLD,GLD,2007,6,26
GLD,GLD,2007,6,27
GLD,GLD,2007,6,30
GLD,GLD,2007,7,2
GLD,GLD,2007,7,3
GLD,GLD,2007,7,7
GLD,GLD,2007,7,9
GLD,GLD,2007,7,10
GLD,GLD,2007,7,11
GLD,GLD,2007,7,14
GLD,GLD,2007,7,16
GLD,GLD,2007,7,17
GLD,GLD,2007,7,18
GLD,GLD,2007,7,21
GLD,GLD,2007,7,23
GLD,GLD,2007,7,24
GLD,GLD,2007,7,25
GLD,GLD,2007,7,28
GLD,GLD,2007,7,30
GLD,GLD,2007,7,31
GLD,GLD,2007,8,1
GLD,GLD,2007,8,4
GLD,GLD,2007,8,6
GLD,GLD,2007,8,7
GLD,GLD,2007,8,8
GLD,GLD,2007,8,11
GLD,GLD,2007,8,13
GLD,GLD,2007,8,14
GLD,GLD,2007,8,15
GLD,GLD,2007,8,18
GLD,GLD,2007,8,20
GLD,GLD,2007,8,21
GLD,GLD,2007,8,22
GLD,GLD,2007,8,25
GLD,GLD,2007,8,27
GLD,GLD,2007,8,28
GLD,GLD,2007,8,29
GLD,GLD,2007,9,1
GLD,GLD,2007,9,3
GLD,GLD,2007,9,4
GLD,GLD,2007,9,5
GLD,GLD,2007,9,8
GLD,GLD,2007,9,10
GLD,GLD,2007,9,11
GLD,GLD,2007,9,12
GLD,GLD,2007,9,15
GLD,GLD,2007,9,17
GLD,GLD,2007,9,18
GLD,GLD,2007,9,19
GLD,GLD,2007,9,22
GLD,GLD,2007,9,24
GLD,GLD,2007,9,25
GLD,GLD,2007,9,26
GLD,GLD,2007,9,29
GLD,GLD,2007,10,1
GLD,GLD,2007,10,2
GLD,GLD,2007,10,3
GLD,GLD,2007,10,6
GLD,GLD,2007,10,8
GLD,GLD,2007,10,9
GLD,GLD,2007,10,10
GLD,GLD,2007,10,13
GLD,GLD,2007,10,15
GLD,GLD,2007,10,16
GLD,GLD,2007,10,17
GLD,GLD,2007,10,20
GLD,GLD,2007,10,22
GLD,GLD,2007,10,23
GLD,GLD,2007,10,24
GLD,GLD,2007,10,27
GLD,GLD,2007,10,29
GLD,GLD,2007,10,30
GLD,GLD,2007,10,31
GLD,GLD,2007,11,5
GLD,GLD,2007,11,6
GOL,GOL,1998,11,18
GOL,GOL,1998,11,19
GOL,GOL,1998,11,20
GOL,GOL,1998,11,21
GOL,GOL,1998,11,22
GOL,GOL,1998,11,25
GOL,GOL,1998,11,26
GOL,GOL,1998,11,27
GOL,GOL,1998,11,28
GOL,GOL,1998,11,29
GOL,GOL,1998,12,2
GOL,GOL,1998,12,3
GOL,GOL,1998,12,4
GOL,GOL,1998,12,5
GOL,GOL,1998,12,6
GOL,GOL,1998,12,9
GOL,GOL,1998,12,10
GOL,GOL,1998,12,11
GOL,GOL,1998,12,12
GOL,GOL,1998,12,13
GOL,GOL,1998,12,16
GOL,GOL,1998,12,17
GOL,GOL,1998,12,18
GOL,GOL,1998,12,19
GOL,GOL,1998,12,20
GOL,GOL,1998,12,21
GOL,GOL,1998,12,26
GOL,GOL,1998,12,27
GOL,GOL,1998,12,28
GOL,GOL,1998,12,30
GOL,GOL,1999,4,14
GOL,GOL,1999,4,16
GOL,GOL,1999,4,17
GOL,GOL,1999,4,18
GOL,GOL,1999,4,19
GOL,GOL,1999,4,22
GOL,GOL,1999,4,23
GOL,GOL,1999,4,24
GOL,GOL,1999,4,25
GOL,GOL,1999,4,28
GOL,GOL,1999,4,29
GOL,GOL,1999,4,30
GOL,GOL,1999,5,1
GOL,GOL,1999,5,2
GOL,GOL,1999,5,5
GOL,GOL,1999,5,6
GOL,GOL,1999,5,7
GOL,GOL,1999,5,8
GOL,GOL,1999,5,9
GOL,GOL,1999,5,12
GOL,GOL,1999,5,13
GOL,GOL,1999,5,14
GOL,GOL,1999,5,15
GOL,GOL,1999,5,16
GOL,GOL,1999,5,19
GOL,GOL,1999,5,20
GOL,GOL,1999,5,22
GOL,GOL,1999,5,23
GOL,GOL,1999,5,26
GOL,GOL,1999,5,27
GOL,GOL,1999,5,28
GOL,GOL,1999,5,29
GOL,GOL,1999,5,30
GOL,GOL,1999,5,31
GOL,GOL,1999,6,2
GOL,GOL,1999,6,3
GOL,GOL,1999,6,4
GOL,GOL,1999,6,5
GOL,GOL,1999,6,6
GOL,GOL,1999,6,10
GOL,GOL,1999,6,11
GOL,GOL,1999,6,12
GOL,GOL,1999,6,13
GOL,GOL,1999,6,17
GOL,GOL,1999,6,18
GOL,GOL,1999,6,19
GOL,GOL,1999,11,18
GOL,GOL,1999,11,19
GOL,GOL,1999,11,24
GOL,GOL,1999,11,25
GOL,GOL,1999,11,26
GOL,GOL,1999,11,27
GOL,GOL,1999,11,28
GOL,GOL,1999,12,1
GOL,GOL,1999,12,2
GOL,GOL,1999,12,4
GOL,GOL,1999,12,5
GOL,GOL,1999,12,8
GOL,GOL,1999,12,9
GOL,GOL,1999,12,10
GOL,GOL,1999,12,12
GOL,GOL,1999,12,15
GOL,GOL,1999,12,16
GOL,GOL,1999,12,19
GOL,GOL,1999,12,20
GOL,GOL,1999,12,26
GOL,GOL,1999,12,27
GOL,GOL,1999,12,30
GOL,GOL,2000,4,12
GOL,GOL,2000,4,13
GOL,GOL,2000,4,14
GOL,GOL,2000,4,15
GOL,GOL,2000,4,16
GOL,GOL,2000,4,20
GOL,GOL,2000,4,21
GOL,GOL,2000,4,22
GOL,GOL,2000,4,23
GOL,GOL,2000,4,24
GOL,GOL,2000,4,28
GOL,GOL,2000,4,29
GOL,GOL,2000,4,30
GOL,GOL,2000,5,3
GOL,GOL,2000,5,4
GOL,GOL,2000,5,5
GOL,GOL,2000,5,6
GOL,GOL,2000,5,7
GOL,GOL,2000,5,11
GOL,GOL,2000,5,14
GOL,GOL,2000,5,17
GOL,GOL,2000,5,18
GOL,GOL,2000,5,19
GOL,GOL,2000,5,20
GOL,GOL,2000,5,21
GOL,GOL,2000,5,24
GOL,GOL,2000,5,25
GOL,GOL,2000,5,26
GOL,GOL,2000,5,27
GOL,GOL,2000,5,28
GOL,GOL,2000,5,29
GOL,GOL,2000,5,31
GOL,GOL,2000,6,1
GOL,GOL,2000,6,2
GOL,GOL,2000,6,3
GOL,GOL,2000,6,4
GOL,GOL,2000,6,7
GOL,GOL,2000,6,8
GOL,GOL,2000,6,9
GOL,GOL,2000,6,10
GOL,GOL,2000,6,11
GOL,GOL,2000,11,15
GOL,GOL,2000,11,16
GOL,GOL,2000,11,17
GOL,GOL,2000,11,18
GOL,GOL,2000,11,19
GOL,GOL,2000,11,22
GOL,GOL,2000,11,23
GOL,GOL,2000,11,24
GOL,GOL,2000,11,25
GOL,GOL,2000,11,26
GOL,GOL,2000,11,29
GOL,GOL,2000,11,30
GOL,GOL,2000,12,1
GOL,GOL,2000,12,2
GOL,GOL,2000,12,3
GOL,GOL,2000,12,6
GOL,GOL,2000,12,7
GOL,GOL,2000,12,8
GOL,GOL,2000,12,9
GOL,GOL,2000,12,10
GOL,GOL,2000,12,13
GOL,GOL,2000,12,15
GOL,GOL,2000,12,16
GOL,GOL,2000,12,21
GOL,GOL,2000,12,22
GOL,GOL,2000,12,23
GOL,GOL,2000,12,24
GOL,GOL,2000,12,26
GOL,GOL,2000,12,28
GOL,GOL,2000,12,29
GOL,GOL,2000,12,30
GOL,GOL,2000,12,31
GOL,GOL,2001,1,1
GOL,GOL,2001,1,3
GOL,GOL,2001,1,4
GOL,GOL,2001,1,6
GOL,GOL,2001,1,7
GOL,GOL,2001,1,10
GOL,GOL,2001,1,11
GOL,GOL,2001,1,13
GOL,GOL,2001,1,14
GOL,GOL,2001,1,15
GOL,GOL,2001,1,18
GOL,GOL,2001,1,19
GOL,GOL,2001,1,20
GOL,GOL,2001,1,21
GOL,GOL,2001,1,24
GOL,GOL,2001,1,25
GOL,GOL,2001,1,26
GOL,GOL,2001,1,31
GOL,GOL,2001,2,1
GOL,GOL,2001,2,2
GOL,GOL,2001,2,3
GOL,GOL,2001,2,4
GOL,GOL,2001,2,7
GOL,GOL,2001,2,8
GOL,GOL,2001,2,9
GOL,GOL,2001,2,10
GOL,GOL,2001,2,11
GOL,GOL,2001,2,21
GOL,GOL,2001,2,22
GOL,GOL,2001,2,23
GOL,GOL,2001,2,24
GOL,GOL,2001,2,25
GOL,GOL,2001,2,28
GOL,GOL,2001,3,1
GOL,GOL,2001,3,2
GOL,GOL,2001,3,3
GOL,GOL,2001,3,4
GOL,GOL,2001,3,7
GOL,GOL,2001,3,8
GOL,GOL,2001,3,9
GOL,GOL,2001,3,10
GOL,GOL,2001,3,11
GOL,GOL,2001,3,14
GOL,GOL,2001,3,15
GOL,GOL,2001,3,16
GOL,GOL,2001,3,17
GOL,GOL,2001,3,18
GOL,GOL,2001,3,21
GOL,GOL,2001,3,22
GOL,GOL,2001,3,23
GOL,GOL,2001,3,24
GOL,GOL,2001,3,25
GOL,GOL,2001,3,28
GOL,GOL,2001,3,29
GOL,GOL,2001,4,1
GOL,GOL,2001,11,7
GOL,GOL,2001,11,8
GOL,GOL,2001,11,9
GOL,GOL,2001,11,10
GOL,GOL,2001,11,11
GOL,GOL,2001,11,14
GOL,GOL,2001,11,15
GOL,GOL,2001,11,16
GOL,GOL,2001,11,18
GOL,GOL,2001,11,21
GOL,GOL,2001,11,22
GOL,GOL,2001,11,24
GOL,GOL,2001,11,25
GOL,GOL,2001,11,28
GOL,GOL,2001,11,29
GOL,GOL,2001,11,30
GOL,GOL,2001,12,1
GOL,GOL,2001,12,2
GOL,GOL,2001,12,6
GOL,GOL,2001,12,7
GOL,GOL,2001,12,9
GOL,GOL,2001,12,12
GOL,GOL,2001,12,14
GOL,GOL,2001,12,15
GOL,GOL,2001,12,16
GOL,GOL,2001,12,17
GOL,GOL,2001,12,26
GOL,GOL,2001,12,29
GOL,GOL,2001,12,30
GOL,GOL,2001,12,31
GOL,GOL,2002,1,1
GOL,GOL,2002,1,2
GOL,GOL,2002,1,5
GOL,GOL,2002,1,6
GOL,GOL,2002,1,9
GOL,GOL,2002,1,10
GOL,GOL,2002,1,12
GOL,GOL,2002,1,13
GOL,GOL,2002,1,16
GOL,GOL,2002,1,17
GOL,GOL,2002,1,18
GOL,GOL,2002,1,19
GOL,GOL,2002,1,20
GOL,GOL,2002,1,21
GOL,GOL,2002,1,24
GOL,GOL,2002,1,25
GOL,GOL,2002,1,26
GOL,GOL,2002,1,27
GOL,GOL,2002,1,30
GOL,GOL,2002,1,31
GOL,GOL,2002,2,1
GOL,GOL,2002,2,2
GOL,GOL,2002,2,3
GOL,GOL,2002,2,6
GOL,GOL,2002,2,7
GOL,GOL,2002,2,8
GOL,GOL,2002,2,9
GOL,GOL,2002,2,10
GOL,GOL,2002,2,14
GOL,GOL,2002,2,15
GOL,GOL,2002,2,16
GOL,GOL,2002,2,17
GOL,GOL,2002,2,18
GOL,GOL,2002,2,21
GOL,GOL,2002,2,22
GOL,GOL,2002,2,23
GOL,GOL,2002,2,24
GOL,GOL,2002,2,27
GOL,GOL,2002,2,28
GOL,GOL,2002,3,1
GOL,GOL,2002,3,2
GOL,GOL,2002,3,3
GOL,GOL,2002,3,6
GOL,GOL,2002,3,7
GOL,GOL,2002,3,8
GOL,GOL,2002,3,9
GOL,GOL,2002,3,10
GOL,GOL,2002,3,13
GOL,GOL,2002,3,14
GOL,GOL,2002,3,15
GOL,GOL,2002,3,16
GOL,GOL,2002,3,17
GOL,GOL,2002,3,20
GOL,GOL,2002,3,21
GOL,GOL,2002,3,22
GOL,GOL,2002,3,23
GOL,GOL,2002,3,24
GOL,GOL,2002,3,27
GOL,GOL,2002,3,28
GOL,GOL,2002,3,29
GOL,GOL,2002,3,30
GOL,GOL,2002,3,31
GOL,GOL,2002,11,6
GOL,GOL,2002,11,7
GOL,GOL,2002,11,8
GOL,GOL,2002,11,9
GOL,GOL,2002,11,10
GOL,GOL,2002,11,11
GOL,GOL,2002,11,14
GOL,GOL,2002,11,15
GOL,GOL,2002,11,16
GOL,GOL,2002,11,17
GOL,GOL,2002,11,20
GOL,GOL,2002,11,21
GOL,GOL,2002,11,22
GOL,GOL,2002,11,23
GOL,GOL,2002,11,24
GOL,GOL,2002,11,27
GOL,GOL,2002,11,28
GOL,GOL,2002,11,29
GOL,GOL,2002,11,30
GOL,GOL,2002,12,1
GOL,GOL,2002,12,4
GOL,GOL,2002,12,5
GOL,GOL,2002,12,6
GOL,GOL,2002,12,7
GOL,GOL,2002,12,8
GOL,GOL,2002,12,11
GOL,GOL,2002,12,12
GOL,GOL,2002,12,13
GOL,GOL,2002,12,14
GOL,GOL,2002,12,15
GOL,GOL,2002,12,18
GOL,GOL,2002,12,19
GOL,GOL,2002,12,20
GOL,GOL,2002,12,21
GOL,GOL,2002,12,22
GOL,GOL,2002,12,26
GOL,GOL,2002,12,27
GOL,GOL,2002,12,28
GOL,GOL,2002,12,29
GOL,GOL,2002,12,31
GOL,GOL,2003,1,1
GOL,GOL,2003,1,2
GOL,GOL,2003,1,3
GOL,GOL,2003,1,4
GOL,GOL,2003,1,5
GOL,GOL,2003,1,8
GOL,GOL,2003,1,9
GOL,GOL,2003,1,10
GOL,GOL,2003,1,11
GOL,GOL,2003,1,12
GOL,GOL,2003,1,15
GOL,GOL,2003,1,16
GOL,GOL,2003,1,17
GOL,GOL,2003,1,18
GOL,GOL,2003,1,19
GOL,GOL,2003,1,20
GOL,GOL,2003,1,23
GOL,GOL,2003,1,24
GOL,GOL,2003,1,25
GOL,GOL,2003,1,26
GOL,GOL,2003,1,29
GOL,GOL,2003,1,30
GOL,GOL,2003,1,31
GOL,GOL,2003,2,1
GOL,GOL,2003,2,2
GOL,GOL,2003,2,5
GOL,GOL,2003,2,6
GOL,GOL,2003,2,7
GOL,GOL,2003,2,8
GOL,GOL,2003,2,9
GOL,GOL,2003,2,12
GOL,GOL,2003,2,13
GOL,GOL,2003,2,14
GOL,GOL,2003,2,15
GOL,GOL,2003,2,16
GOL,GOL,2003,2,17
GOL,GOL,2003,2,20
GOL,GOL,2003,2,21
GOL,GOL,2003,2,22
GOL,GOL,2003,2,23
GOL,GOL,2003,2,26
GOL,GOL,2003,2,27
GOL,GOL,2003,3,5
GOL,GOL,2003,3,6
GOL,GOL,2003,3,7
GOL,GOL,2003,3,8
GOL,GOL,2003,3,9
GOL,GOL,2003,3,12
GOL,GOL,2003,3,13
GOL,GOL,2003,3,14
GOL,GOL,2003,3,15
GOL,GOL,2003,3,16
GOL,GOL,2003,3,19
GOL,GOL,2003,3,20
GOL,GOL,2003,3,21
GOL,GOL,2003,3,22
GOL,GOL,2003,3,23
GOL,GOL,2003,3,26
GOL,GOL,2003,3,27
GOL,GOL,2003,3,28
GOL,GOL,2003,3,29
GOL,GOL,2003,3,30
GOL,GOL,2003,11,5
GOL,GOL,2003,11,6
GOL,GOL,2003,11,7
GOL,GOL,2003,11,8
GOL,GOL,2003,11,9
GOL,GOL,2003,11,11
GOL,GOL,2003,11,13
GOL,GOL,2003,11,14
GOL,GOL,2003,11,15
GOL,GOL,2003,11,16
GOL,GOL,2003,11,19
GOL,GOL,2003,11,20
GOL,GOL,2003,11,21
GOL,GOL,2003,11,22
GOL,GOL,2003,11,23
GOL,GOL,2003,11,26
GOL,GOL,2003,11,27
GOL,GOL,2003,11,28
GOL,GOL,2003,11,29
GOL,GOL,2003,11,30
GOL,GOL,2003,12,3
GOL,GOL,2003,12,4
GOL,GOL,2003,12,5
GOL,GOL,2003,12,6
GOL,GOL,2003,12,7
GOL,GOL,2003,12,10
GOL,GOL,2003,12,11
GOL,GOL,2003,12,12
GOL,GOL,2003,12,13
GOL,GOL,2003,12,14
GOL,GOL,2003,12,17
GOL,GOL,2003,12,18
GOL,GOL,2003,12,19
GOL,GOL,2003,12,20
GOL,GOL,2003,12,21
GOL,GOL,2003,12,27
GOL,GOL,2003,12,28
GOL,GOL,2003,12,31
GOL,GOL,2004,1,1
GOL,GOL,2004,1,2
GOL,GOL,2004,1,3
GOL,GOL,2004,1,4
GOL,GOL,2004,1,7
GOL,GOL,2004,1,8
GOL,GOL,2004,1,9
GOL,GOL,2004,1,10
GOL,GOL,2004,1,11
GOL,GOL,2004,1,14
GOL,GOL,2004,1,15
GOL,GOL,2004,1,16
GOL,GOL,2004,1,17
GOL,GOL,2004,1,18
GOL,GOL,2004,1,19
GOL,GOL,2004,1,22
GOL,GOL,2004,1,23
GOL,GOL,2004,1,24
GOL,GOL,2004,1,25
GOL,GOL,2004,1,28
GOL,GOL,2004,1,29
GOL,GOL,2004,1,30
GOL,GOL,2004,1,31
GOL,GOL,2004,2,1
GOL,GOL,2004,2,4
GOL,GOL,2004,2,5
GOL,GOL,2004,2,6
GOL,GOL,2004,2,7
GOL,GOL,2004,2,8
GOL,GOL,2004,2,11
GOL,GOL,2004,2,12
GOL,GOL,2004,2,13
GOL,GOL,2004,2,14
GOL,GOL,2004,2,15
GOL,GOL,2004,2,16
GOL,GOL,2004,2,19
GOL,GOL,2004,2,20
GOL,GOL,2004,2,21
GOL,GOL,2004,2,22
GOL,GOL,2004,2,25
GOL,GOL,2004,2,26
GOL,GOL,2004,2,27
GOL,GOL,2004,2,28
GOL,GOL,2004,2,29
GOL,GOL,2004,3,3
GOL,GOL,2004,3,4
GOL,GOL,2004,3,5
GOL,GOL,2004,3,6
GOL,GOL,2004,3,7
GOL,GOL,2004,3,10
GOL,GOL,2004,3,11
GOL,GOL,2004,3,12
GOL,GOL,2004,3,13
GOL,GOL,2004,3,14
GOL,GOL,2004,3,17
GOL,GOL,2004,3,18
GOL,GOL,2004,3,19
GOL,GOL,2004,3,20
GOL,GOL,2004,3,21
GOL,GOL,2004,3,24
GOL,GOL,2004,3,25
GOL,GOL,2004,3,26
GOL,GOL,2004,3,27
GOL,GOL,2004,3,28
GOL,GOL,2004,3,31
GOL,GOL,2004,4,1
GOL,GOL,2004,4,2
GOL,GOL,2004,4,3
GOL,GOL,2004,4,4
GOL,GOL,2004,11,10
GOL,GOL,2004,11,11
GOL,GOL,2004,11,12
GOL,GOL,2004,11,13
GOL,GOL,2004,11,14
GOL,GOL,2004,11,17
GOL,GOL,2004,11,18
GOL,GOL,2004,11,19
GOL,GOL,2004,11,20
GOL,GOL,2004,11,21
GOL,GOL,2004,11,24
GOL,GOL,2004,11,25
GOL,GOL,2004,11,26
GOL,GOL,2004,11,27
GOL,GOL,2004,11,28
GOL,GOL,2004,12,1
GOL,GOL,2004,12,2
GOL,GOL,2004,12,3
GOL,GOL,2004,12,4
GOL,GOL,2004,12,5
GOL,GOL,2004,12,8
GOL,GOL,2004,12,9
GOL,GOL,2004,12,10
GOL,GOL,2004,12,11
GOL,GOL,2004,12,12
GOL,GOL,2004,12,15
GOL,GOL,2004,12,16
GOL,GOL,2004,12,17
GOL,GOL,2004,12,18
GOL,GOL,2004,12,19
GOL,GOL,2004,12,20
GOL,GOL,2004,12,26
GOL,GOL,2004,12,27
GOL,GOL,2004,12,29
GOL,GOL,2004,12,30
GOL,GOL,2004,12,31
GOL,GOL,2005,1,1
GOL,GOL,2005,1,2
GOL,GOL,2005,1,5
GOL,GOL,2005,1,6
GOL,GOL,2005,1,7
GOL,GOL,2005,1,8
GOL,GOL,2005,1,9
GOL,GOL,2005,1,12
GOL,GOL,2005,1,13
GOL,GOL,2005,1,14
GOL,GOL,2005,1,15
GOL,GOL,2005,1,16
GOL,GOL,2005,1,17
GOL,GOL,2005,1,19
GOL,GOL,2005,1,20
GOL,GOL,2005,1,21
GOL,GOL,2005,1,22
GOL,GOL,2005,1,23
GOL,GOL,2005,1,26
GOL,GOL,2005,1,27
GOL,GOL,2005,1,28
GOL,GOL,2005,1,29
GOL,GOL,2005,1,30
GOL,GOL,2005,5,11
GOL,GOL,2005,5,12
GOL,GOL,2005,5,13
GOL,GOL,2005,5,14
GOL,GOL,2005,5,15
GOL,GOL,2005,5,18
GOL,GOL,2005,5,19
GOL,GOL,2005,5,20
GOL,GOL,2005,5,21
GOL,GOL,2005,5,22
GOL,GOL,2005,5,25
GOL,GOL,2005,5,26
GOL,GOL,2005,5,27
GOL,GOL,2005,5,28
GOL,GOL,2005,5,29
GOL,GOL,2005,5,30
GOL,GOL,2005,6,1
GOL,GOL,2005,6,2
GOL,GOL,2005,6,3
GOL,GOL,2005,6,4
GOL,GOL,2005,6,5
GOL,GOL,2005,6,8
GOL,GOL,2005,6,9
GOL,GOL,2005,6,10
GOL,GOL,2005,6,11
GOL,GOL,2005,6,12
GOL,GOL,2005,6,17
GOL,GOL,2005,6,18
GOL,GOL,2005,6,19
GOL,GOL,2005,10,19
GOL,GOL,2005,10,20
GOL,GOL,2005,10,21
GOL,GOL,2005,10,22
GOL,GOL,2005,10,23
GOL,GOL,2005,10,26
GOL,GOL,2005,10,27
GOL,GOL,2005,10,28
GOL,GOL,2005,10,29
GOL,GOL,2005,10,30
GOL,GOL,2005,11,2
GOL,GOL,2005,11,3
GOL,GOL,2005,11,4
GOL,GOL,2005,11,5
GOL,GOL,2005,11,6
GOL,GOL,2005,11,9
GOL,GOL,2005,11,10
GOL,GOL,2005,11,11
GOL,GOL,2005,11,12
GOL,GOL,2005,11,13
GOL,GOL,2005,11,16
GOL,GOL,2005,11,17
GOL,GOL,2005,11,18
GOL,GOL,2005,11,19
GOL,GOL,2005,11,20
GOL,GOL,2005,11,23
GOL,GOL,2005,11,24
GOL,GOL,2005,11,25
GOL,GOL,2005,11,26
GOL,GOL,2005,11,27
GOL,GOL,2005,11,30
GOL,GOL,2005,12,1
GOL,GOL,2005,12,2
GOL,GOL,2005,12,3
GOL,GOL,2005,12,4
GOL,GOL,2005,12,7
GOL,GOL,2005,12,8
GOL,GOL,2005,12,9
GOL,GOL,2005,12,10
GOL,GOL,2005,12,11
GOL,GOL,2005,12,14
GOL,GOL,2005,12,15
GOL,GOL,2005,12,16
GOL,GOL,2005,12,17
GOL,GOL,2005,12,18
GOL,GOL,2005,12,19
GOL,GOL,2006,2,8
GOL,GOL,2006,2,9
GOL,GOL,2006,2,10
GOL,GOL,2006,2,11
GOL,GOL,2006,2,12
GOL,GOL,2006,2,15
GOL,GOL,2006,2,16
GOL,GOL,2006,2,17
GOL,GOL,2006,2,18
GOL,GOL,2006,2,19
GOL,GOL,2006,2,20
GOL,GOL,2006,2,23
GOL,GOL,2006,2,24
GOL,GOL,2006,2,25
GOL,GOL,2006,2,26
GOL,GOL,2006,3,1
GOL,GOL,2006,3,2
GOL,GOL,2006,3,3
GOL,GOL,2006,3,4
GOL,GOL,2006,3,5
GOL,GOL,2006,3,8
GOL,GOL,2006,3,9
GOL,GOL,2006,3,10
GOL,GOL,2006,3,11
GOL,GOL,2006,3,12
GOL,GOL,2006,3,15
GOL,GOL,2006,3,16
GOL,GOL,2006,3,17
GOL,GOL,2006,3,18
GOL,GOL,2006,3,19
GOL,GOL,2006,3,22
GOL,GOL,2006,3,23
GOL,GOL,2006,3,24
GOL,GOL,2006,3,25
GOL,GOL,2006,3,26
GOL,GOL,2006,3,29
GOL,GOL,2006,3,30
GOL,GOL,2006,3,31
GOL,GOL,2006,4,1
GOL,GOL,2006,4,2
GOL,GOL,2006,4,5
GOL,GOL,2006,4,6
GOL,GOL,2006,4,7
GOL,GOL,2006,4,8
GOL,GOL,2006,4,9
GOL,GOL,2006,4,12
GOL,GOL,2006,4,13
GOL,GOL,2006,4,14
GOL,GOL,2006,4,15
GOL,GOL,2006,4,16
GOL,GOL,2006,4,19
GOL,GOL,2006,4,20
GOL,GOL,2006,4,21
GOL,GOL,2006,4,22
GOL,GOL,2006,4,23
GOL,GOL,2006,4,26
GOL,GOL,2006,4,27
GOL,GOL,2006,4,28
GOL,GOL,2006,4,29
GOL,GOL,2006,4,30
GOL,GOL,2006,5,3
GOL,GOL,2006,5,4
GOL,GOL,2006,5,5
GOL,GOL,2006,5,6
GOL,GOL,2006,5,7
GOL,GOL,2006,8,25
GOL,GOL,2006,8,26
GOL,GOL,2006,8,27
GOL,GOL,2006,8,28
GOL,GOL,2006,8,30
GOL,GOL,2006,8,31
GOL,GOL,2006,9,1
GOL,GOL,2006,9,2
GOL,GOL,2006,9,3
GOL,GOL,2006,9,4
GOL,GOL,2006,9,6
GOL,GOL,2006,9,8
GOL,GOL,2006,9,9
GOL,GOL,2006,9,10
GOL,GOL,2006,9,13
GOL,GOL,2006,9,14
GOL,GOL,2006,9,15
GOL,GOL,2006,9,16
GOL,GOL,2006,9,17
GOL,GOL,2006,9,20
GOL,GOL,2006,9,21
GOL,GOL,2006,9,22
GOL,GOL,2006,9,23
GOL,GOL,2006,9,24
GOL,GOL,2006,9,27
GOL,GOL,2006,9,28
GOL,GOL,2006,9,29
GOL,GOL,2006,9,30
GOL,GOL,2006,10,1
GOL,GOL,2006,10,6
GOL,GOL,2006,10,7
GOL,GOL,2006,10,8
GOL,GOL,2006,10,9
GOL,GOL,2006,10,13
GOL,GOL,2006,10,14
GOL,GOL,2006,10,15
GOL,GOL,2006,12,26
GOL,GOL,2006,12,28
GOL,GOL,2006,12,29
GOL,GOL,2006,12,30
GOL,GOL,2006,12,31
GOL,GOL,2007,1,1
GOL,GOL,2007,1,4
GOL,GOL,2007,1,5
GOL,GOL,2007,1,6
GOL,GOL,2007,1,7
GOL,GOL,2007,1,11
GOL,GOL,2007,1,12
GOL,GOL,2007,1,13
GOL,GOL,2007,1,14
GOL,GOL,2007,1,15
GOL,GOL,2007,1,18
GOL,GOL,2007,1,19
GOL,GOL,2007,1,20
GOL,GOL,2007,1,21
GOL,GOL,2007,1,25
GOL,GOL,2007,1,26
GOL,GOL,2007,1,27
GOL,GOL,2007,1,28
GOL,GOL,2007,2,1
GOL,GOL,2007,2,2
GOL,GOL,2007,2,3
GOL,GOL,2007,2,4
GOL,GOL,2007,2,8
GOL,GOL,2007,2,9
GOL,GOL,2007,2,10
GOL,GOL,2007,2,11
GOL,GOL,2007,4,25
GOL,GOL,2007,4,26
GOL,GOL,2007,4,27
GOL,GOL,2007,4,28
GOL,GOL,2007,4,29
GOL,GOL,2007,5,2
GOL,GOL,2007,5,3
GOL,GOL,2007,5,4
GOL,GOL,2007,5,5
GOL,GOL,2007,5,6
GOL,GOL,2007,5,9
GOL,GOL,2007,5,10
GOL,GOL,2007,5,11
GOL,GOL,2007,5,12
GOL,GOL,2007,5,13
GOL,GOL,2007,5,16
GOL,GOL,2007,5,17
GOL,GOL,2007,5,18
GOL,GOL,2007,5,19
GOL,GOL,2007,5,20
GOL,GOL,2007,5,23
GOL,GOL,2007,5,24
GOL,GOL,2007,5,25
GOL,GOL,2007,5,26
GOL,GOL,2007,5,27
GOL,GOL,2007,5,28
GOL,GOL,2007,5,31
GOL,GOL,2007,6,1
GOL,GOL,2007,6,2
GOL,GOL,2007,6,3
GOL,GOL,2007,6,6
GOL,GOL,2007,6,7
GOL,GOL,2007,6,8
GOL,GOL,2007,6,9
GOL,GOL,2007,6,10
GOL,GOL,2007,11,7
GOL,GOL,2007,11,8
GOL,GOL,2007,11,9
GOL,GOL,2007,11,10
GOL,GOL,2007,11,11
GOL,GOL,2007,11,14
GOL,GOL,2007,11,15
GOL,GOL,2007,11,16
GOL,GOL,2007,11,17
GOL,GOL,2007,11,18
GOL,GOL,2007,11,22
GOL,GOL,2007,11,23
GOL,GOL,2007,11,25
GOL,GOL,2007,11,29
GOL,GOL,2007,11,30
GOL,GOL,2007,12,2
GOL,GOL,2007,12,6
GOL,GOL,2007,12,7
GOL,GOL,2007,12,9
GOL,GOL,2007,12,13
GOL,GOL,2007,12,14
GOL,GOL,2007,12,16
GOL,GOL,2007,12,21
GOL,GOL,2007,12,22
GOL,GOL,2007,12,26
GOL,GOL,2007,12,28
GOL,GOL,2007,12,29
GOL,GOL,2007,12,30
GOL,GOL,2007,12,31
GOL,GOL,2008,1,1
GOL,GOL,2008,1,3
GOL,GOL,2008,1,4
GOL,GOL,2008,1,5
GOL,GOL,2008,1,6
GOL,GOL,2008,1,7
GOL,GOL,2008,1,10
GOL,GOL,2008,1,11
GOL,GOL,2008,1,12
GOL,GOL,2008,1,13
GOL,GOL,2008,1,14
GOL,GOL,2008,1,17
GOL,GOL,2008,1,18
GOL,GOL,2008,1,19
GOL,GOL,2008,1,20
GOL,GOL,2008,1,21
GOL,GOL,2008,1,24
GOL,GOL,2008,1,25
GOL,GOL,2008,1,26
GOL,GOL,2008,1,27
GOL,GOL,2008,1,28
GOL,GOL,2008,1,31
GOL,GOL,2008,2,1
GOL,GOL,2008,2,2
GOL,GOL,2008,2,3
GOL,GOL,2008,5,14
GOL,GOL,2008,5,15
GOL,GOL,2008,5,16
GOL,GOL,2008,5,17
GOL,GOL,2008,5,18
GOL,GOL,2008,5,21
GOL,GOL,2008,5,22
GOL,GOL,2008,5,23
GOL,GOL,2008,5,24
GOL,GOL,2008,5,25
GOL,GOL,2008,5,26
GOL,GOL,2008,5,29
GOL,GOL,2008,5,30
GOL,GOL,2008,5,31
GOL,GOL,2008,6,1
GOL,GOL,2008,6,4
GOL,GOL,2008,6,5
GOL,GOL,2008,6,6
GOL,GOL,2008,6,7
GOL,GOL,2008,6,8
GOL,GOL,2008,6,11
GOL,GOL,2008,6,12
GOL,GOL,2008,6,13
GOL,GOL,2008,6,14
GOL,GOL,2008,6,15
GOL,GOL,2008,6,18
GOL,GOL,2008,6,19
GOL,GOL,2008,6,20
GOL,GOL,2008,6,21
GOL,GOL,2008,6,22
GOL,GOL,2008,9,17
GOL,GOL,2008,9,18
GOL,GOL,2008,9,19
GOL,GOL,2008,9,20
GOL,GOL,2008,9,21
GOL,GOL,2008,9,24
GOL,GOL,2008,9,25
GOL,GOL,2008,9,26
GOL,GOL,2008,9,27
GOL,GOL,2008,9,28
GOL,GOL,2008,10,3
GOL,GOL,2008,10,4
GOL,GOL,2008,10,5
GOL,GOL,2008,10,10
GOL,GOL,2008,10,11
GOL,GOL,2008,10,12
GOL,GOL,2008,10,13
GOL,GOL,2008,10,15
GOL,GOL,2008,10,16
GOL,GOL,2008,10,17
GOL,GOL,2008,10,18
GOL,GOL,2008,10,19
GOL,GOL,2008,10,22
GOL,GOL,2008,10,23
GOL,GOL,2008,10,24
GOL,GOL,2008,10,25
GOL,GOL,2008,10,26
GOL,GOL,2008,10,29
GOL,GOL,2008,10,30
GOL,GOL,2008,10,31
GOL,GOL,2008,11,1
GOL,GOL,2008,11,2
GOL,GOL,2008,11,5
GOL,GOL,2008,11,6
GOL,GOL,2008,11,7
GOL,GOL,2008,11,8
GOL,GOL,2008,11,9
GOL,GOL,2008,11,12
GOL,GOL,2008,11,13
GOL,GOL,2008,11,14
GOL,GOL,2008,11,15
GOL,GOL,2008,11,16
GOL,GOL,2008,11,19
GOL,GOL,2008,11,20
GOL,GOL,2008,11,21
GOL,GOL,2008,11,22
GOL,GOL,2008,11,23
GOL,GOL,2008,11,26
GOL,GOL,2008,11,27
GOL,GOL,2008,11,28
GOL,GOL,2008,11,29
GOL,GOL,2008,11,30
GOL,GOL,2008,12,3
GOL,GOL,2008,12,4
GOL,GOL,2008,12,5
GOL,GOL,2008,12,6
GOL,GOL,2008,12,7
GOL,GOL,2008,12,10
GOL,GOL,2008,12,11
GOL,GOL,2008,12,12
GOL,GOL,2008,12,13
GOL,GOL,2008,12,14
GOL,GOL,2008,12,17
GOL,GOL,2008,12,18
GOL,GOL,2008,12,19
GOL,GOL,2008,12,20
GOL,GOL,2008,12,21
GOL,GOL,2008,12,26
GOL,GOL,2008,12,27
GOL,GOL,2008,12,28
GOL,GOL,2008,12,29
GOL,GOL,2008,12,31
GOL,GOL,2009,1,1
GOL,GOL,2009,1,2
GOL,GOL,2009,1,3
GOL,GOL,2009,1,4
GOL,GOL,2009,1,8
GOL,GOL,2009,1,9
GOL,GOL,2009,1,10
GOL,GOL,2009,1,11
GOL,GOL,2009,1,15
GOL,GOL,2009,1,16
GOL,GOL,2009,1,17
GOL,GOL,2009,1,18
GOL,GOL,2009,1,19
GOL,GOL,2009,1,22
GOL,GOL,2009,1,23
GOL,GOL,2009,1,24
GOL,GOL,2009,1,25
GOL,GOL,2009,1,29
GOL,GOL,2009,1,30
GOL,GOL,2009,1,31
GOL,GOL,2009,2,1
GOL,GOL,2009,2,5
GOL,GOL,2009,2,6
GOL,GOL,2009,2,7
GOL,GOL,2009,2,8
GOL,GOL,2009,2,12
GOL,GOL,2009,2,13
GOL,GOL,2009,2,14
GOL,GOL,2009,2,15
GOL,GOL,2009,2,16
GOL,GOL,2009,2,19
GOL,GOL,2009,2,20
GOL,GOL,2009,2,21
GOL,GOL,2009,2,22
GOL,GOL,2009,2,26
GOL,GOL,2009,2,27
GOL,GOL,2009,2,28
GOL,GOL,2009,3,1
GOL,GOL,2009,3,4
GOL,GOL,2009,3,5
GOL,GOL,2009,3,6
GOL,GOL,2009,3,7
GOL,GOL,2009,3,8
GOL,GOL,2009,3,11
GOL,GOL,2009,3,12
GOL,GOL,2009,3,13
GOL,GOL,2009,3,14
GOL,GOL,2009,3,15
GOL,GOL,2009,3,18
GOL,GOL,2009,3,19
GOL,GOL,2009,3,20
GOL,GOL,2009,3,21
GOL,GOL,2009,3,22
GOL,GOL,2009,3,25
GOL,GOL,2009,3,27
GOL,GOL,2009,3,28
GOL,GOL,2009,3,29
GOL,GOL,2009,4,1
GOL,GOL,2009,4,2
GOL,GOL,2009,4,3
GOL,GOL,2009,4,4
GOL,GOL,2009,4,5
GOL,GOL,2009,4,8
GOL,GOL,2009,4,9
GOL,GOL,2009,4,10
GOL,GOL,2009,4,11
GOL,GOL,2009,4,12
GOL,GOL,2009,4,15
GOL,GOL,2009,4,16
GOL,GOL,2009,4,17
GOL,GOL,2009,4,18
GOL,GOL,2009,4,19
GOL,GOL,2009,4,22
GOL,GOL,2009,4,23
GOL,GOL,2009,4,24
GOL,GOL,2009,4,25
GOL,GOL,2009,4,26
GOL,GOL,2009,4,29
GOL,GOL,2009,4,30
GOL,GOL,2009,5,1
GOL,GOL,2009,5,2
GOL,GOL,2009,5,3
GOL,GOL,2009,5,6
GOL,GOL,2009,5,7
GOL,GOL,2009,5,8
GOL,GOL,2009,5,9
GOL,GOL,2009,5,10
GOL,GOL,2009,5,13
GOL,GOL,2009,5,14
GOL,GOL,2009,5,15
GOL,GOL,2009,5,16
GOL,GOL,2009,5,17
GOL,GOL,2009,5,20
GOL,GOL,2009,5,21
GOL,GOL,2009,5,22
GOL,GOL,2009,5,23
GOL,GOL,2009,5,24
GOL,GOL,2009,5,25
GOL,GOL,2009,5,29
GOL,GOL,2009,5,30
GOL,GOL,2009,5,31
GOL,GOL,2009,6,4
GOL,GOL,2009,6,5
GOL,GOL,2009,6,6
GOL,GOL,2009,6,7
GOL,GOL,2009,6,11
GOL,GOL,2009,6,12
GOL,GOL,2009,6,13
GOL,GOL,2009,6,14
GOL,GOL,2009,8,12
GOL,GOL,2009,8,13
GOL,GOL,2009,8,14
GOL,GOL,2009,8,15
GOL,GOL,2009,8,16
GOL,GOL,2009,8,19
GOL,GOL,2009,8,20
GOL,GOL,2009,8,21
GOL,GOL,2009,8,22
GOL,GOL,2009,8,23
GOL,GOL,2009,9,9
GOL,GOL,2009,9,11
GOL,GOL,2009,9,12
GOL,GOL,2009,9,13
GOL,GOL,2009,9,17
GOL,GOL,2009,9,18
GOL,GOL,2009,9,19
GOL,GOL,2009,9,20
GOL,GOL,2009,9,24
GOL,GOL,2009,9,25
GOL,GOL,2009,9,26
GOL,GOL,2009,9,27
GOL,GOL,2009,9,30
GOL,GOL,2009,10,1
GOL,GOL,2009,10,2
GOL,GOL,2009,10,3
GOL,GOL,2009,10,4
GOL,GOL,2009,10,21
GOL,GOL,2009,10,22
GOL,GOL,2009,10,23
GOL,GOL,2009,10,24
GOL,GOL,2009,10,25
GOL,GOL,2009,10,28
GOL,GOL,2009,10,29
GOL,GOL,2009,10,30
GOL,GOL,2009,10,31
GOL,GOL,2009,11,1
GOL,GOL,2009,11,4
GOL,GOL,2009,11,5
GOL,GOL,2009,11,6
GOL,GOL,2009,11,7
GOL,GOL,2009,11,8
GOL,GOL,2009,11,13
GOL,GOL,2009,11,14
GOL,GOL,2009,11,15
GOL,GOL,2009,11,18
GOL,GOL,2009,11,19
GOL,GOL,2009,11,20
GOL,GOL,2009,11,21
GOL,GOL,2009,11,22
GOL,GOL,2009,11,25
GOL,GOL,2009,11,26
GOL,GOL,2009,11,27
GOL,GOL,2009,11,28
GOL,GOL,2009,11,29
GOL,GOL,2009,12,2
GOL,GOL,2009,12,3
GOL,GOL,2009,12,4
GOL,GOL,2009,12,5
GOL,GOL,2009,12,6
GOL,GOL,2009,12,9
GOL,GOL,2009,12,10
GOL,GOL,2009,12,11
GOL,GOL,2009,12,12
GOL,GOL,2009,12,13
GOL,GOL,2009,12,17
GOL,GOL,2009,12,18
GOL,GOL,2009,12,19
GOL,GOL,2009,12,20
GOL,GOL,2010,1,22
GOL,GOL,2010,1,23
GOL,GOL,2010,1,24
GOL,GOL,2010,1,28
GOL,GOL,2010,1,29
GOL,GOL,2010,1,30
GOL,GOL,2010,1,31
GOL,GOL,2010,2,4
GOL,GOL,2010,2,5
GOL,GOL,2010,2,6
GOL,GOL,2010,2,7
GOL,GOL,2010,2,11
GOL,GOL,2010,2,12
GOL,GOL,2010,2,13
GOL,GOL,2010,2,14
GOL,GOL,2010,2,15
GOL,GOL,2010,2,18
GOL,GOL,2010,2,19
GOL,GOL,2010,2,20
GOL,GOL,2010,2,21
GOL,GOL,2010,2,25
GOL,GOL,2010,2,26
GOL,GOL,2010,2,27
GOL,GOL,2010,2,28
GOL,GOL,2010,3,4
GOL,GOL,2010,3,5
GOL,GOL,2010,3,6
GOL,GOL,2010,3,7
GOL,GOL,2010,3,11
GOL,GOL,2010,3,12
GOL,GOL,2010,3,13
GOL,GOL,2010,3,14
GOL,GOL,2010,3,18
GOL,GOL,2010,3,19
GOL,GOL,2010,3,20
GOL,GOL,2010,3,21
GOL,GOL,2010,3,25
GOL,GOL,2010,3,26
GOL,GOL,2010,3,27
GOL,GOL,2010,3,28
GOL,GOL,2010,4,1
GOL,GOL,2010,4,2
GOL,GOL,2010,4,3
GOL,GOL,2010,4,4
GOL,GOL,2010,4,8
GOL,GOL,2010,4,9
GOL,GOL,2010,4,10
GOL,GOL,2010,4,11
GOL,GOL,2010,4,15
GOL,GOL,2010,4,16
GOL,GOL,2010,4,17
GOL,GOL,2010,4,18
GOL,GOL,2010,4,21
GOL,GOL,2010,4,23
GOL,GOL,2010,4,24
GOL,GOL,2010,4,25
GOL,GOL,2010,4,28
GOL,GOL,2010,4,30
GOL,GOL,2010,5,1
GOL,GOL,2010,5,2
GOL,GOL,2010,5,6
GOL,GOL,2010,5,7
GOL,GOL,2010,5,8
GOL,GOL,2010,5,9
GOL,GOL,2010,5,13
GOL,GOL,2010,5,14
GOL,GOL,2010,5,15
GOL,GOL,2010,5,16
GOL,GOL,2010,5,19
GOL,GOL,2010,5,20
GOL,GOL,2010,5,21
GOL,GOL,2010,5,22
GOL,GOL,2010,5,23
GOL,GOL,2010,5,27
GOL,GOL,2010,5,28
GOL,GOL,2010,5,29
GOL,GOL,2010,5,30
GOL,GOL,2010,5,31
GOL,GOL,2010,6,3
GOL,GOL,2010,6,4
GOL,GOL,2010,6,5
GOL,GOL,2010,6,6
GOL,GOL,2010,6,9
GOL,GOL,2010,6,10
GOL,GOL,2010,6,11
GOL,GOL,2010,6,12
GOL,GOL,2010,6,13
GOL,GOL,2010,8,25
GOL,GOL,2010,8,26
GOL,GOL,2010,8,27
GOL,GOL,2010,8,28
GOL,GOL,2010,8,29
GOL,GOL,2010,9,1
GOL,GOL,2010,9,2
GOL,GOL,2010,9,3
GOL,GOL,2010,9,4
GOL,GOL,2010,9,5
GOL,GOL,2010,9,6
GOL,GOL,2010,9,8
GOL,GOL,2010,9,10
GOL,GOL,2010,9,11
GOL,GOL,2010,9,12
GOL,GOL,2010,9,16
GOL,GOL,2010,9,17
GOL,GOL,2010,9,18
GOL,GOL,2010,9,19
GOL,GOL,2010,9,23
GOL,GOL,2010,9,24
GOL,GOL,2010,9,25
GOL,GOL,2010,9,26
GOL,GOL,2010,9,30
GOL,GOL,2010,10,1
GOL,GOL,2010,10,2
GOL,GOL,2010,10,3
GOL,GOL,2010,10,20
GOL,GOL,2010,10,21
GOL,GOL,2010,10,22
GOL,GOL,2010,10,23
GOL,GOL,2010,10,24
GOL,GOL,2010,10,27
GOL,GOL,2010,10,28
GOL,GOL,2010,10,29
GOL,GOL,2010,10,30
GOL,GOL,2010,10,31
GOL,GOL,2010,11,3
GOL,GOL,2010,11,4
GOL,GOL,2010,11,5
GOL,GOL,2010,11,6
GOL,GOL,2010,11,7
GOL,GOL,2010,11,10
GOL,GOL,2010,11,11
GOL,GOL,2010,11,12
GOL,GOL,2010,11,13
GOL,GOL,2010,11,14
GOL,GOL,2010,11,17
GOL,GOL,2010,11,18
GOL,GOL,2010,11,19
GOL,GOL,2010,11,20
GOL,GOL,2010,11,21
GOL,GOL,2010,11,25
GOL,GOL,2010,11,26
GOL,GOL,2010,11,27
GOL,GOL,2010,11,28
GOL,GOL,2010,12,1
GOL,GOL,2010,12,2
GOL,GOL,2010,12,3
GOL,GOL,2010,12,4
GOL,GOL,2010,12,5
GOL,GOL,2010,12,9
GOL,GOL,2010,12,10
GOL,GOL,2010,12,11
GOL,GOL,2010,12,12
GOL,GOL,2010,12,16
GOL,GOL,2010,12,17
GOL,GOL,2010,12,18
GOL,GOL,2010,12,19
GOL,GOL,2010,12,26
GOL,GOL,2010,12,29
GOL,GOL,2010,12,30
GOL,GOL,2010,12,31
GOL,GOL,2011,1,1
GOL,GOL,2011,1,2
GOL,GOL,2011,1,6
GOL,GOL,2011,1,7
GOL,GOL,2011,1,8
GOL,GOL,2011,1,9
GOL,GOL,2011,1,13
GOL,GOL,2011,1,14
GOL,GOL,2011,1,15
GOL,GOL,2011,1,16
GOL,GOL,2011,1,17
GOL,GOL,2011,1,21
GOL,GOL,2011,1,22
GOL,GOL,2011,1,23
GOL,GOL,2011,1,27
GOL,GOL,2011,1,28
GOL,GOL,2011,1,29
GOL,GOL,2011,1,30
GOL,GOL,2011,2,3
GOL,GOL,2011,2,4
GOL,GOL,2011,2,5
GOL,GOL,2011,2,6
GOL,GOL,2011,2,10
GOL,GOL,2011,2,11
GOL,GOL,2011,2,12
GOL,GOL,2011,2,13
GOL,GOL,2011,2,17
GOL,GOL,2011,2,18
GOL,GOL,2011,2,19
GOL,GOL,2011,2,20
GOL,GOL,2011,2,21
GOL,GOL,2011,2,25
GOL,GOL,2011,2,26
GOL,GOL,2011,2,27
GOL,GOL,2011,3,3
GOL,GOL,2011,3,4
GOL,GOL,2011,3,5
GOL,GOL,2011,3,6
GOL,GOL,2011,3,10
GOL,GOL,2011,3,11
GOL,GOL,2011,3,12
GOL,GOL,2011,3,13
GOL,GOL,2011,3,17
GOL,GOL,2011,3,18
GOL,GOL,2011,3,19
GOL,GOL,2011,3,20
GOL,GOL,2011,3,24
GOL,GOL,2011,3,25
GOL,GOL,2011,3,26
GOL,GOL,2011,3,27
GOL,GOL,2011,3,31
GOL,GOL,2011,4,1
GOL,GOL,2011,4,2
GOL,GOL,2011,4,3
GOL,GOL,2011,4,7
GOL,GOL,2011,4,8
GOL,GOL,2011,4,9
GOL,GOL,2011,4,10
GOL,GOL,2011,4,14
GOL,GOL,2011,4,15
GOL,GOL,2011,4,16
GOL,GOL,2011,4,17
GOL,GOL,2011,4,21
GOL,GOL,2011,4,22
GOL,GOL,2011,4,23
GOL,GOL,2011,4,24
GOL,GOL,2011,4,28
GOL,GOL,2011,4,29
GOL,GOL,2011,4,30
GOL,GOL,2011,5,1
GOL,GOL,2011,5,5
GOL,GOL,2011,5,6
GOL,GOL,2011,5,7
GOL,GOL,2011,5,8
GOL,GOL,2011,5,12
GOL,GOL,2011,5,13
GOL,GOL,2011,5,14
GOL,GOL,2011,5,15
GOL,GOL,2011,5,19
GOL,GOL,2011,5,20
GOL,GOL,2011,5,21
GOL,GOL,2011,5,22
GOL,GOL,2011,5,26
GOL,GOL,2011,5,27
GOL,GOL,2011,5,28
GOL,GOL,2011,5,29
GOL,GOL,2011,5,30
GOL,GOL,2011,6,2
GOL,GOL,2011,6,3
GOL,GOL,2011,6,4
GOL,GOL,2011,6,5
GOL,GOL,2011,6,9
GOL,GOL,2011,6,10
GOL,GOL,2011,6,11
GOL,GOL,2011,6,12
GOL,GOL,2011,8,19
GOL,GOL,2011,8,20
GOL,GOL,2011,8,21
GOL,GOL,2011,8,26
GOL,GOL,2011,8,27
GOL,GOL,2011,8,28
GOL,GOL,2011,9,2
GOL,GOL,2011,9,3
GOL,GOL,2011,9,4
GOL,GOL,2011,9,5
GOL,GOL,2011,9,9
GOL,GOL,2011,9,10
GOL,GOL,2011,9,11
GOL,GOL,2011,9,16
GOL,GOL,2011,9,17
GOL,GOL,2011,9,18
GOL,GOL,2011,9,23
GOL,GOL,2011,9,24
GOL,GOL,2011,9,25
GOL,GOL,2011,9,30
GOL,GOL,2011,10,1
GOL,GOL,2011,10,2
GOL,GOL,2011,10,20
GOL,GOL,2011,10,21
GOL,GOL,2011,10,22
GOL,GOL,2011,10,23
GOL,GOL,2011,10,27
GOL,GOL,2011,10,28
GOL,GOL,2011,10,29
GOL,GOL,2011,10,30
GOL,GOL,2011,11,3
GOL,GOL,2011,11,4
GOL,GOL,2011,11,5
GOL,GOL,2011,11,6
GOL,GOL,2011,11,10
GOL,GOL,2011,11,11
GOL,GOL,2011,11,12
GOL,GOL,2011,11,13
GOL,GOL,2011,11,17
GOL,GOL,2011,11,18
GOL,GOL,2011,11,19
GOL,GOL,2011,11,20
GOL,GOL,2011,11,24
GOL,GOL,2011,11,25
GOL,GOL,2011,11,26
GOL,GOL,2011,11,27
GOL,GOL,2011,12,1
GOL,GOL,2011,12,2
GOL,GOL,2011,12,3
GOL,GOL,2011,12,4
GOL,GOL,2011,12,8
GOL,GOL,2011,12,9
GOL,GOL,2011,12,10
GOL,GOL,2011,12,11
GOL,GOL,2011,12,15
GOL,GOL,2011,12,16
GOL,GOL,2011,12,17
GOL,GOL,2011,12,18
GOL,GOL,2011,12,26
GOL,GOL,2011,12,29
GOL,GOL,2011,12,30
GOL,GOL,2011,12,31
GOL,GOL,2012,1,1
GOL,GOL,2012,1,2
GOL,GOL,2012,1,6
GOL,GOL,2012,1,7
GOL,GOL,2012,1,8
GOL,GOL,2012,1,12
GOL,GOL,2012,1,13
GOL,GOL,2012,1,14
GOL,GOL,2012,1,15
GOL,GOL,2012,1,16
GOL,GOL,2012,1,20
GOL,GOL,2012,1,21
GOL,GOL,2012,1,22
GOL,GOL,2012,1,26
GOL,GOL,2012,1,27
GOL,GOL,2012,1,28
GOL,GOL,2012,1,29
GOL,GOL,2012,2,2
GOL,GOL,2012,2,3
GOL,GOL,2012,2,4
GOL,GOL,2012,2,5
GOL,GOL,2012,2,9
GOL,GOL,2012,2,10
GOL,GOL,2012,2,11
GOL,GOL,2012,2,12
GOL,GOL,2012,2,16
GOL,GOL,2012,2,17
GOL,GOL,2012,2,18
GOL,GOL,2012,2,19
GOL,GOL,2012,2,20
GOL,GOL,2012,2,24
GOL,GOL,2012,2,25
GOL,GOL,2012,2,26
GOL,GOL,2012,3,1
GOL,GOL,2012,3,2
GOL,GOL,2012,3,3
GOL,GOL,2012,3,4
GOL,GOL,2012,3,8
GOL,GOL,2012,3,9
GOL,GOL,2012,3,10
GOL,GOL,2012,3,11
GOL,GOL,2012,3,15
GOL,GOL,2012,3,16
GOL,GOL,2012,3,17
GOL,GOL,2012,3,18
GOL,GOL,2012,3,22
GOL,GOL,2012,3,23
GOL,GOL,2012,3,24
GOL,GOL,2012,3,25
GOL,GOL,2012,3,29
GOL,GOL,2012,3,30
GOL,GOL,2012,3,31
GOL,GOL,2012,4,1
GOL,GOL,2012,4,5
GOL,GOL,2012,4,6
GOL,GOL,2012,4,7
GOL,GOL,2012,4,8
GOL,GOL,2012,4,12
GOL,GOL,2012,4,13
GOL,GOL,2012,4,14
GOL,GOL,2012,4,15
GOL,GOL,2012,4,19
GOL,GOL,2012,4,20
GOL,GOL,2012,4,21
GOL,GOL,2012,4,22
GOL,GOL,2012,4,26
GOL,GOL,2012,4,27
GOL,GOL,2012,4,28
GOL,GOL,2012,4,29
GOL,GOL,2012,5,3
GOL,GOL,2012,5,4
GOL,GOL,2012,5,5
GOL,GOL,2012,5,6
GOL,GOL,2012,5,10
GOL,GOL,2012,5,11
GOL,GOL,2012,5,12
GOL,GOL,2012,5,13
GOL,GOL,2012,5,17
GOL,GOL,2012,5,18
GOL,GOL,2012,5,19
GOL,GOL,2012,5,20
GOL,GOL,2012,5,24
GOL,GOL,2012,5,25
GOL,GOL,2012,5,26
GOL,GOL,2012,5,27
GOL,GOL,2012,5,28
GOL,GOL,2012,6,1
GOL,GOL,2012,6,2
GOL,GOL,2012,6,3
GOL,GOL,2012,6,7
GOL,GOL,2012,6,8
GOL,GOL,2012,6,9
GOL,GOL,2012,6,10
GOL,GOL,2012,6,14
GOL,GOL,2012,6,15
GOL,GOL,2012,6,16
GOL,GOL,2012,6,17
GOL,GOL,2012,8,17
GOL,GOL,2012,8,18
GOL,GOL,2012,8,19
GOL,GOL,2012,8,24
GOL,GOL,2012,8,25
GOL,GOL,2012,8,26
GOL,GOL,2012,8,31
GOL,GOL,2012,9,1
GOL,GOL,2012,9,2
GOL,GOL,2012,9,3
GOL,GOL,2012,9,5
GOL,GOL,2012,9,7
GOL,GOL,2012,9,8
GOL,GOL,2012,9,9
GOL,GOL,2012,9,14
GOL,GOL,2012,9,15
GOL,GOL,2012,9,16
GOL,GOL,2012,10,18
GOL,GOL,2012,10,19
GOL,GOL,2012,10,20
GOL,GOL,2012,10,21
GOL,GOL,2012,10,25
GOL,GOL,2012,10,26
GOL,GOL,2012,10,27
GOL,GOL,2012,10,28
GOL,GOL,2012,11,1
GOL,GOL,2012,11,2
GOL,GOL,2012,11,3
GOL,GOL,2012,11,4
GOL,GOL,2012,11,8
GOL,GOL,2012,11,9
GOL,GOL,2012,11,10
GOL,GOL,2012,11,11
GOL,GOL,2012,11,15
GOL,GOL,2012,11,16
GOL,GOL,2012,11,17
GOL,GOL,2012,11,18
GOL,GOL,2012,11,22
GOL,GOL,2012,11,23
GOL,GOL,2012,11,24
GOL,GOL,2012,11,25
GOL,GOL,2012,11,29
GOL,GOL,2012,11,30
GOL,GOL,2012,12,1
GOL,GOL,2012,12,2
GOL,GOL,2012,12,6
GOL,GOL,2012,12,7
GOL,GOL,2012,12,8
GOL,GOL,2012,12,9
GOL,GOL,2012,12,14
GOL,GOL,2012,12,15
GOL,GOL,2012,12,16
GOL,GOL,2012,12,26
GOL,GOL,2012,12,28
GOL,GOL,2012,12,29
GOL,GOL,2012,12,30
GOL,GOL,2012,12,31
GOL,GOL,2013,1,1
GOL,GOL,2013,1,4
GOL,GOL,2013,1,5
GOL,GOL,2013,1,6
GOL,GOL,2013,1,10
GOL,GOL,2013,1,11
GOL,GOL,2013,1,12
GOL,GOL,2013,1,13
GOL,GOL,2013,1,17
GOL,GOL,2013,1,18
GOL,GOL,2013,1,19
GOL,GOL,2013,1,20
GOL,GOL,2013,1,21
GOL,GOL,2013,1,25
GOL,GOL,2013,1,26
GOL,GOL,2013,1,27
GOL,GOL,2013,1,31
GOL,GOL,2013,2,1
GOL,GOL,2013,2,2
GOL,GOL,2013,2,3
GOL,GOL,2013,2,7
GOL,GOL,2013,2,8
GOL,GOL,2013,2,9
GOL,GOL,2013,2,10
GOL,GOL,2013,2,14
GOL,GOL,2013,2,15
GOL,GOL,2013,2,16
GOL,GOL,2013,2,17
GOL,GOL,2013,2,18
GOL,GOL,2013,2,22
GOL,GOL,2013,2,23
GOL,GOL,2013,2,24
GOL,GOL,2013,2,28
GOL,GOL,2013,3,1
GOL,GOL,2013,3,2
GOL,GOL,2013,3,3
GOL,GOL,2013,3,7
GOL,GOL,2013,3,8
GOL,GOL,2013,3,9
GOL,GOL,2013,3,10
GOL,GOL,2013,3,14
GOL,GOL,2013,3,15
GOL,GOL,2013,3,16
GOL,GOL,2013,3,17
GOL,GOL,2013,3,21
GOL,GOL,2013,3,22
GOL,GOL,2013,3,23
GOL,GOL,2013,3,24
GOL,GOL,2013,3,28
GOL,GOL,2013,3,29
GOL,GOL,2013,3,30
GOL,GOL,2013,3,31
GOL,GOL,2013,4,4
GOL,GOL,2013,4,5
GOL,GOL,2013,4,6
GOL,GOL,2013,4,7
GOL,GOL,2013,4,11
GOL,GOL,2013,4,12
GOL,GOL,2013,4,13
GOL,GOL,2013,4,14
GOL,GOL,2013,4,18
GOL,GOL,2013,4,19
GOL,GOL,2013,4,20
GOL,GOL,2013,4,21
GOL,GOL,2013,4,25
GOL,GOL,2013,4,26
GOL,GOL,2013,4,27
GOL,GOL,2013,4,28
GOL,GOL,2013,5,2
GOL,GOL,2013,5,3
GOL,GOL,2013,5,4
GOL,GOL,2013,5,5
GOL,GOL,2013,5,9
GOL,GOL,2013,5,10
GOL,GOL,2013,5,11
GOL,GOL,2013,5,12
GOL,GOL,2013,5,16
GOL,GOL,2013,5,17
GOL,GOL,2013,5,18
GOL,GOL,2013,5,19
GOL,GOL,2013,5,23
GOL,GOL,2013,5,24
GOL,GOL,2013,5,25
GOL,GOL,2013,5,26
GOL,GOL,2013,5,27
GOL,GOL,2013,5,31
GOL,GOL,2013,6,1
GOL,GOL,2013,6,2
GOL,GOL,2013,6,6
GOL,GOL,2013,6,7
GOL,GOL,2013,6,8
GOL,GOL,2013,6,9
GOL,GOL,2013,6,13
GOL,GOL,2013,6,14
GOL,GOL,2013,6,15
GOL,GOL,2013,6,16
GOL,GOL,2013,8,16
GOL,GOL,2013,8,17
GOL,GOL,2013,8,18
GOL,GOL,2013,8,22
GOL,GOL,2013,8,23
GOL,GOL,2013,8,24
GOL,GOL,2013,8,25
GOL,GOL,2013,8,29
GOL,GOL,2013,8,30
GOL,GOL,2013,8,31
GOL,GOL,2013,9,1
GOL,GOL,2013,9,2
GOL,GOL,2013,9,4
GOL,GOL,2013,9,6
GOL,GOL,2013,9,7
GOL,GOL,2013,9,8
GOL,GOL,2013,9,13
GOL,GOL,2013,9,14
GOL,GOL,2013,9,15
GOL,GOL,2013,10,17
GOL,GOL,2013,10,18
GOL,GOL,2013,10,19
GOL,GOL,2013,10,20
GOL,GOL,2013,10,24
GOL,GOL,2013,10,25
GOL,GOL,2013,10,26
GOL,GOL,2013,10,27
GOL,GOL,2013,10,31
GOL,GOL,2013,11,1
GOL,GOL,2013,11,2
GOL,GOL,2013,11,3
GOL,GOL,2013,11,7
GOL,GOL,2013,11,8
GOL,GOL,2013,11,9
GOL,GOL,2013,11,10
GOL,GOL,2013,11,11
GOL,GOL,2013,11,15
GOL,GOL,2013,11,16
GOL,GOL,2013,11,17
GOL,GOL,2013,11,21
GOL,GOL,2013,11,22
GOL,GOL,2013,11,23
GOL,GOL,2013,11,24
GOL,GOL,2013,11,28
GOL,GOL,2013,11,29
GOL,GOL,2013,11,30
GOL,GOL,2013,12,1
GOL,GOL,2013,12,5
GOL,GOL,2013,12,6
GOL,GOL,2013,12,7
GOL,GOL,2013,12,8
GOL,GOL,2013,12,12
GOL,GOL,2013,12,13
GOL,GOL,2013,12,14
GOL,GOL,2013,12,15
GOL,GOL,2013,12,26
GOL,GOL,2013,12,27
GOL,GOL,2013,12,28
GOL,GOL,2013,12,29
GOL,GOL,2014,1,1
GOL,GOL,2014,1,2
GOL,GOL,2014,1,3
GOL,GOL,2014,1,4
GOL,GOL,2014,1,5
GOL,GOL,2014,1,9
GOL,GOL,2014,1,10
GOL,GOL,2014,1,11
GOL,GOL,2014,1,12
GOL,GOL,2014,1,16
GOL,GOL,2014,1,17
GOL,GOL,2014,1,18
GOL,GOL,2014,1,19
GOL,GOL,2014,1,20
GOL,GOL,2014,1,24
GOL,GOL,2014,1,25
GOL,GOL,2014,1,26
GOL,GOL,2014,1,30
GOL,GOL,2014,1,31
GOL,GOL,2014,2,1
GOL,GOL,2014,2,2
GOL,GOL,2014,2,6
GOL,GOL,2014,2,7
GOL,GOL,2014,2,8
GOL,GOL,2014,2,9
GOL,GOL,2014,2,13
GOL,GOL,2014,2,14
GOL,GOL,2014,2,15
GOL,GOL,2014,2,16
GOL,GOL,2014,2,17
GOL,GOL,2014,2,21
GOL,GOL,2014,2,22
GOL,GOL,2014,2,23
GOL,GOL,2014,2,27
GOL,GOL,2014,2,28
GOL,GOL,2014,3,1
GOL,GOL,2014,3,2
GOL,GOL,2014,3,6
GOL,GOL,2014,3,7
GOL,GOL,2014,3,8
GOL,GOL,2014,3,9
GOL,GOL,2014,3,13
GOL,GOL,2014,3,14
GOL,GOL,2014,3,15
GOL,GOL,2014,3,16
GOL,GOL,2014,3,20
GOL,GOL,2014,3,21
GOL,GOL,2014,3,22
GOL,GOL,2014,3,23
GOL,GOL,2014,3,27
GOL,GOL,2014,3,28
GOL,GOL,2014,3,29
GOL,GOL,2014,3,30
GOL,GOL,2014,4,3
GOL,GOL,2014,4,4
GOL,GOL,2014,4,5
GOL,GOL,2014,4,6
GOL,GOL,2014,4,10
GOL,GOL,2014,4,11
GOL,GOL,2014,4,12
GOL,GOL,2014,4,13
GOL,GOL,2014,4,18
GOL,GOL,2014,4,19
GOL,GOL,2014,4,20
GOL,GOL,2014,4,25
GOL,GOL,2014,4,26
GOL,GOL,2014,4,27
GOL,GOL,2014,5,1
GOL,GOL,2014,5,2
GOL,GOL,2014,5,3
GOL,GOL,2014,5,4
GOL,GOL,2014,5,8
GOL,GOL,2014,5,9
GOL,GOL,2014,5,10
GOL,GOL,2014,5,11
GOL,GOL,2014,5,15
GOL,GOL,2014,5,16
GOL,GOL,2014,5,17
GOL,GOL,2014,5,18
GOL,GOL,2014,5,22
GOL,GOL,2014,5,23
GOL,GOL,2014,5,24
GOL,GOL,2014,5,25
GOL,GOL,2014,5,26
GOL,GOL,2014,5,30
GOL,GOL,2014,5,31
GOL,GOL,2014,6,1
GOL,GOL,2014,6,5
GOL,GOL,2014,6,6
GOL,GOL,2014,6,7
GOL,GOL,2014,6,8
GOL,GOL,2014,6,12
GOL,GOL,2014,6,13
GOL,GOL,2014,6,14
GOL,GOL,2014,6,15
GOL,GOL,2014,8,15
GOL,GOL,2014,8,16
GOL,GOL,2014,8,17
GOL,GOL,2014,8,22
GOL,GOL,2014,8,23
GOL,GOL,2014,8,24
GOL,GOL,2014,8,28
GOL,GOL,2014,8,29
GOL,GOL,2014,8,30
GOL,GOL,2014,8,31
GOL,GOL,2014,9,1
GOL,GOL,2014,9,3
GOL,GOL,2014,9,5
GOL,GOL,2014,9,6
GOL,GOL,2014,9,7
GOL,GOL,2014,9,11
GOL,GOL,2014,9,12
GOL,GOL,2014,9,13
GOL,GOL,2014,9,14
GOL,GOL,2014,10,16
GOL,GOL,2014,10,17
GOL,GOL,2014,10,18
GOL,GOL,2014,10,19
GOL,GOL,2014,10,23
GOL,GOL,2014,10,24
GOL,GOL,2014,10,25
GOL,GOL,2014,10,26
GOL,GOL,2014,10,30
GOL,GOL,2014,10,31
GOL,GOL,2014,11,1
GOL,GOL,2014,11,2
GOL,GOL,2014,11,7
GOL,GOL,2014,11,8
GOL,GOL,2014,11,9
GOL,GOL,2014,11,13
GOL,GOL,2014,11,14
GOL,GOL,2014,11,15
GOL,GOL,2014,11,16
GOL,GOL,2014,11,20
GOL,GOL,2014,11,21
GOL,GOL,2014,11,22
GOL,GOL,2014,11,23
GOL,GOL,2014,11,27
GOL,GOL,2014,11,28
GOL,GOL,2014,11,29
GOL,GOL,2014,11,30
GOL,GOL,2015,3,28
GOL,GOL,2015,3,29
GOL,GOL,2015,4,2
GOL,GOL,2015,4,3
GOL,GOL,2015,4,4
GOL,GOL,2015,4,5
GOL,GOL,2015,4,9
GOL,GOL,2015,4,10
GOL,GOL,2015,4,11
GOL,GOL,2015,4,12
GOL,GOL,2015,4,16
GOL,GOL,2015,4,17
GOL,GOL,2015,4,18
GOL,GOL,2015,4,19
GOL,GOL,2015,4,25
GOL,GOL,2015,4,26
GOL,GOL,2015,4,30
GOL,GOL,2015,5,1
GOL,GOL,2015,5,2
GOL,GOL,2015,5,3
GOL,GOL,2015,5,7
GOL,GOL,2015,5,8
GOL,GOL,2015,5,9
GOL,GOL,2015,5,10
GOL,GOL,2015,5,14
GOL,GOL,2015,5,15
GOL,GOL,2015,5,16
GOL,GOL,2015,5,17
GOL,GOL,2015,5,21
GOL,GOL,2015,5,22
GOL,GOL,2015,5,23
GOL,GOL,2015,5,24
GOL,GOL,2015,5,25
GOL,GOL,2015,5,29
GOL,GOL,2015,5,30
GOL,GOL,2015,5,31
GOL,GOL,2015,6,4
GOL,GOL,2015,6,5
GOL,GOL,2015,6,6
GOL,GOL,2015,6,7
GOL,GOL,2015,6,11
GOL,GOL,2015,6,12
GOL,GOL,2015,6,13
GOL,GOL,2015,6,14
GOL,GOL,2015,8,21
GOL,GOL,2015,8,22
GOL,GOL,2015,8,23
GOL,GOL,2015,8,28
GOL,GOL,2015,8,29
GOL,GOL,2015,8,30
GOL,GOL,2015,9,3
GOL,GOL,2015,9,4
GOL,GOL,2015,9,5
GOL,GOL,2015,9,6
GOL,GOL,2015,9,7
GOL,GOL,2015,9,24
GOL,GOL,2015,9,25
GOL,GOL,2015,9,26
GOL,GOL,2015,9,27
GOL,GOL,2015,10,1
GOL,GOL,2015,10,2
GOL,GOL,2015,10,3
GOL,GOL,2015,10,4
GOL,GOL,2015,10,22
GOL,GOL,2015,10,23
GOL,GOL,2015,10,24
GOL,GOL,2015,10,25
GOL,GOL,2015,10,29
GOL,GOL,2015,10,30
GOL,GOL,2015,10,31
GOL,GOL,2015,11,1
GOL,GOL,2015,11,5
GOL,GOL,2015,11,6
GOL,GOL,2015,11,7
GOL,GOL,2015,11,8
GOL,GOL,2015,11,12
GOL,GOL,2015,11,13
GOL,GOL,2015,11,14
GOL,GOL,2015,11,15
GOL,GOL,2015,11,19
GOL,GOL,2015,11,20
GOL,GOL,2015,11,21
GOL,GOL,2015,11,22
GUL,GUL,1999,11,5
GUL,GUL,1999,11,6
GUL,GUL,1999,11,7
GUL,GUL,2001,1,3
GUL,GUL,2001,1,4
GUL,GUL,2001,1,5
GUL,GUL,2001,1,6
GUL,GUL,2001,1,7
GUL,GUL,2001,1,8
GUL,GUL,2001,1,10
GUL,GUL,2001,1,11
GUL,GUL,2001,1,12
GUL,GUL,2001,1,13
GUL,GUL,2001,1,14
GUL,GUL,2001,1,15
GUL,GUL,2001,1,17
GUL,GUL,2001,1,18
GUL,GUL,2001,1,19
GUL,GUL,2001,1,20
GUL,GUL,2001,1,21
GUL,GUL,2001,1,24
GUL,GUL,2001,1,25
GUL,GUL,2001,1,26
GUL,GUL,2001,1,31
GUL,GUL,2001,2,1
GUL,GUL,2001,2,2
GUL,GUL,2001,2,3
GUL,GUL,2001,2,4
GUL,GUL,2001,2,5
GUL,GUL,2001,2,7
GUL,GUL,2001,2,8
GUL,GUL,2001,2,9
GUL,GUL,2001,2,10
GUL,GUL,2001,2,11
GUL,GUL,2001,2,12
GUL,GUL,2001,2,21
GUL,GUL,2001,2,23
GUL,GUL,2001,2,24
GUL,GUL,2001,2,26
GUL,GUL,2001,2,28
GUL,GUL,2001,3,1
GUL,GUL,2001,3,2
GUL,GUL,2001,3,3
GUL,GUL,2001,3,4
GUL,GUL,2001,3,5
GUL,GUL,2001,3,7
GUL,GUL,2001,3,8
GUL,GUL,2001,3,9
GUL,GUL,2001,3,10
GUL,GUL,2001,3,11
GUL,GUL,2001,3,12
GUL,GUL,2001,3,14
GUL,GUL,2001,3,15
GUL,GUL,2001,3,16
GUL,GUL,2002,1,3
GUL,GUL,2002,1,4
GUL,GUL,2002,1,5
GUL,GUL,2002,1,7
GUL,GUL,2002,1,9
GUL,GUL,2002,1,10
GUL,GUL,2002,1,12
GUL,GUL,2002,1,13
GUL,GUL,2002,1,14
GUL,GUL,2002,1,16
GUL,GUL,2002,1,17
GUL,GUL,2002,1,19
GUL,GUL,2002,1,20
GUL,GUL,2002,1,21
GUL,GUL,2002,1,23
GUL,GUL,2002,1,24
GUL,GUL,2002,1,25
GUL,GUL,2002,1,26
GUL,GUL,2002,1,28
GUL,GUL,2002,1,30
GUL,GUL,2002,1,31
GUL,GUL,2002,2,1
GUL,GUL,2002,2,2
GUL,GUL,2002,2,3
GUL,GUL,2002,2,4
GUL,GUL,2002,2,6
GUL,GUL,2002,2,7
GUL,GUL,2002,2,8
GUL,GUL,2002,2,9
GUL,GUL,2002,2,10
GUL,GUL,2002,2,11
GUL,GUL,2002,2,14
GUL,GUL,2002,2,15
GUL,GUL,2002,2,16
GUL,GUL,2002,2,17
GUL,GUL,2002,2,18
GUL,GUL,2002,2,20
GUL,GUL,2002,2,21
GUL,GUL,2002,2,22
GUL,GUL,2002,2,23
GUL,GUL,2002,2,24
GUL,GUL,2002,2,25
GUL,GUL,2002,2,27
GUL,GUL,2002,2,28
GUL,GUL,2002,3,1
GUL,GUL,2002,3,2
GUL,GUL,2002,3,3
GUL,GUL,2002,3,4
GUL,GUL,2002,3,6
GUL,GUL,2002,3,7
GUL,GUL,2002,3,8
GUL,GUL,2002,3,9
GUL,GUL,2002,3,10
GUL,GUL,2002,3,11
GUL,GUL,2002,3,13
GUL,GUL,2002,3,14
GUL,GUL,2002,3,15
GUL,GUL,2002,3,16
GUL,GUL,2002,3,17
GUL,GUL,2002,3,20
GUL,GUL,2002,3,21
GUL,GUL,2002,3,22
GUL,GUL,2002,3,23
GUL,GUL,2002,3,24
GUL,GUL,2002,3,27
GUL,GUL,2002,3,28
GUL,GUL,2002,3,29
GUL,GUL,2002,3,30
GUL,GUL,2002,3,31
GUL,GUL,2002,4,4
GUL,GUL,2002,4,5
GUL,GUL,2002,4,7
GUL,GUL,2002,4,10
GUL,GUL,2002,4,11
GUL,GUL,2002,4,12
GUL,GUL,2002,4,13
GUL,GUL,2002,4,14
GUL,GUL,2002,4,17
GUL,GUL,2002,4,18
GUL,GUL,2002,4,19
GUL,GUL,2002,4,21
GUL,GUL,2002,4,24
GUL,GUL,2003,1,3
GUL,GUL,2003,1,4
GUL,GUL,2003,1,5
GUL,GUL,2003,1,8
GUL,GUL,2003,1,9
GUL,GUL,2003,1,10
GUL,GUL,2003,1,11
GUL,GUL,2003,1,12
GUL,GUL,2003,1,15
GUL,GUL,2003,1,16
GUL,GUL,2003,1,17
GUL,GUL,2003,1,18
GUL,GUL,2003,1,19
GUL,GUL,2003,1,20
GUL,GUL,2003,1,22
GUL,GUL,2003,1,23
GUL,GUL,2003,1,24
GUL,GUL,2003,1,25
GUL,GUL,2003,1,26
GUL,GUL,2003,1,29
GUL,GUL,2003,1,30
GUL,GUL,2003,1,31
GUL,GUL,2003,2,1
GUL,GUL,2003,2,2
GUL,GUL,2003,2,3
GUL,GUL,2003,2,5
GUL,GUL,2003,2,6
GUL,GUL,2003,2,7
GUL,GUL,2003,2,8
GUL,GUL,2003,2,9
GUL,GUL,2003,2,10
GUL,GUL,2003,2,12
GUL,GUL,2003,2,13
GUL,GUL,2003,2,14
GUL,GUL,2003,2,15
GUL,GUL,2003,2,16
GUL,GUL,2003,2,17
GUL,GUL,2003,2,19
GUL,GUL,2003,2,20
GUL,GUL,2003,2,21
GUL,GUL,2003,2,22
GUL,GUL,2003,2,23
GUL,GUL,2003,2,24
GUL,GUL,2003,2,26
GUL,GUL,2003,2,27
GUL,GUL,2003,3,5
GUL,GUL,2003,3,6
GUL,GUL,2003,3,7
GUL,GUL,2003,3,8
GUL,GUL,2003,3,9
GUL,GUL,2003,3,10
GUL,GUL,2003,3,12
GUL,GUL,2003,3,13
GUL,GUL,2003,3,14
GUL,GUL,2003,3,15
GUL,GUL,2003,3,16
GUL,GUL,2003,3,17
GUL,GUL,2003,3,19
GUL,GUL,2003,3,20
GUL,GUL,2003,3,21
GUL,GUL,2003,3,22
GUL,GUL,2003,3,23
GUL,GUL,2003,3,24
GUL,GUL,2003,3,26
GUL,GUL,2003,3,27
GUL,GUL,2003,3,28
GUL,GUL,2003,3,29
GUL,GUL,2003,3,30
GUL,GUL,2003,4,2
GUL,GUL,2003,4,3
GUL,GUL,2003,4,4
GUL,GUL,2003,4,5
GUL,GUL,2003,4,6
GUL,GUL,2003,4,9
GUL,GUL,2003,4,10
GUL,GUL,2003,4,11
GUL,GUL,2003,4,12
GUL,GUL,2003,4,13
GUL,GUL,2003,4,16
GUL,GUL,2003,4,17
GUL,GUL,2003,4,18
GUL,GUL,2003,4,19
GUL,GUL,2003,4,20
GUL,GUL,2003,4,23
GUL,GUL,2003,4,24
GUL,GUL,2004,1,3
GUL,GUL,2004,1,4
GUL,GUL,2004,1,7
GUL,GUL,2004,1,8
GUL,GUL,2004,1,9
GUL,GUL,2004,1,10
GUL,GUL,2004,1,11
GUL,GUL,2004,1,14
GUL,GUL,2004,1,15
GUL,GUL,2004,1,16
GUL,GUL,2004,1,17
GUL,GUL,2004,1,18
GUL,GUL,2004,1,19
GUL,GUL,2004,1,21
GUL,GUL,2004,1,22
GUL,GUL,2004,1,23
GUL,GUL,2004,1,24
GUL,GUL,2004,1,25
GUL,GUL,2004,1,28
GUL,GUL,2004,1,29
GUL,GUL,2004,1,30
GUL,GUL,2004,1,31
GUL,GUL,2004,2,1
GUL,GUL,2004,2,4
GUL,GUL,2004,2,5
GUL,GUL,2004,2,6
GUL,GUL,2004,2,7
GUL,GUL,2004,2,8
GUL,GUL,2004,2,9
GUL,GUL,2004,2,11
GUL,GUL,2004,2,12
GUL,GUL,2004,2,13
GUL,GUL,2004,2,14
GUL,GUL,2004,2,15
GUL,GUL,2004,2,16
GUL,GUL,2004,2,18
GUL,GUL,2004,2,19
GUL,GUL,2004,2,20
GUL,GUL,2004,2,21
GUL,GUL,2004,2,22
GUL,GUL,2004,2,23
GUL,GUL,2004,2,25
GUL,GUL,2004,2,26
GUL,GUL,2004,2,27
GUL,GUL,2004,2,28
GUL,GUL,2004,2,29
GUL,GUL,2004,3,1
GUL,GUL,2004,3,3
GUL,GUL,2004,3,4
GUL,GUL,2004,3,5
GUL,GUL,2004,3,6
GUL,GUL,2004,3,7
GUL,GUL,2004,3,8
GUL,GUL,2004,3,10
GUL,GUL,2004,3,11
GUL,GUL,2004,3,12
GUL,GUL,2004,3,13
GUL,GUL,2004,3,14
GUL,GUL,2004,3,15
GUL,GUL,2004,3,17
GUL,GUL,2004,3,18
GUL,GUL,2004,3,19
GUL,GUL,2004,3,20
GUL,GUL,2004,3,21
GUL,GUL,2004,3,22
GUL,GUL,2004,3,24
GUL,GUL,2004,3,25
GUL,GUL,2004,3,26
GUL,GUL,2004,3,27
GUL,GUL,2004,3,28
GUL,GUL,2004,3,29
GUL,GUL,2004,3,31
GUL,GUL,2004,4,1
GUL,GUL,2004,4,2
GUL,GUL,2004,4,3
GUL,GUL,2004,4,4
GUL,GUL,2004,4,7
GUL,GUL,2004,4,8
GUL,GUL,2004,4,9
GUL,GUL,2004,4,10
GUL,GUL,2004,4,11
GUL,GUL,2004,4,14
GUL,GUL,2004,4,15
GUL,GUL,2004,4,16
GUL,GUL,2004,4,17
GUL,GUL,2004,4,18
GUL,GUL,2004,4,21
GUL,GUL,2004,4,22
GUL,GUL,2004,4,23
GUL,GUL,2004,4,24
GUL,GUL,2004,4,25
GUL,GUL,2005,1,3
GUL,GUL,2005,1,6
GUL,GUL,2005,1,7
GUL,GUL,2005,1,8
GUL,GUL,2005,1,9
GUL,GUL,2005,1,13
GUL,GUL,2005,1,14
GUL,GUL,2005,1,15
GUL,GUL,2005,1,16
GUL,GUL,2005,1,17
GUL,GUL,2005,1,20
GUL,GUL,2005,1,21
GUL,GUL,2005,1,22
GUL,GUL,2005,1,23
GUL,GUL,2005,1,27
GUL,GUL,2005,1,28
GUL,GUL,2005,1,29
GUL,GUL,2005,1,30
GUL,GUL,2005,2,2
GUL,GUL,2005,2,3
GUL,GUL,2005,2,4
GUL,GUL,2005,2,5
GUL,GUL,2005,2,6
GUL,GUL,2005,2,7
GUL,GUL,2005,2,9
GUL,GUL,2005,2,10
GUL,GUL,2005,2,11
GUL,GUL,2005,2,12
GUL,GUL,2005,2,13
GUL,GUL,2005,2,14
GUL,GUL,2005,2,16
GUL,GUL,2005,2,17
GUL,GUL,2005,2,18
GUL,GUL,2005,2,19
GUL,GUL,2005,2,20
GUL,GUL,2005,2,21
GUL,GUL,2005,2,23
GUL,GUL,2005,2,24
GUL,GUL,2005,2,25
GUL,GUL,2005,2,26
GUL,GUL,2005,2,27
GUL,GUL,2005,2,28
GUL,GUL,2005,3,2
GUL,GUL,2005,3,3
GUL,GUL,2005,3,4
GUL,GUL,2005,3,5
GUL,GUL,2005,3,6
GUL,GUL,2005,3,7
GUL,GUL,2005,3,9
GUL,GUL,2005,3,10
GUL,GUL,2005,3,11
GUL,GUL,2005,3,12
GUL,GUL,2005,3,13
GUL,GUL,2005,3,14
GUL,GUL,2005,3,16
GUL,GUL,2005,3,17
GUL,GUL,2005,3,18
GUL,GUL,2005,3,19
GUL,GUL,2005,3,20
GUL,GUL,2005,3,21
GUL,GUL,2005,3,23
GUL,GUL,2005,3,24
GUL,GUL,2005,3,25
GUL,GUL,2005,3,26
GUL,GUL,2005,3,27
GUL,GUL,2005,3,28
GUL,GUL,2005,3,30
GUL,GUL,2005,3,31
GUL,GUL,2005,4,1
GUL,GUL,2005,4,2
GUL,GUL,2005,4,3
GUL,GUL,2005,4,6
GUL,GUL,2005,4,7
GUL,GUL,2005,4,8
GUL,GUL,2005,4,9
GUL,GUL,2005,4,10
GUL,GUL,2005,4,13
GUL,GUL,2005,4,14
GUL,GUL,2005,4,15
GUL,GUL,2005,4,16
GUL,GUL,2005,4,17
GUL,GUL,2005,4,20
GUL,GUL,2005,4,21
GUL,GUL,2005,4,22
GUL,GUL,2005,4,23
GUL,GUL,2005,4,24
GUL,GUL,2006,1,4
GUL,GUL,2006,1,7
GUL,GUL,2006,1,8
GUL,GUL,2006,1,11
GUL,GUL,2006,1,12
GUL,GUL,2006,1,13
GUL,GUL,2006,1,14
GUL,GUL,2006,1,15
GUL,GUL,2006,1,16
GUL,GUL,2006,1,19
GUL,GUL,2006,1,20
GUL,GUL,2006,1,21
GUL,GUL,2006,1,22
GUL,GUL,2006,1,25
GUL,GUL,2006,1,26
GUL,GUL,2006,1,27
GUL,GUL,2006,1,28
GUL,GUL,2006,1,29
GUL,GUL,2006,2,1
GUL,GUL,2006,2,2
GUL,GUL,2006,2,3
GUL,GUL,2006,2,4
GUL,GUL,2006,2,5
GUL,GUL,2006,2,6
GUL,GUL,2006,2,8
GUL,GUL,2006,2,9
GUL,GUL,2006,2,10
GUL,GUL,2006,2,11
GUL,GUL,2006,2,12
GUL,GUL,2006,2,13
GUL,GUL,2006,2,15
GUL,GUL,2006,2,16
GUL,GUL,2006,2,17
GUL,GUL,2006,2,18
GUL,GUL,2006,2,19
GUL,GUL,2006,2,20
GUL,GUL,2006,2,22
GUL,GUL,2006,2,23
GUL,GUL,2006,2,24
GUL,GUL,2006,2,25
GUL,GUL,2006,2,26
GUL,GUL,2006,2,27
GUL,GUL,2006,3,1
GUL,GUL,2006,3,2
GUL,GUL,2006,3,3
GUL,GUL,2006,3,4
GUL,GUL,2006,3,5
GUL,GUL,2006,3,6
GUL,GUL,2006,3,8
GUL,GUL,2006,3,9
GUL,GUL,2006,3,10
GUL,GUL,2006,3,11
GUL,GUL,2006,3,12
GUL,GUL,2006,3,13
GUL,GUL,2006,3,15
GUL,GUL,2006,3,16
GUL,GUL,2006,3,17
GUL,GUL,2006,3,18
GUL,GUL,2006,3,19
GUL,GUL,2006,3,20
GUL,GUL,2006,3,22
GUL,GUL,2006,3,23
GUL,GUL,2006,3,24
GUL,GUL,2006,3,25
GUL,GUL,2006,3,26
GUL,GUL,2006,3,27
GUL,GUL,2006,3,29
GUL,GUL,2006,3,30
GUL,GUL,2006,3,31
GUL,GUL,2006,4,1
GUL,GUL,2006,4,2
GUL,GUL,2006,4,3
GUL,GUL,2006,4,5
GUL,GUL,2006,4,6
GUL,GUL,2006,4,7
GUL,GUL,2006,4,8
GUL,GUL,2006,4,9
GUL,GUL,2006,4,12
GUL,GUL,2006,4,13
GUL,GUL,2006,4,14
GUL,GUL,2006,4,15
GUL,GUL,2006,4,16
GUL,GUL,2006,4,19
GUL,GUL,2006,4,20
GUL,GUL,2006,4,21
GUL,GUL,2006,4,22
GUL,GUL,2006,4,23
GUL,GUL,2007,1,3
GUL,GUL,2007,1,5
GUL,GUL,2007,1,6
GUL,GUL,2007,1,7
GUL,GUL,2007,1,10
GUL,GUL,2007,1,11
GUL,GUL,2007,1,12
GUL,GUL,2007,1,13
GUL,GUL,2007,1,14
GUL,GUL,2007,1,15
GUL,GUL,2007,1,17
GUL,GUL,2007,1,18
GUL,GUL,2007,1,19
GUL,GUL,2007,1,20
GUL,GUL,2007,1,21
GUL,GUL,2007,1,24
GUL,GUL,2007,1,25
GUL,GUL,2007,1,26
GUL,GUL,2007,1,27
GUL,GUL,2007,1,28
GUL,GUL,2007,1,31
GUL,GUL,2007,2,1
GUL,GUL,2007,2,2
GUL,GUL,2007,2,3
GUL,GUL,2007,2,4
GUL,GUL,2007,2,5
GUL,GUL,2007,2,7
GUL,GUL,2007,2,8
GUL,GUL,2007,2,9
GUL,GUL,2007,2,10
GUL,GUL,2007,2,11
GUL,GUL,2007,2,12
GUL,GUL,2007,2,14
GUL,GUL,2007,2,15
GUL,GUL,2007,2,16
GUL,GUL,2007,2,17
GUL,GUL,2007,2,18
GUL,GUL,2007,2,19
GUL,GUL,2007,2,21
GUL,GUL,2007,2,22
GUL,GUL,2007,2,23
GUL,GUL,2007,2,24
GUL,GUL,2007,2,25
GUL,GUL,2007,2,26
GUL,GUL,2007,2,28
GUL,GUL,2007,3,1
GUL,GUL,2007,3,2
GUL,GUL,2007,3,3
GUL,GUL,2007,3,4
GUL,GUL,2007,3,5
GUL,GUL,2007,3,7
GUL,GUL,2007,3,8
GUL,GUL,2007,3,9
GUL,GUL,2007,3,10
GUL,GUL,2007,3,11
GUL,GUL,2007,3,12
GUL,GUL,2007,3,14
GUL,GUL,2007,3,15
GUL,GUL,2007,3,16
GUL,GUL,2007,3,17
GUL,GUL,2007,3,18
GUL,GUL,2007,3,19
GUL,GUL,2007,3,21
GUL,GUL,2007,3,22
GUL,GUL,2007,3,23
GUL,GUL,2007,3,24
GUL,GUL,2007,3,25
GUL,GUL,2007,3,26
GUL,GUL,2007,3,28
GUL,GUL,2007,3,29
GUL,GUL,2007,3,30
GUL,GUL,2007,3,31
GUL,GUL,2007,4,1
GUL,GUL,2007,4,4
GUL,GUL,2007,4,5
GUL,GUL,2007,4,6
GUL,GUL,2007,4,7
GUL,GUL,2007,4,8
GUL,GUL,2007,4,11
GUL,GUL,2007,4,12
GUL,GUL,2007,4,13
GUL,GUL,2007,4,14
GUL,GUL,2007,4,15
GUL,GUL,2007,4,18
GUL,GUL,2007,4,19
GUL,GUL,2007,4,20
GUL,GUL,2007,4,21
GUL,GUL,2007,4,22
GUL,GUL,2008,1,3
GUL,GUL,2008,1,4
GUL,GUL,2008,1,5
GUL,GUL,2008,1,6
GUL,GUL,2008,1,7
GUL,GUL,2008,1,9
GUL,GUL,2008,1,10
GUL,GUL,2008,1,11
GUL,GUL,2008,1,12
GUL,GUL,2008,1,13
GUL,GUL,2008,1,14
GUL,GUL,2008,1,16
GUL,GUL,2008,1,17
GUL,GUL,2008,1,18
GUL,GUL,2008,1,19
GUL,GUL,2008,1,20
GUL,GUL,2008,1,21
GUL,GUL,2008,1,23
GUL,GUL,2008,1,24
GUL,GUL,2008,1,25
GUL,GUL,2008,1,26
GUL,GUL,2008,1,27
GUL,GUL,2008,1,28
GUL,GUL,2008,1,30
GUL,GUL,2008,1,31
GUL,GUL,2008,2,1
GUL,GUL,2008,2,2
GUL,GUL,2008,2,3
GUL,GUL,2008,2,4
GUL,GUL,2008,2,6
GUL,GUL,2008,2,7
GUL,GUL,2008,2,8
GUL,GUL,2008,2,9
GUL,GUL,2008,2,10
GUL,GUL,2008,2,11
GUL,GUL,2008,2,13
GUL,GUL,2008,2,14
GUL,GUL,2008,2,15
GUL,GUL,2008,2,16
GUL,GUL,2008,2,17
GUL,GUL,2008,2,18
GUL,GUL,2008,2,20
GUL,GUL,2008,2,21
GUL,GUL,2008,2,22
GUL,GUL,2008,2,23
GUL,GUL,2008,2,24
GUL,GUL,2008,2,25
GUL,GUL,2008,2,27
GUL,GUL,2008,2,28
GUL,GUL,2008,2,29
GUL,GUL,2008,3,1
GUL,GUL,2008,3,2
GUL,GUL,2008,3,3
GUL,GUL,2008,3,5
GUL,GUL,2008,3,6
GUL,GUL,2008,3,7
GUL,GUL,2008,3,8
GUL,GUL,2008,3,9
GUL,GUL,2008,3,10
GUL,GUL,2008,3,12
GUL,GUL,2008,3,13
GUL,GUL,2008,3,14
GUL,GUL,2008,3,15
GUL,GUL,2008,3,16
GUL,GUL,2008,3,17
GUL,GUL,2008,3,20
GUL,GUL,2008,3,21
GUL,GUL,2008,3,22
GUL,GUL,2008,3,23
GUL,GUL,2008,3,24
GUL,GUL,2008,3,27
GUL,GUL,2008,3,28
GUL,GUL,2008,3,29
GUL,GUL,2008,3,30
GUL,GUL,2008,3,31
GUL,GUL,2008,4,3
GUL,GUL,2008,4,4
GUL,GUL,2008,4,5
GUL,GUL,2008,4,6
GUL,GUL,2008,4,7
GUL,GUL,2008,4,10
GUL,GUL,2008,4,11
GUL,GUL,2008,4,12
GUL,GUL,2008,4,13
GUL,GUL,2008,4,14
GUL,GUL,2008,4,17
GUL,GUL,2008,4,18
GUL,GUL,2008,4,19
GUL,GUL,2008,4,20
GUL,GUL,2009,1,3
GUL,GUL,2009,1,4
GUL,GUL,2009,1,7
GUL,GUL,2009,1,8
GUL,GUL,2009,1,9
GUL,GUL,2009,1,10
GUL,GUL,2009,1,11
GUL,GUL,2009,1,14
GUL,GUL,2009,1,15
GUL,GUL,2009,1,16
GUL,GUL,2009,1,17
GUL,GUL,2009,1,18
GUL,GUL,2009,1,21
GUL,GUL,2009,1,22
GUL,GUL,2009,1,23
GUL,GUL,2009,1,24
GUL,GUL,2009,1,25
GUL,GUL,2009,1,28
GUL,GUL,2009,1,29
GUL,GUL,2009,1,30
GUL,GUL,2009,1,31
GUL,GUL,2009,2,1
GUL,GUL,2009,2,4
GUL,GUL,2009,2,5
GUL,GUL,2009,2,6
GUL,GUL,2009,2,7
GUL,GUL,2009,2,8
GUL,GUL,2009,2,11
GUL,GUL,2009,2,12
GUL,GUL,2009,2,13
GUL,GUL,2009,2,14
GUL,GUL,2009,2,15
GUL,GUL,2009,2,18
GUL,GUL,2009,2,19
GUL,GUL,2009,2,20
GUL,GUL,2009,2,21
GUL,GUL,2009,2,22
GUL,GUL,2009,2,25
GUL,GUL,2009,2,26
GUL,GUL,2009,2,27
GUL,GUL,2009,2,28
GUL,GUL,2009,3,1
GUL,GUL,2009,3,4
GUL,GUL,2009,3,5
GUL,GUL,2009,3,6
GUL,GUL,2009,3,7
GUL,GUL,2009,3,8
GUL,GUL,2009,3,11
GUL,GUL,2009,3,12
GUL,GUL,2009,3,13
GUL,GUL,2009,3,14
GUL,GUL,2009,3,15
GUL,GUL,2009,3,18
GUL,GUL,2009,3,19
GUL,GUL,2009,3,20
GUL,GUL,2009,3,21
GUL,GUL,2009,3,22
GUL,GUL,2009,3,25
GUL,GUL,2009,3,26
GUL,GUL,2009,3,27
GUL,GUL,2009,3,28
GUL,GUL,2009,3,29
GUL,GUL,2009,4,1
GUL,GUL,2009,4,2
GUL,GUL,2009,4,3
GUL,GUL,2009,4,4
GUL,GUL,2009,4,5
GUL,GUL,2009,4,8
GUL,GUL,2009,4,9
GUL,GUL,2009,4,10
GUL,GUL,2009,4,11
GUL,GUL,2009,4,12
GUL,GUL,2009,4,15
GUL,GUL,2009,4,16
GUL,GUL,2009,4,17
GUL,GUL,2009,4,18
GUL,GUL,2009,4,19
GUL,GUL,2009,4,22
GUL,GUL,2009,4,23
GUL,GUL,2010,1,22
GUL,GUL,2010,1,23
GUL,GUL,2010,1,24
GUL,GUL,2010,1,27
GUL,GUL,2010,1,28
GUL,GUL,2010,1,29
GUL,GUL,2010,1,30
GUL,GUL,2010,1,31
GUL,GUL,2010,2,3
GUL,GUL,2010,2,4
GUL,GUL,2010,2,5
GUL,GUL,2010,2,6
GUL,GUL,2010,2,7
GUL,GUL,2010,2,10
GUL,GUL,2010,2,11
GUL,GUL,2010,2,12
GUL,GUL,2010,2,13
GUL,GUL,2010,2,14
GUL,GUL,2010,2,15
GUL,GUL,2010,2,17
GUL,GUL,2010,2,18
GUL,GUL,2010,2,19
GUL,GUL,2010,2,20
GUL,GUL,2010,2,21
GUL,GUL,2010,2,24
GUL,GUL,2010,2,25
GUL,GUL,2010,2,26
GUL,GUL,2010,2,27
GUL,GUL,2010,2,28
GUL,GUL,2010,3,3
GUL,GUL,2010,3,4
GUL,GUL,2010,3,5
GUL,GUL,2010,3,6
GUL,GUL,2010,3,7
GUL,GUL,2010,3,10
GUL,GUL,2010,3,11
GUL,GUL,2010,3,12
GUL,GUL,2010,3,13
GUL,GUL,2010,3,14
GUL,GUL,2010,3,17
GUL,GUL,2010,3,18
GUL,GUL,2010,3,19
GUL,GUL,2010,3,20
GUL,GUL,2010,3,21
GUL,GUL,2010,3,24
GUL,GUL,2010,3,25
GUL,GUL,2010,3,26
GUL,GUL,2010,3,27
GUL,GUL,2010,3,28
GUL,GUL,2010,3,31
GUL,GUL,2010,4,1
GUL,GUL,2010,4,2
GUL,GUL,2010,4,3
GUL,GUL,2010,4,4
GUL,GUL,2010,4,7
GUL,GUL,2010,4,8
GUL,GUL,2010,4,9
GUL,GUL,2010,4,10
GUL,GUL,2010,4,11
GUL,GUL,2010,4,15
GUL,GUL,2010,4,16
GUL,GUL,2010,4,17
GUL,GUL,2010,4,18
GUL,GUL,2010,4,22
GUL,GUL,2010,4,23
GUL,GUL,2010,4,24
GUL,GUL,2011,1,5
GUL,GUL,2011,1,6
GUL,GUL,2011,1,7
GUL,GUL,2011,1,8
GUL,GUL,2011,1,9
GUL,GUL,2011,1,12
GUL,GUL,2011,1,13
GUL,GUL,2011,1,14
GUL,GUL,2011,1,15
GUL,GUL,2011,1,16
GUL,GUL,2011,1,17
GUL,GUL,2011,1,19
GUL,GUL,2011,1,20
GUL,GUL,2011,1,21
GUL,GUL,2011,1,22
GUL,GUL,2011,1,23
GUL,GUL,2011,1,26
GUL,GUL,2011,1,27
GUL,GUL,2011,1,28
GUL,GUL,2011,1,29
GUL,GUL,2011,1,30
GUL,GUL,2011,2,2
GUL,GUL,2011,2,3
GUL,GUL,2011,2,4
GUL,GUL,2011,2,5
GUL,GUL,2011,2,6
GUL,GUL,2011,2,9
GUL,GUL,2011,2,10
GUL,GUL,2011,2,11
GUL,GUL,2011,2,12
GUL,GUL,2011,2,13
GUL,GUL,2011,2,16
GUL,GUL,2011,2,17
GUL,GUL,2011,2,18
GUL,GUL,2011,2,19
GUL,GUL,2011,2,20
GUL,GUL,2011,2,21
GUL,GUL,2011,2,23
GUL,GUL,2011,2,24
GUL,GUL,2011,2,25
GUL,GUL,2011,2,26
GUL,GUL,2011,2,27
GUL,GUL,2011,3,2
GUL,GUL,2011,3,3
GUL,GUL,2011,3,4
GUL,GUL,2011,3,5
GUL,GUL,2011,3,6
GUL,GUL,2011,3,9
GUL,GUL,2011,3,10
GUL,GUL,2011,3,11
GUL,GUL,2011,3,12
GUL,GUL,2011,3,13
GUL,GUL,2011,3,16
GUL,GUL,2011,3,17
GUL,GUL,2011,3,18
GUL,GUL,2011,3,19
GUL,GUL,2011,3,20
GUL,GUL,2011,3,23
GUL,GUL,2011,3,24
GUL,GUL,2011,3,25
GUL,GUL,2011,3,26
GUL,GUL,2011,3,27
GUL,GUL,2011,3,30
GUL,GUL,2011,3,31
GUL,GUL,2011,4,1
GUL,GUL,2011,4,2
GUL,GUL,2011,4,3
GUL,GUL,2011,4,7
GUL,GUL,2011,4,8
GUL,GUL,2011,4,9
GUL,GUL,2011,4,10
GUL,GUL,2011,4,14
GUL,GUL,2011,4,15
GUL,GUL,2011,4,16
GUL,GUL,2011,4,17
GUL,GUL,2011,4,21
GUL,GUL,2011,4,22
GUL,GUL,2011,4,23
GUL,GUL,2011,4,24
GUL,GUL,2011,12,3
GUL,GUL,2011,12,4
GUL,GUL,2011,12,8
GUL,GUL,2011,12,9
GUL,GUL,2011,12,10
GUL,GUL,2011,12,11
GUL,GUL,2011,12,15
GUL,GUL,2011,12,16
GUL,GUL,2011,12,17
GUL,GUL,2011,12,18
GUL,GUL,2011,12,22
GUL,GUL,2011,12,23
GUL,GUL,2011,12,24
GUL,GUL,2011,12,26
GUL,GUL,2011,12,29
GUL,GUL,2011,12,30
GUL,GUL,2011,12,31
GUL,GUL,2012,1,1
GUL,GUL,2012,1,2
GUL,GUL,2012,1,5
GUL,GUL,2012,1,6
GUL,GUL,2012,1,7
GUL,GUL,2012,1,8
GUL,GUL,2012,1,11
GUL,GUL,2012,1,12
GUL,GUL,2012,1,13
GUL,GUL,2012,1,14
GUL,GUL,2012,1,15
GUL,GUL,2012,1,16
GUL,GUL,2012,1,19
GUL,GUL,2012,1,20
GUL,GUL,2012,1,21
GUL,GUL,2012,1,22
GUL,GUL,2012,1,25
GUL,GUL,2012,1,26
GUL,GUL,2012,1,27
GUL,GUL,2012,1,28
GUL,GUL,2012,1,29
GUL,GUL,2012,2,1
GUL,GUL,2012,2,2
GUL,GUL,2012,2,3
GUL,GUL,2012,2,4
GUL,GUL,2012,2,5
GUL,GUL,2012,2,8
GUL,GUL,2012,2,9
GUL,GUL,2012,2,10
GUL,GUL,2012,2,11
GUL,GUL,2012,2,12
GUL,GUL,2012,2,15
GUL,GUL,2012,2,16
GUL,GUL,2012,2,17
GUL,GUL,2012,2,18
GUL,GUL,2012,2,19
GUL,GUL,2012,2,20
GUL,GUL,2012,2,23
GUL,GUL,2012,2,24
GUL,GUL,2012,2,25
GUL,GUL,2012,2,26
GUL,GUL,2012,2,29
GUL,GUL,2012,3,1
GUL,GUL,2012,3,2
GUL,GUL,2012,3,3
GUL,GUL,2012,3,4
GUL,GUL,2012,3,7
GUL,GUL,2012,3,8
GUL,GUL,2012,3,9
GUL,GUL,2012,3,10
GUL,GUL,2012,3,11
GUL,GUL,2012,3,14
GUL,GUL,2012,3,15
GUL,GUL,2012,3,16
GUL,GUL,2012,3,17
GUL,GUL,2012,3,18
GUL,GUL,2012,3,21
GUL,GUL,2012,3,22
GUL,GUL,2012,3,23
GUL,GUL,2012,3,24
GUL,GUL,2012,3,25
GUL,GUL,2012,3,28
GUL,GUL,2012,3,29
GUL,GUL,2012,3,30
GUL,GUL,2012,3,31
GUL,GUL,2012,4,1
GUL,GUL,2012,4,5
GUL,GUL,2012,4,6
GUL,GUL,2012,4,7
GUL,GUL,2012,4,8
GUL,GUL,2012,12,1
GUL,GUL,2012,12,2
GUL,GUL,2012,12,5
GUL,GUL,2012,12,6
GUL,GUL,2012,12,7
GUL,GUL,2012,12,8
GUL,GUL,2012,12,9
GUL,GUL,2012,12,12
GUL,GUL,2012,12,13
GUL,GUL,2012,12,14
GUL,GUL,2012,12,15
GUL,GUL,2012,12,16
GUL,GUL,2012,12,19
GUL,GUL,2012,12,20
GUL,GUL,2012,12,21
GUL,GUL,2012,12,22
GUL,GUL,2012,12,23
GUL,GUL,2012,12,26
GUL,GUL,2012,12,27
GUL,GUL,2012,12,28
GUL,GUL,2012,12,29
GUL,GUL,2012,12,30
GUL,GUL,2013,1,1
GUL,GUL,2013,1,3
GUL,GUL,2013,1,4
GUL,GUL,2013,1,5
GUL,GUL,2013,1,6
GUL,GUL,2013,1,9
GUL,GUL,2013,1,10
GUL,GUL,2013,1,11
GUL,GUL,2013,1,12
GUL,GUL,2013,1,13
GUL,GUL,2013,1,16
GUL,GUL,2013,1,17
GUL,GUL,2013,1,18
GUL,GUL,2013,1,19
GUL,GUL,2013,1,20
GUL,GUL,2013,1,21
GUL,GUL,2013,1,24
GUL,GUL,2013,1,25
GUL,GUL,2013,1,26
GUL,GUL,2013,1,27
GUL,GUL,2013,1,30
GUL,GUL,2013,1,31
GUL,GUL,2013,2,1
GUL,GUL,2013,2,2
GUL,GUL,2013,2,3
GUL,GUL,2013,2,6
GUL,GUL,2013,2,7
GUL,GUL,2013,2,8
GUL,GUL,2013,2,9
GUL,GUL,2013,2,10
GUL,GUL,2013,2,13
GUL,GUL,2013,2,14
GUL,GUL,2013,2,15
GUL,GUL,2013,2,16
GUL,GUL,2013,2,17
GUL,GUL,2013,2,18
GUL,GUL,2013,2,21
GUL,GUL,2013,2,22
GUL,GUL,2013,2,23
GUL,GUL,2013,2,24
GUL,GUL,2013,2,27
GUL,GUL,2013,2,28
GUL,GUL,2013,3,1
GUL,GUL,2013,3,2
GUL,GUL,2013,3,3
GUL,GUL,2013,3,6
GUL,GUL,2013,3,7
GUL,GUL,2013,3,8
GUL,GUL,2013,3,9
GUL,GUL,2013,3,10
GUL,GUL,2013,3,13
GUL,GUL,2013,3,14
GUL,GUL,2013,3,15
GUL,GUL,2013,3,16
GUL,GUL,2013,3,17
GUL,GUL,2013,3,20
GUL,GUL,2013,3,21
GUL,GUL,2013,3,22
GUL,GUL,2013,3,23
GUL,GUL,2013,3,24
GUL,GUL,2013,3,27
GUL,GUL,2013,3,28
GUL,GUL,2013,3,29
GUL,GUL,2013,3,30
GUL,GUL,2013,3,31
GUL,GUL,2013,4,3
GUL,GUL,2013,4,4
GUL,GUL,2013,4,5
GUL,GUL,2013,6,25
GUL,GUL,2013,7,1
GUL,GUL,2013,7,4
GUL,GUL,2013,7,6
GUL,GUL,2013,7,7
GUL,GUL,2013,7,13
GUL,GUL,2013,7,14
GUL,GUL,2013,7,20
GUL,GUL,2013,7,21
GUL,GUL,2013,7,27
GUL,GUL,2013,7,28
GUL,GUL,2013,8,3
GUL,GUL,2013,8,4
GUL,GUL,2013,8,10
GUL,GUL,2013,8,11
GUL,GUL,2013,8,17
GUL,GUL,2013,8,18
GUL,GUL,2013,8,24
GUL,GUL,2013,8,25
GUL,GUL,2013,8,31
GUL,GUL,2013,9,1
GUL,GUL,2013,9,2
GUL,GUL,2013,9,7
GUL,GUL,2013,9,8
GUL,GUL,2013,9,14
GUL,GUL,2013,9,15
GUL,GUL,2013,9,21
GUL,GUL,2013,9,22
GUL,GUL,2013,9,28
GUL,GUL,2013,9,29
GUL,GUL,2013,10,5
GUL,GUL,2013,10,6
GUL,GUL,2013,10,12
GUL,GUL,2013,10,13
GUL,GUL,2013,10,19
GUL,GUL,2013,10,20
GUL,GUL,2013,10,26
GUL,GUL,2013,10,27
GUL,GUL,2013,11,2
GUL,GUL,2013,11,3
GUL,GUL,2013,11,9
GUL,GUL,2013,11,10
GUL,GUL,2013,11,11
GUL,GUL,2013,11,16
GUL,GUL,2013,11,17
GUL,GUL,2013,11,23
GUL,GUL,2013,11,24
GUL,GUL,2013,11,30
GUL,GUL,2013,12,1
GUL,GUL,2013,12,6
GUL,GUL,2013,12,7
GUL,GUL,2013,12,8
GUL,GUL,2013,12,13
GUL,GUL,2013,12,14
GUL,GUL,2013,12,15
GUL,GUL,2013,12,19
GUL,GUL,2013,12,20
GUL,GUL,2013,12,21
GUL,GUL,2013,12,22
GUL,GUL,2013,12,26
GUL,GUL,2013,12,27
GUL,GUL,2013,12,28
GUL,GUL,2013,12,29
GUL,GUL,2014,1,1
GUL,GUL,2014,1,2
GUL,GUL,2014,1,3
GUL,GUL,2014,1,4
GUL,GUL,2014,1,5
GUL,GUL,2014,1,9
GUL,GUL,2014,1,10
GUL,GUL,2014,1,11
GUL,GUL,2014,1,12
GUL,GUL,2014,1,15
GUL,GUL,2014,1,16
GUL,GUL,2014,1,17
GUL,GUL,2014,1,18
GUL,GUL,2014,1,19
GUL,GUL,2014,1,20
GUL,GUL,2014,1,23
GUL,GUL,2014,1,24
GUL,GUL,2014,1,25
GUL,GUL,2014,1,26
GUL,GUL,2014,1,29
GUL,GUL,2014,1,30
GUL,GUL,2014,1,31
GUL,GUL,2014,2,1
GUL,GUL,2014,2,2
GUL,GUL,2014,2,5
GUL,GUL,2014,2,6
GUL,GUL,2014,2,7
GUL,GUL,2014,2,8
GUL,GUL,2014,2,9
GUL,GUL,2014,2,12
GUL,GUL,2014,2,13
GUL,GUL,2014,2,14
GUL,GUL,2014,2,15
GUL,GUL,2014,2,16
GUL,GUL,2014,2,17
GUL,GUL,2014,2,20
GUL,GUL,2014,2,21
GUL,GUL,2014,2,22
GUL,GUL,2014,2,23
GUL,GUL,2014,2,26
GUL,GUL,2014,2,27
GUL,GUL,2014,2,28
GUL,GUL,2014,3,1
GUL,GUL,2014,3,2
GUL,GUL,2014,3,5
GUL,GUL,2014,3,6
GUL,GUL,2014,3,7
GUL,GUL,2014,3,8
GUL,GUL,2014,3,9
GUL,GUL,2014,3,12
GUL,GUL,2014,3,13
GUL,GUL,2014,3,14
GUL,GUL,2014,3,15
GUL,GUL,2014,3,16
GUL,GUL,2014,3,19
GUL,GUL,2014,3,20
GUL,GUL,2014,3,21
GUL,GUL,2014,3,22
GUL,GUL,2014,3,23
GUL,GUL,2014,3,26
GUL,GUL,2014,3,27
GUL,GUL,2014,3,28
GUL,GUL,2014,3,29
GUL,GUL,2014,3,30
GUL,GUL,2014,4,4
GUL,GUL,2014,4,5
GUL,GUL,2014,4,6
GUL,GUL,2014,4,11
GUL,GUL,2014,4,12
GUL,GUL,2014,4,13
GUL,GUL,2014,4,18
GUL,GUL,2014,4,19
GUL,GUL,2014,4,20
GUL,GUL,2014,4,25
GUL,GUL,2014,4,26
GUL,GUL,2014,4,27
GUL,GUL,2014,5,2
GUL,GUL,2014,5,3
GUL,GUL,2014,5,4
GUL,GUL,2014,5,9
GUL,GUL,2014,5,10
GUL,GUL,2014,5,11
GUL,GUL,2014,5,16
GUL,GUL,2014,5,17
GUL,GUL,2014,5,18
GUL,GUL,2014,5,24
GUL,GUL,2014,5,25
GUL,GUL,2014,5,26
GUL,GUL,2014,5,30
GUL,GUL,2014,5,31
GUL,GUL,2014,6,1
GUL,GUL,2014,6,6
GUL,GUL,2014,6,7
GUL,GUL,2014,6,8
GUL,GUL,2014,6,13
GUL,GUL,2014,6,14
GUL,GUL,2014,6,15
GUL,GUL,2014,6,20
GUL,GUL,2014,6,21
GUL,GUL,2014,6,22
GUL,GUL,2014,6,27
GUL,GUL,2014,6,28
GUL,GUL,2014,6,29
GUL,GUL,2014,7,1
GUL,GUL,2014,7,4
GUL,GUL,2014,7,5
GUL,GUL,2014,7,6
GUL,GUL,2014,7,10
GUL,GUL,2014,7,11
GUL,GUL,2014,7,12
GUL,GUL,2014,7,13
GUL,GUL,2014,7,17
GUL,GUL,2014,7,18
GUL,GUL,2014,7,19
GUL,GUL,2014,7,20
GUL,GUL,2014,7,24
GUL,GUL,2014,7,25
GUL,GUL,2014,7,26
GUL,GUL,2014,7,27
GUL,GUL,2014,7,31
GUL,GUL,2014,8,1
GUL,GUL,2014,8,2
GUL,GUL,2014,8,3
GUL,GUL,2014,8,7
GUL,GUL,2014,8,8
GUL,GUL,2014,8,9
GUL,GUL,2014,8,10
GUL,GUL,2014,8,14
GUL,GUL,2014,8,15
GUL,GUL,2014,8,16
GUL,GUL,2014,8,17
GUL,GUL,2014,8,21
GUL,GUL,2014,8,22
GUL,GUL,2014,8,23
GUL,GUL,2014,8,24
GUL,GUL,2014,8,28
GUL,GUL,2014,8,29
GUL,GUL,2014,8,30
GUL,GUL,2014,8,31
GUL,GUL,2014,9,1
GUL,GUL,2014,9,5
GUL,GUL,2014,9,6
GUL,GUL,2014,9,7
GUL,GUL,2014,9,11
GUL,GUL,2014,9,12
GUL,GUL,2014,9,13
GUL,GUL,2014,9,14
GUL,GUL,2014,9,18
GUL,GUL,2014,9,19
GUL,GUL,2014,9,20
GUL,GUL,2014,9,21
GUL,GUL,2014,9,25
GUL,GUL,2014,9,26
GUL,GUL,2014,9,27
GUL,GUL,2014,9,28
GUL,GUL,2014,10,2
GUL,GUL,2014,10,3
GUL,GUL,2014,10,4
GUL,GUL,2014,10,8
GUL,GUL,2014,10,9
GUL,GUL,2014,10,10
GUL,GUL,2014,10,11
GUL,GUL,2014,10,12
GUL,GUL,2014,10,13
GUL,GUL,2014,10,16
GUL,GUL,2014,10,17
GUL,GUL,2014,10,18
GUL,GUL,2014,10,19
GUL,GUL,2014,10,20
GUL,GUL,2014,10,22
GUL,GUL,2014,10,23
GUL,GUL,2014,10,24
GUL,GUL,2014,10,25
GUL,GUL,2014,10,26
GUL,GUL,2014,10,27
GUL,GUL,2014,10,29
GUL,GUL,2014,10,30
GUL,GUL,2014,10,31
GUL,GUL,2014,11,1
GUL,GUL,2014,11,2
GUL,GUL,2014,11,3
GUL,GUL,2014,11,5
GUL,GUL,2014,11,6
GUL,GUL,2014,11,7
GUL,GUL,2014,11,8
GUL,GUL,2014,11,9
GUL,GUL,2014,11,11
GUL,GUL,2014,11,13
GUL,GUL,2014,11,14
GUL,GUL,2014,11,15
GUL,GUL,2014,11,16
GUL,GUL,2014,11,17
GUL,GUL,2014,11,19
GUL,GUL,2014,11,20
GUL,GUL,2014,11,21
GUL,GUL,2014,11,22
GUL,GUL,2014,11,23
GUL,GUL,2014,11,26
GUL,GUL,2014,11,27
GUL,GUL,2014,11,28
GUL,GUL,2014,11,29
GUL,GUL,2014,11,30
GUL,GUL,2015,3,28
GUL,GUL,2015,3,29
GUL,GUL,2015,4,1
GUL,GUL,2015,4,2
GUL,GUL,2015,4,3
GUL,GUL,2015,4,4
GUL,GUL,2015,4,5
GUL,GUL,2015,4,8
GUL,GUL,2015,4,9
GUL,GUL,2015,4,10
GUL,GUL,2015,4,11
GUL,GUL,2015,4,12
GUL,GUL,2015,4,15
GUL,GUL,2015,4,16
GUL,GUL,2015,4,17
GUL,GUL,2015,4,18
GUL,GUL,2015,4,19
GUL,GUL,2015,4,22
GUL,GUL,2015,4,23
GUL,GUL,2015,4,24
GUL,GUL,2015,4,25
GUL,GUL,2015,4,26
GUL,GUL,2015,4,29
GUL,GUL,2015,4,30
GUL,GUL,2015,5,1
GUL,GUL,2015,5,2
GUL,GUL,2015,5,3
GUL,GUL,2015,5,6
GUL,GUL,2015,5,7
GUL,GUL,2015,5,8
GUL,GUL,2015,5,9
GUL,GUL,2015,5,10
GUL,GUL,2015,5,13
GUL,GUL,2015,5,14
GUL,GUL,2015,5,15
GUL,GUL,2015,5,16
GUL,GUL,2015,5,17
GUL,GUL,2015,5,21
GUL,GUL,2015,5,22
GUL,GUL,2015,5,23
GUL,GUL,2015,5,24
GUL,GUL,2015,5,25
GUL,GUL,2015,5,28
GUL,GUL,2015,5,29
GUL,GUL,2015,5,30
GUL,GUL,2015,5,31
GUL,GUL,2015,6,4
GUL,GUL,2015,6,5
GUL,GUL,2015,6,6
GUL,GUL,2015,6,7
GUL,GUL,2015,6,10
GUL,GUL,2015,6,11
GUL,GUL,2015,6,12
GUL,GUL,2015,6,13
GUL,GUL,2015,6,14
GUL,GUL,2015,6,18
GUL,GUL,2015,6,19
GUL,GUL,2015,6,20
GUL,GUL,2015,6,21
GUL,GUL,2015,6,24
GUL,GUL,2015,6,25
GUL,GUL,2015,6,26
GUL,GUL,2015,6,27
GUL,GUL,2015,6,28
GUL,GUL,2015,6,30
GUL,GUL,2015,7,1
GUL,GUL,2015,7,3
GUL,GUL,2015,7,4
GUL,GUL,2015,7,5
GUL,GUL,2015,7,9
GUL,GUL,2015,7,10
GUL,GUL,2015,7,11
GUL,GUL,2015,7,12
GUL,GUL,2015,7,16
GUL,GUL,2015,7,17
GUL,GUL,2015,7,18
GUL,GUL,2015,7,19
GUL,GUL,2015,7,23
GUL,GUL,2015,7,24
GUL,GUL,2015,7,25
GUL,GUL,2015,7,26
GUL,GUL,2015,7,30
GUL,GUL,2015,7,31
GUL,GUL,2015,8,1
GUL,GUL,2015,8,2
GUL,GUL,2015,8,6
GUL,GUL,2015,8,7
GUL,GUL,2015,8,8
GUL,GUL,2015,8,9
GUL,GUL,2015,8,13
GUL,GUL,2015,8,14
GUL,GUL,2015,8,15
GUL,GUL,2015,8,16
GUL,GUL,2015,8,20
GUL,GUL,2015,8,21
GUL,GUL,2015,8,22
GUL,GUL,2015,8,23
GUL,GUL,2015,8,27
GUL,GUL,2015,8,28
GUL,GUL,2015,8,29
GUL,GUL,2015,8,30
GUL,GUL,2015,9,3
GUL,GUL,2015,9,4
GUL,GUL,2015,9,5
GUL,GUL,2015,9,6
GUL,GUL,2015,9,7
GUL,GUL,2015,9,11
GUL,GUL,2015,9,12
GUL,GUL,2015,9,13
GUL,GUL,2015,9,17
GUL,GUL,2015,9,18
GUL,GUL,2015,9,19
GUL,GUL,2015,9,20
GUL,GUL,2015,9,24
GUL,GUL,2015,9,25
GUL,GUL,2015,9,26
GUL,GUL,2015,9,27
GUL,GUL,2015,10,1
GUL,GUL,2015,10,2
GUL,GUL,2015,10,3
GUL,GUL,2015,10,7
GUL,GUL,2015,10,8
GUL,GUL,2015,10,9
GUL,GUL,2015,10,10
GUL,GUL,2015,10,11
GUL,GUL,2015,10,12
GUL,GUL,2015,10,14
GUL,GUL,2015,10,15
GUL,GUL,2015,10,16
GUL,GUL,2015,10,17
GUL,GUL,2015,10,18
GUL,GUL,2015,10,21
GUL,GUL,2015,10,22
GUL,GUL,2015,10,23
GUL,GUL,2015,10,24
GUL,GUL,2015,10,25
GUL,GUL,2015,10,28
GUL,GUL,2015,10,29
GUL,GUL,2015,10,30
GUL,GUL,2015,10,31
GUL,GUL,2015,11,1
GUL,GUL,2015,11,4
GUL,GUL,2015,11,5
GUL,GUL,2015,11,6
GUL,GUL,2015,11,7
GUL,GUL,2015,11,8
GUL,GUL,2015,11,11
GUL,GUL,2015,11,12
GUL,GUL,2015,11,13
GUL,GUL,2015,11,14
GUL,GUL,2015,11,15
GUL,GUL,2015,11,18
GUL,GUL,2015,11,19
GUL,GUL,2015,11,20
GUL,GUL,2015,11,21
GUL,GUL,2015,11,22
GUL,GUL,2015,11,25
HAW,HAW,1998,8,14
HAW,HAW,1998,8,15
HAW,HAW,1998,8,17
HAW,HAW,1998,8,19
HAW,HAW,1998,8,21
HAW,HAW,1998,8,22
HAW,HAW,1998,8,23
HAW,HAW,1998,8,24
HAW,HAW,1998,8,26
HAW,HAW,1998,8,28
HAW,HAW,1998,8,29
HAW,HAW,1998,8,30
HAW,HAW,1998,8,31
HAW,HAW,1998,9,2
HAW,HAW,1998,9,4
HAW,HAW,1998,9,5
HAW,HAW,1998,9,6
HAW,HAW,1998,9,7
HAW,HAW,1998,9,9
HAW,HAW,1998,9,11
HAW,HAW,1998,9,12
HAW,HAW,1998,9,13
HAW,HAW,1998,9,14
HAW,HAW,1998,9,16
HAW,HAW,1998,9,18
HAW,HAW,1998,9,19
HAW,HAW,1998,9,20
HAW,HAW,1998,9,21
HAW,HAW,1998,9,23
HAW,HAW,1998,9,25
HAW,HAW,1998,9,26
HAW,HAW,1998,9,27
HAW,HAW,1998,9,28
HAW,HAW,1998,9,30
HAW,HAW,1998,10,2
HAW,HAW,1998,10,3
HAW,HAW,1998,10,4
HAW,HAW,1998,10,5
HAW,HAW,1998,10,7
HAW,HAW,1998,10,9
HAW,HAW,1998,10,10
HAW,HAW,1998,10,11
HAW,HAW,1998,10,12
HAW,HAW,1998,10,14
HAW,HAW,1998,10,16
HAW,HAW,1998,10,17
HAW,HAW,1998,10,18
HAW,HAW,1998,10,19
HAW,HAW,1998,10,21
HAW,HAW,1998,10,23
HAW,HAW,1998,10,24
HAW,HAW,1998,10,25
HAW,HAW,1998,10,26
HAW,HAW,1998,10,28
HAW,HAW,1998,10,30
HAW,HAW,1998,10,31
HAW,HAW,1998,11,1
HAW,HAW,1998,11,2
HAW,HAW,1998,11,4
HAW,HAW,1998,11,6
HAW,HAW,1998,11,7
HAW,HAW,1998,11,8
HAW,HAW,1998,11,9
HAW,HAW,1998,11,11
HAW,HAW,1998,11,13
HAW,HAW,1998,11,14
HAW,HAW,1998,11,15
HAW,HAW,1998,11,16
HAW,HAW,1998,11,18
HAW,HAW,1998,11,20
HAW,HAW,1998,11,21
HAW,HAW,1998,11,22
HAW,HAW,1998,11,23
HAW,HAW,1998,11,25
HAW,HAW,1998,11,27
HAW,HAW,1998,11,28
HAW,HAW,1999,7,1
HAW,HAW,1999,7,2
HAW,HAW,1999,7,3
HAW,HAW,1999,7,4
HAW,HAW,1999,7,5
HAW,HAW,1999,7,8
HAW,HAW,1999,7,9
HAW,HAW,1999,7,10
HAW,HAW,1999,7,11
HAW,HAW,1999,7,14
HAW,HAW,1999,7,16
HAW,HAW,1999,7,18
HAW,HAW,1999,7,21
HAW,HAW,1999,7,22
HAW,HAW,1999,7,23
HAW,HAW,1999,7,24
HAW,HAW,1999,7,25
HAW,HAW,1999,7,28
HAW,HAW,1999,7,29
HAW,HAW,1999,7,30
HAW,HAW,1999,7,31
HAW,HAW,1999,8,1
HAW,HAW,1999,8,4
HAW,HAW,1999,8,5
HAW,HAW,1999,8,8
HAW,HAW,1999,8,11
HAW,HAW,1999,8,15
HAW,HAW,1999,8,18
HAW,HAW,1999,8,19
HAW,HAW,1999,8,20
HAW,HAW,1999,8,21
HAW,HAW,1999,8,25
HAW,HAW,1999,8,26
HAW,HAW,1999,8,29
HAW,HAW,1999,9,1
HAW,HAW,1999,9,2
HAW,HAW,1999,9,3
HAW,HAW,1999,9,4
HAW,HAW,1999,9,5
HAW,HAW,1999,9,6
HAW,HAW,1999,9,9
HAW,HAW,1999,9,10
HAW,HAW,1999,9,11
HAW,HAW,1999,9,12
HAW,HAW,1999,9,15
HAW,HAW,1999,9,16
HAW,HAW,1999,9,17
HAW,HAW,1999,9,18
HAW,HAW,1999,9,19
HAW,HAW,1999,9,22
HAW,HAW,1999,9,23
HAW,HAW,1999,9,24
HAW,HAW,1999,9,25
HAW,HAW,1999,9,26
HAW,HAW,1999,9,29
HAW,HAW,1999,9,30
HAW,HAW,1999,10,1
HAW,HAW,1999,10,2
HAW,HAW,1999,10,3
HAW,HAW,1999,10,6
HAW,HAW,1999,10,7
HAW,HAW,1999,10,8
HAW,HAW,1999,10,9
HAW,HAW,1999,10,10
HAW,HAW,1999,10,11
HAW,HAW,1999,10,13
HAW,HAW,1999,10,14
HAW,HAW,1999,10,15
HAW,HAW,1999,10,16
HAW,HAW,1999,10,17
HAW,HAW,1999,10,20
HAW,HAW,1999,10,21
HAW,HAW,1999,10,22
HAW,HAW,1999,10,23
HAW,HAW,1999,10,24
HAW,HAW,1999,10,27
HAW,HAW,1999,10,28
HAW,HAW,1999,10,29
HAW,HAW,1999,10,30
HAW,HAW,1999,10,31
HAW,HAW,1999,11,3
HAW,HAW,1999,11,4
HAW,HAW,1999,11,5
HAW,HAW,1999,11,6
HAW,HAW,1999,11,7
HAW,HAW,1999,11,10
HAW,HAW,1999,11,11
HAW,HAW,1999,11,12
HAW,HAW,1999,11,13
HAW,HAW,1999,11,14
HAW,HAW,1999,11,18
HAW,HAW,1999,11,19
HAW,HAW,1999,11,24
HAW,HAW,1999,11,25
HAW,HAW,1999,11,26
HAW,HAW,1999,11,27
HAW,HAW,1999,11,28
HAW,HAW,1999,12,1
HAW,HAW,1999,12,2
HAW,HAW,1999,12,4
HAW,HAW,1999,12,5
HAW,HAW,1999,12,8
HAW,HAW,1999,12,9
HAW,HAW,1999,12,10
HAW,HAW,1999,12,12
HAW,HAW,1999,12,15
HAW,HAW,1999,12,16
HAW,HAW,1999,12,19
HAW,HAW,2000,10,1
HAW,HAW,2000,10,4
HAW,HAW,2000,10,5
HAW,HAW,2000,10,7
HAW,HAW,2000,10,8
HAW,HAW,2000,10,9
HAW,HAW,2000,10,11
HAW,HAW,2000,10,12
HAW,HAW,2000,10,13
HAW,HAW,2000,10,14
HAW,HAW,2000,10,15
HAW,HAW,2000,10,18
HAW,HAW,2000,10,19
HAW,HAW,2000,10,20
HAW,HAW,2000,10,21
HAW,HAW,2000,10,22
HAW,HAW,2000,10,25
HAW,HAW,2000,10,26
HAW,HAW,2000,10,27
HAW,HAW,2000,10,28
HAW,HAW,2000,10,29
HAW,HAW,2000,11,1
HAW,HAW,2000,11,2
HAW,HAW,2000,11,3
HAW,HAW,2000,11,4
HAW,HAW,2000,11,5
HAW,HAW,2000,11,8
HAW,HAW,2000,11,9
HAW,HAW,2000,11,10
HAW,HAW,2000,11,11
HAW,HAW,2000,11,12
HAW,HAW,2000,11,15
HAW,HAW,2000,11,16
HAW,HAW,2000,11,18
HAW,HAW,2000,11,19
HAW,HAW,2000,11,22
HAW,HAW,2000,11,23
HAW,HAW,2000,11,24
HAW,HAW,2000,11,25
HAW,HAW,2000,11,26
HAW,HAW,2000,11,29
HAW,HAW,2000,11,30
HAW,HAW,2000,12,1
HAW,HAW,2000,12,2
HAW,HAW,2000,12,3
HAW,HAW,2000,12,6
HAW,HAW,2000,12,7
HAW,HAW,2000,12,8
HAW,HAW,2000,12,9
HAW,HAW,2000,12,10
HAW,HAW,2000,12,14
HAW,HAW,2000,12,15
HAW,HAW,2000,12,16
HAW,HAW,2000,12,23
HAW,HAW,2000,12,27
HAW,HAW,2000,12,28
HAW,HAW,2000,12,29
HAW,HAW,2000,12,30
HAW,HAW,2000,12,31
HAW,HAW,2001,1,1
HAW,HAW,2001,5,1
HAW,HAW,2001,5,4
HAW,HAW,2001,5,5
HAW,HAW,2001,5,6
HAW,HAW,2001,5,8
HAW,HAW,2001,5,11
HAW,HAW,2001,5,12
HAW,HAW,2001,5,13
HAW,HAW,2001,5,14
HAW,HAW,2001,5,15
HAW,HAW,2001,5,18
HAW,HAW,2001,5,19
HAW,HAW,2001,5,20
HAW,HAW,2001,5,21
HAW,HAW,2001,5,22
HAW,HAW,2001,5,25
HAW,HAW,2001,5,26
HAW,HAW,2001,5,27
HAW,HAW,2001,5,28
HAW,HAW,2001,5,29
HAW,HAW,2001,6,1
HAW,HAW,2001,6,2
HAW,HAW,2001,6,3
HAW,HAW,2001,6,4
HAW,HAW,2001,6,5
HAW,HAW,2001,6,6
HAW,HAW,2001,6,8
HAW,HAW,2001,11,1
HAW,HAW,2001,11,3
HAW,HAW,2001,11,4
HAW,HAW,2001,11,7
HAW,HAW,2001,11,8
HAW,HAW,2001,11,9
HAW,HAW,2001,11,10
HAW,HAW,2001,11,11
HAW,HAW,2001,11,14
HAW,HAW,2001,11,15
HAW,HAW,2001,11,16
HAW,HAW,2001,11,18
HAW,HAW,2001,11,21
HAW,HAW,2001,11,22
HAW,HAW,2001,11,24
HAW,HAW,2001,11,25
HAW,HAW,2001,11,28
HAW,HAW,2001,11,29
HAW,HAW,2001,11,30
HAW,HAW,2001,12,1
HAW,HAW,2001,12,2
HAW,HAW,2001,12,5
HAW,HAW,2001,12,6
HAW,HAW,2001,12,7
HAW,HAW,2001,12,9
HAW,HAW,2001,12,12
HAW,HAW,2001,12,14
HAW,HAW,2001,12,15
HAW,HAW,2001,12,16
HAW,HAW,2001,12,19
HAW,HAW,2001,12,20
HAW,HAW,2001,12,21
HAW,HAW,2001,12,23
HAW,HAW,2001,12,27
HAW,HAW,2001,12,29
HAW,HAW,2001,12,31
HAW,HAW,2002,1,1
HAW,HAW,2002,5,6
HAW,HAW,2002,5,14
HAW,HAW,2002,5,17
HAW,HAW,2002,5,18
HAW,HAW,2002,5,19
HAW,HAW,2002,5,20
HAW,HAW,2002,5,21
HAW,HAW,2002,5,24
HAW,HAW,2002,5,25
HAW,HAW,2002,5,26
HAW,HAW,2002,5,27
HAW,HAW,2002,5,28
HAW,HAW,2002,5,31
HAW,HAW,2002,6,1
HAW,HAW,2002,6,2
HAW,HAW,2002,6,3
HAW,HAW,2002,6,4
HAW,HAW,2002,11,1
HAW,HAW,2002,11,2
HAW,HAW,2002,11,3
HAW,HAW,2002,11,6
HAW,HAW,2002,11,7
HAW,HAW,2002,11,8
HAW,HAW,2002,11,9
HAW,HAW,2002,11,10
HAW,HAW,2002,11,13
HAW,HAW,2002,11,14
HAW,HAW,2002,11,15
HAW,HAW,2002,11,16
HAW,HAW,2002,11,17
HAW,HAW,2002,11,20
HAW,HAW,2002,11,21
HAW,HAW,2002,11,22
HAW,HAW,2002,11,23
HAW,HAW,2002,11,24
HAW,HAW,2002,11,27
HAW,HAW,2002,11,28
HAW,HAW,2002,11,29
HAW,HAW,2002,11,30
HAW,HAW,2002,12,1
HAW,HAW,2002,12,4
HAW,HAW,2002,12,5
HAW,HAW,2002,12,6
HAW,HAW,2002,12,7
HAW,HAW,2002,12,8
HAW,HAW,2002,12,11
HAW,HAW,2002,12,12
HAW,HAW,2002,12,13
HAW,HAW,2002,12,14
HAW,HAW,2002,12,15
HAW,HAW,2002,12,18
HAW,HAW,2002,12,19
HAW,HAW,2002,12,20
HAW,HAW,2002,12,21
HAW,HAW,2002,12,22
HAW,HAW,2002,12,26
HAW,HAW,2002,12,27
HAW,HAW,2002,12,28
HAW,HAW,2002,12,29
HAW,HAW,2003,1,1
HAW,HAW,2003,3,4
HAW,HAW,2003,3,7
HAW,HAW,2003,3,8
HAW,HAW,2003,3,9
HAW,HAW,2003,3,10
HAW,HAW,2003,3,11
HAW,HAW,2003,3,14
HAW,HAW,2003,3,15
HAW,HAW,2003,3,16
HAW,HAW,2003,3,17
HAW,HAW,2003,3,18
HAW,HAW,2003,3,21
HAW,HAW,2003,3,22
HAW,HAW,2003,3,23
HAW,HAW,2003,3,24
HAW,HAW,2003,3,25
HAW,HAW,2003,3,28
HAW,HAW,2003,3,29
HAW,HAW,2003,3,30
HAW,HAW,2003,3,31
HAW,HAW,2003,4,1
HAW,HAW,2003,4,4
HAW,HAW,2003,4,5
HAW,HAW,2003,4,6
HAW,HAW,2003,4,7
HAW,HAW,2003,4,8
HAW,HAW,2003,4,11
HAW,HAW,2003,4,12
HAW,HAW,2003,4,13
HAW,HAW,2003,4,14
HAW,HAW,2003,4,15
HAW,HAW,2003,4,18
HAW,HAW,2003,4,19
HAW,HAW,2003,4,21
HAW,HAW,2003,4,22
HAW,HAW,2003,4,25
HAW,HAW,2003,4,26
HAW,HAW,2003,4,27
HAW,HAW,2003,4,28
HAW,HAW,2003,4,29
HAW,HAW,2003,5,2
HAW,HAW,2003,5,3
HAW,HAW,2003,5,4
HAW,HAW,2003,5,5
HAW,HAW,2003,5,6
HAW,HAW,2003,9,28
HAW,HAW,2003,10,1
HAW,HAW,2003,10,2
HAW,HAW,2003,10,3
HAW,HAW,2003,10,4
HAW,HAW,2003,10,5
HAW,HAW,2003,10,8
HAW,HAW,2003,10,9
HAW,HAW,2003,10,10
HAW,HAW,2003,10,11
HAW,HAW,2003,10,12
HAW,HAW,2003,10,13
HAW,HAW,2003,10,15
HAW,HAW,2003,10,16
HAW,HAW,2003,10,17
HAW,HAW,2003,10,18
HAW,HAW,2003,10,19
HAW,HAW,2003,10,22
HAW,HAW,2003,10,23
HAW,HAW,2003,10,24
HAW,HAW,2003,10,25
HAW,HAW,2003,10,26
HAW,HAW,2003,10,29
HAW,HAW,2003,10,30
HAW,HAW,2003,10,31
HAW,HAW,2003,11,1
HAW,HAW,2003,11,2
HAW,HAW,2003,11,5
HAW,HAW,2003,11,6
HAW,HAW,2003,11,7
HAW,HAW,2003,11,8
HAW,HAW,2003,11,9
HAW,HAW,2003,11,12
HAW,HAW,2003,11,13
HAW,HAW,2003,11,14
HAW,HAW,2003,11,15
HAW,HAW,2003,11,16
HAW,HAW,2003,11,19
HAW,HAW,2003,11,20
HAW,HAW,2003,11,21
HAW,HAW,2003,11,22
HAW,HAW,2003,11,23
HAW,HAW,2003,11,26
HAW,HAW,2003,11,28
HAW,HAW,2003,11,29
HAW,HAW,2003,11,30
HAW,HAW,2003,12,3
HAW,HAW,2003,12,4
HAW,HAW,2003,12,5
HAW,HAW,2003,12,6
HAW,HAW,2003,12,7
HAW,HAW,2003,12,10
HAW,HAW,2003,12,11
HAW,HAW,2003,12,12
HAW,HAW,2003,12,13
HAW,HAW,2003,12,14
HAW,HAW,2003,12,17
HAW,HAW,2003,12,18
HAW,HAW,2003,12,19
HAW,HAW,2003,12,20
HAW,HAW,2003,12,21
HAW,HAW,2003,12,26
HAW,HAW,2003,12,27
HAW,HAW,2003,12,28
HAW,HAW,2003,12,29
HAW,HAW,2003,12,31
HAW,HAW,2004,1,1
HAW,HAW,2004,1,2
HAW,HAW,2004,1,3
HAW,HAW,2004,2,27
HAW,HAW,2004,2,28
HAW,HAW,2004,3,5
HAW,HAW,2004,3,6
HAW,HAW,2004,3,7
HAW,HAW,2004,3,8
HAW,HAW,2004,3,12
HAW,HAW,2004,3,13
HAW,HAW,2004,3,14
HAW,HAW,2004,3,15
HAW,HAW,2004,3,19
HAW,HAW,2004,3,20
HAW,HAW,2004,3,21
HAW,HAW,2004,3,22
HAW,HAW,2004,3,26
HAW,HAW,2004,3,27
HAW,HAW,2004,3,28
HAW,HAW,2004,3,29
HAW,HAW,2004,4,2
HAW,HAW,2004,4,3
HAW,HAW,2004,4,4
HAW,HAW,2004,4,5
HAW,HAW,2004,4,6
HAW,HAW,2004,4,9
HAW,HAW,2004,4,10
HAW,HAW,2004,4,12
HAW,HAW,2004,4,13
HAW,HAW,2004,4,16
HAW,HAW,2004,4,17
HAW,HAW,2004,4,18
HAW,HAW,2004,4,19
HAW,HAW,2004,4,20
HAW,HAW,2004,4,23
HAW,HAW,2004,4,24
HAW,HAW,2004,4,25
HAW,HAW,2004,4,26
HAW,HAW,2004,4,27
HAW,HAW,2004,4,30
HAW,HAW,2004,5,1
HAW,HAW,2004,5,2
HAW,HAW,2004,5,3
HAW,HAW,2004,5,4
HAW,HAW,2004,5,7
HAW,HAW,2004,5,8
HAW,HAW,2004,5,9
HAW,HAW,2004,5,10
HAW,HAW,2004,5,11
HAW,HAW,2004,9,24
HAW,HAW,2004,9,25
HAW,HAW,2004,9,26
HAW,HAW,2004,9,29
HAW,HAW,2004,9,30
HAW,HAW,2004,10,1
HAW,HAW,2004,10,2
HAW,HAW,2004,10,3
HAW,HAW,2004,10,6
HAW,HAW,2004,10,7
HAW,HAW,2004,10,8
HAW,HAW,2004,10,9
HAW,HAW,2004,10,10
HAW,HAW,2004,10,11
HAW,HAW,2004,10,13
HAW,HAW,2004,10,14
HAW,HAW,2004,10,15
HAW,HAW,2004,10,16
HAW,HAW,2004,10,17
HAW,HAW,2004,10,20
HAW,HAW,2004,10,21
HAW,HAW,2004,10,22
HAW,HAW,2004,10,23
HAW,HAW,2004,10,24
HAW,HAW,2004,10,27
HAW,HAW,2004,10,28
HAW,HAW,2004,10,29
HAW,HAW,2004,10,30
HAW,HAW,2004,10,31
HAW,HAW,2004,11,3
HAW,HAW,2004,11,4
HAW,HAW,2004,11,5
HAW,HAW,2004,11,6
HAW,HAW,2004,11,7
HAW,HAW,2004,11,10
HAW,HAW,2004,11,11
HAW,HAW,2004,11,12
HAW,HAW,2004,11,13
HAW,HAW,2004,11,14
HAW,HAW,2004,11,17
HAW,HAW,2004,11,18
HAW,HAW,2004,11,19
HAW,HAW,2004,11,20
HAW,HAW,2004,11,21
HAW,HAW,2004,11,24
HAW,HAW,2004,11,26
HAW,HAW,2004,11,27
HAW,HAW,2004,11,28
HAW,HAW,2004,12,1
HAW,HAW,2004,12,3
HAW,HAW,2004,12,4
HAW,HAW,2004,12,5
HAW,HAW,2004,12,8
HAW,HAW,2004,12,10
HAW,HAW,2004,12,11
HAW,HAW,2004,12,12
HAW,HAW,2004,12,15
HAW,HAW,2004,12,17
HAW,HAW,2004,12,18
HAW,HAW,2004,12,19
HAW,HAW,2004,12,22
HAW,HAW,2004,12,26
HAW,HAW,2004,12,29
HAW,HAW,2004,12,31
HAW,HAW,2005,1,1
HAW,HAW,2005,1,2
HAW,HAW,2005,2,25
HAW,HAW,2005,2,26
HAW,HAW,2005,2,27
HAW,HAW,2005,2,28
HAW,HAW,2005,3,1
HAW,HAW,2005,3,4
HAW,HAW,2005,3,5
HAW,HAW,2005,3,6
HAW,HAW,2005,3,7
HAW,HAW,2005,3,8
HAW,HAW,2005,3,11
HAW,HAW,2005,3,12
HAW,HAW,2005,3,13
HAW,HAW,2005,3,14
HAW,HAW,2005,3,15
HAW,HAW,2005,3,18
HAW,HAW,2005,3,19
HAW,HAW,2005,3,20
HAW,HAW,2005,3,21
HAW,HAW,2005,3,22
HAW,HAW,2005,3,25
HAW,HAW,2005,3,26
HAW,HAW,2005,3,28
HAW,HAW,2005,3,29
HAW,HAW,2005,4,1
HAW,HAW,2005,4,2
HAW,HAW,2005,4,3
HAW,HAW,2005,4,4
HAW,HAW,2005,4,5
HAW,HAW,2005,4,8
HAW,HAW,2005,4,9
HAW,HAW,2005,4,10
HAW,HAW,2005,4,11
HAW,HAW,2005,4,12
HAW,HAW,2005,4,15
HAW,HAW,2005,4,16
HAW,HAW,2005,4,17
HAW,HAW,2005,4,18
HAW,HAW,2005,4,19
HAW,HAW,2005,4,22
HAW,HAW,2005,4,23
HAW,HAW,2005,4,24
HAW,HAW,2005,4,25
HAW,HAW,2005,4,26
HAW,HAW,2005,4,29
HAW,HAW,2005,4,30
HAW,HAW,2005,5,1
HAW,HAW,2005,5,2
HAW,HAW,2005,5,3
HAW,HAW,2005,5,6
HAW,HAW,2005,5,7
HAW,HAW,2005,5,8
HAW,HAW,2005,5,9
HAW,HAW,2005,5,10
HAW,HAW,2005,9,23
HAW,HAW,2005,9,24
HAW,HAW,2005,9,25
HAW,HAW,2005,9,28
HAW,HAW,2005,9,29
HAW,HAW,2005,9,30
HAW,HAW,2005,10,1
HAW,HAW,2005,10,2
HAW,HAW,2005,10,5
HAW,HAW,2005,10,6
HAW,HAW,2005,10,7
HAW,HAW,2005,10,8
HAW,HAW,2005,10,9
HAW,HAW,2005,10,10
HAW,HAW,2005,10,12
HAW,HAW,2005,10,13
HAW,HAW,2005,10,14
HAW,HAW,2005,10,15
HAW,HAW,2005,10,16
HAW,HAW,2005,10,19
HAW,HAW,2005,10,20
HAW,HAW,2005,10,21
HAW,HAW,2005,10,22
HAW,HAW,2005,10,23
HAW,HAW,2005,10,26
HAW,HAW,2005,10,27
HAW,HAW,2005,10,28
HAW,HAW,2005,10,29
HAW,HAW,2005,10,30
HAW,HAW,2005,11,2
HAW,HAW,2005,11,3
HAW,HAW,2005,11,4
HAW,HAW,2005,11,5
HAW,HAW,2005,11,6
HAW,HAW,2005,11,9
HAW,HAW,2005,11,10
HAW,HAW,2005,11,11
HAW,HAW,2005,11,12
HAW,HAW,2005,11,13
HAW,HAW,2005,11,16
HAW,HAW,2005,11,17
HAW,HAW,2005,11,18
HAW,HAW,2005,11,19
HAW,HAW,2005,11,20
HAW,HAW,2005,11,23
HAW,HAW,2005,11,25
HAW,HAW,2005,11,26
HAW,HAW,2005,11,27
HAW,HAW,2005,11,30
HAW,HAW,2005,12,1
HAW,HAW,2005,12,2
HAW,HAW,2005,12,3
HAW,HAW,2005,12,4
HAW,HAW,2005,12,7
HAW,HAW,2005,12,9
HAW,HAW,2005,12,10
HAW,HAW,2005,12,11
HAW,HAW,2005,12,14
HAW,HAW,2005,12,15
HAW,HAW,2005,12,16
HAW,HAW,2005,12,17
HAW,HAW,2005,12,18
HAW,HAW,2005,12,21
HAW,HAW,2005,12,22
HAW,HAW,2005,12,23
HAW,HAW,2005,12,28
HAW,HAW,2005,12,29
HAW,HAW,2005,12,30
HAW,HAW,2005,12,31
HAW,HAW,2006,1,1
HAW,HAW,2006,1,2
HAW,HAW,2006,2,24
HAW,HAW,2006,2,25
HAW,HAW,2006,2,26
HAW,HAW,2006,2,27
HAW,HAW,2006,2,28
HAW,HAW,2006,3,3
HAW,HAW,2006,3,4
HAW,HAW,2006,3,5
HAW,HAW,2006,3,6
HAW,HAW,2006,3,7
HAW,HAW,2006,3,10
HAW,HAW,2006,3,11
HAW,HAW,2006,3,12
HAW,HAW,2006,3,13
HAW,HAW,2006,3,14
HAW,HAW,2006,3,17
HAW,HAW,2006,3,18
HAW,HAW,2006,3,19
HAW,HAW,2006,3,20
HAW,HAW,2006,3,21
HAW,HAW,2006,3,24
HAW,HAW,2006,3,25
HAW,HAW,2006,3,26
HAW,HAW,2006,3,27
HAW,HAW,2006,3,28
HAW,HAW,2006,3,31
HAW,HAW,2006,4,1
HAW,HAW,2006,4,2
HAW,HAW,2006,4,3
HAW,HAW,2006,4,4
HAW,HAW,2006,4,7
HAW,HAW,2006,4,8
HAW,HAW,2006,4,9
HAW,HAW,2006,4,10
HAW,HAW,2006,4,11
HAW,HAW,2006,4,14
HAW,HAW,2006,4,15
HAW,HAW,2006,4,17
HAW,HAW,2006,4,18
HAW,HAW,2006,4,21
HAW,HAW,2006,4,22
HAW,HAW,2006,4,23
HAW,HAW,2006,4,24
HAW,HAW,2006,4,25
HAW,HAW,2006,4,28
HAW,HAW,2006,4,29
HAW,HAW,2006,4,30
HAW,HAW,2006,5,1
HAW,HAW,2006,5,2
HAW,HAW,2006,5,6
HAW,HAW,2006,5,7
HAW,HAW,2006,5,9
HAW,HAW,2006,5,10
HAW,HAW,2006,5,11
HAW,HAW,2006,5,12
HAW,HAW,2006,5,13
HAW,HAW,2006,5,14
HAW,HAW,2006,5,16
HAW,HAW,2006,5,17
HAW,HAW,2006,5,18
HAW,HAW,2006,5,19
HAW,HAW,2006,5,20
HAW,HAW,2006,5,21
HAW,HAW,2006,5,23
HAW,HAW,2006,5,24
HAW,HAW,2006,5,25
HAW,HAW,2006,5,26
HAW,HAW,2006,5,27
HAW,HAW,2006,5,28
HAW,HAW,2006,5,30
HAW,HAW,2006,5,31
HAW,HAW,2006,6,1
HAW,HAW,2006,6,2
HAW,HAW,2006,6,3
HAW,HAW,2006,6,4
HAW,HAW,2006,6,6
HAW,HAW,2006,6,7
HAW,HAW,2006,6,8
HAW,HAW,2006,6,9
HAW,HAW,2006,6,10
HAW,HAW,2006,6,11
HAW,HAW,2006,6,13
HAW,HAW,2006,6,14
HAW,HAW,2006,6,15
HAW,HAW,2006,6,16
HAW,HAW,2006,6,17
HAW,HAW,2006,9,15
HAW,HAW,2006,9,16
HAW,HAW,2006,9,17
HAW,HAW,2006,9,20
HAW,HAW,2006,9,21
HAW,HAW,2006,9,22
HAW,HAW,2006,9,23
HAW,HAW,2006,9,24
HAW,HAW,2006,9,27
HAW,HAW,2006,9,28
HAW,HAW,2006,9,29
HAW,HAW,2006,9,30
HAW,HAW,2006,10,1
HAW,HAW,2006,10,4
HAW,HAW,2006,10,5
HAW,HAW,2006,10,6
HAW,HAW,2006,10,7
HAW,HAW,2006,10,8
HAW,HAW,2006,10,9
HAW,HAW,2006,10,11
HAW,HAW,2006,10,12
HAW,HAW,2006,10,13
HAW,HAW,2006,10,14
HAW,HAW,2006,10,15
HAW,HAW,2006,10,18
HAW,HAW,2006,10,19
HAW,HAW,2006,10,20
HAW,HAW,2006,10,21
HAW,HAW,2006,10,22
HAW,HAW,2006,10,25
HAW,HAW,2006,10,26
HAW,HAW,2006,10,27
HAW,HAW,2006,10,28
HAW,HAW,2006,10,29
HAW,HAW,2006,11,1
HAW,HAW,2006,11,2
HAW,HAW,2006,11,3
HAW,HAW,2006,11,4
HAW,HAW,2006,11,5
HAW,HAW,2006,11,8
HAW,HAW,2006,11,9
HAW,HAW,2006,11,10
HAW,HAW,2006,11,11
HAW,HAW,2006,11,12
HAW,HAW,2006,11,15
HAW,HAW,2006,11,17
HAW,HAW,2006,11,18
HAW,HAW,2006,11,19
HAW,HAW,2006,11,22
HAW,HAW,2006,11,24
HAW,HAW,2006,11,25
HAW,HAW,2006,11,26
HAW,HAW,2006,11,29
HAW,HAW,2006,12,2
HAW,HAW,2006,12,3
HAW,HAW,2006,12,6
HAW,HAW,2006,12,7
HAW,HAW,2006,12,8
HAW,HAW,2006,12,9
HAW,HAW,2006,12,10
HAW,HAW,2006,12,13
HAW,HAW,2006,12,14
HAW,HAW,2006,12,15
HAW,HAW,2006,12,16
HAW,HAW,2006,12,17
HAW,HAW,2006,12,20
HAW,HAW,2006,12,21
HAW,HAW,2006,12,22
HAW,HAW,2006,12,23
HAW,HAW,2006,12,26
HAW,HAW,2006,12,27
HAW,HAW,2006,12,28
HAW,HAW,2006,12,29
HAW,HAW,2006,12,30
HAW,HAW,2006,12,31
HAW,HAW,2007,1,1
HAW,HAW,2007,2,23
HAW,HAW,2007,2,24
HAW,HAW,2007,2,25
HAW,HAW,2007,3,1
HAW,HAW,2007,3,2
HAW,HAW,2007,3,3
HAW,HAW,2007,3,4
HAW,HAW,2007,3,5
HAW,HAW,2007,3,8
HAW,HAW,2007,3,9
HAW,HAW,2007,3,10
HAW,HAW,2007,3,11
HAW,HAW,2007,3,12
HAW,HAW,2007,3,15
HAW,HAW,2007,3,16
HAW,HAW,2007,3,17
HAW,HAW,2007,3,18
HAW,HAW,2007,3,19
HAW,HAW,2007,3,22
HAW,HAW,2007,3,23
HAW,HAW,2007,3,24
HAW,HAW,2007,3,25
HAW,HAW,2007,3,26
HAW,HAW,2007,3,29
HAW,HAW,2007,3,30
HAW,HAW,2007,3,31
HAW,HAW,2007,4,1
HAW,HAW,2007,4,2
HAW,HAW,2007,4,5
HAW,HAW,2007,4,6
HAW,HAW,2007,4,7
HAW,HAW,2007,4,12
HAW,HAW,2007,4,13
HAW,HAW,2007,4,14
HAW,HAW,2007,4,15
HAW,HAW,2007,4,16
HAW,HAW,2007,4,19
HAW,HAW,2007,4,20
HAW,HAW,2007,4,21
HAW,HAW,2007,4,22
HAW,HAW,2007,4,23
HAW,HAW,2007,4,26
HAW,HAW,2007,4,27
HAW,HAW,2007,4,28
HAW,HAW,2007,4,29
HAW,HAW,2007,6,22
HAW,HAW,2007,6,23
HAW,HAW,2007,6,24
HAW,HAW,2007,6,26
HAW,HAW,2007,6,27
HAW,HAW,2007,6,28
HAW,HAW,2007,6,29
HAW,HAW,2007,6,30
HAW,HAW,2007,7,1
HAW,HAW,2007,7,3
HAW,HAW,2007,7,4
HAW,HAW,2007,7,5
HAW,HAW,2007,7,6
HAW,HAW,2007,7,7
HAW,HAW,2007,7,8
HAW,HAW,2007,7,10
HAW,HAW,2007,7,11
HAW,HAW,2007,7,12
HAW,HAW,2007,7,13
HAW,HAW,2007,7,14
HAW,HAW,2007,7,15
HAW,HAW,2007,7,17
HAW,HAW,2007,7,18
HAW,HAW,2007,7,19
HAW,HAW,2007,7,20
HAW,HAW,2007,7,21
HAW,HAW,2007,7,22
HAW,HAW,2007,7,24
HAW,HAW,2007,7,25
HAW,HAW,2007,7,26
HAW,HAW,2007,7,27
HAW,HAW,2007,7,28
HAW,HAW,2007,7,29
HAW,HAW,2007,7,31
HAW,HAW,2007,8,1
HAW,HAW,2007,8,2
HAW,HAW,2007,8,3
HAW,HAW,2007,8,4
HAW,HAW,2007,8,5
HAW,HAW,2007,9,21
HAW,HAW,2007,9,22
HAW,HAW,2007,9,23
HAW,HAW,2007,9,26
HAW,HAW,2007,9,27
HAW,HAW,2007,9,28
HAW,HAW,2007,9,29
HAW,HAW,2007,9,30
HAW,HAW,2007,10,3
HAW,HAW,2007,10,4
HAW,HAW,2007,10,5
HAW,HAW,2007,10,6
HAW,HAW,2007,10,7
HAW,HAW,2007,10,8
HAW,HAW,2007,10,10
HAW,HAW,2007,10,11
HAW,HAW,2007,10,12
HAW,HAW,2007,10,13
HAW,HAW,2007,10,14
HAW,HAW,2007,10,17
HAW,HAW,2007,10,18
HAW,HAW,2007,10,19
HAW,HAW,2007,10,20
HAW,HAW,2007,10,21
HAW,HAW,2007,10,24
HAW,HAW,2007,10,25
HAW,HAW,2007,10,26
HAW,HAW,2007,10,27
HAW,HAW,2007,10,28
HAW,HAW,2007,10,31
HAW,HAW,2007,11,1
HAW,HAW,2007,11,2
HAW,HAW,2007,11,3
HAW,HAW,2007,11,4
HAW,HAW,2007,11,7
HAW,HAW,2007,11,8
HAW,HAW,2007,11,9
HAW,HAW,2007,11,10
HAW,HAW,2007,11,11
HAW,HAW,2007,11,14
HAW,HAW,2007,11,15
HAW,HAW,2007,11,16
HAW,HAW,2007,11,17
HAW,HAW,2007,11,18
HAW,HAW,2007,11,21
HAW,HAW,2007,11,23
HAW,HAW,2007,11,24
HAW,HAW,2007,11,25
HAW,HAW,2007,11,28
HAW,HAW,2007,11,29
HAW,HAW,2007,11,30
HAW,HAW,2007,12,1
HAW,HAW,2007,12,2
HAW,HAW,2007,12,5
HAW,HAW,2007,12,6
HAW,HAW,2007,12,7
HAW,HAW,2007,12,8
HAW,HAW,2007,12,9
HAW,HAW,2007,12,12
HAW,HAW,2007,12,13
HAW,HAW,2007,12,14
HAW,HAW,2007,12,15
HAW,HAW,2007,12,16
HAW,HAW,2007,12,19
HAW,HAW,2007,12,20
HAW,HAW,2007,12,21
HAW,HAW,2007,12,22
HAW,HAW,2007,12,26
HAW,HAW,2007,12,27
HAW,HAW,2007,12,28
HAW,HAW,2007,12,29
HAW,HAW,2007,12,30
HAW,HAW,2008,1,2
HAW,HAW,2008,1,3
HAW,HAW,2008,1,4
HAW,HAW,2008,1,5
HAW,HAW,2008,1,6
HAW,HAW,2008,1,9
HAW,HAW,2008,1,10
HAW,HAW,2008,1,11
HAW,HAW,2008,1,12
HAW,HAW,2008,1,13
HAW,HAW,2008,3,7
HAW,HAW,2008,3,8
HAW,HAW,2008,3,9
HAW,HAW,2008,3,10
HAW,HAW,2008,3,13
HAW,HAW,2008,3,14
HAW,HAW,2008,3,15
HAW,HAW,2008,3,16
HAW,HAW,2008,3,17
HAW,HAW,2008,3,20
HAW,HAW,2008,3,21
HAW,HAW,2008,3,22
HAW,HAW,2008,3,24
HAW,HAW,2008,3,27
HAW,HAW,2008,3,28
HAW,HAW,2008,3,29
HAW,HAW,2008,3,30
HAW,HAW,2008,3,31
HAW,HAW,2008,4,3
HAW,HAW,2008,4,4
HAW,HAW,2008,4,5
HAW,HAW,2008,4,6
HAW,HAW,2008,4,7
HAW,HAW,2008,4,10
HAW,HAW,2008,4,11
HAW,HAW,2008,4,12
HAW,HAW,2008,4,13
HAW,HAW,2008,4,14
HAW,HAW,2008,4,17
HAW,HAW,2008,4,18
HAW,HAW,2008,4,19
HAW,HAW,2008,4,20
HAW,HAW,2008,4,21
HAW,HAW,2008,4,24
HAW,HAW,2008,4,25
HAW,HAW,2008,4,26
HAW,HAW,2008,4,27
HAW,HAW,2008,4,28
HAW,HAW,2008,6,24
HAW,HAW,2008,6,25
HAW,HAW,2008,6,26
HAW,HAW,2008,6,27
HAW,HAW,2008,6,28
HAW,HAW,2008,6,29
HAW,HAW,2008,7,1
HAW,HAW,2008,7,2
HAW,HAW,2008,7,3
HAW,HAW,2008,7,4
HAW,HAW,2008,7,5
HAW,HAW,2008,7,6
HAW,HAW,2008,7,8
HAW,HAW,2008,7,9
HAW,HAW,2008,7,10
HAW,HAW,2008,7,11
HAW,HAW,2008,7,12
HAW,HAW,2008,7,13
HAW,HAW,2008,7,15
HAW,HAW,2008,7,16
HAW,HAW,2008,7,17
HAW,HAW,2008,7,18
HAW,HAW,2008,7,19
HAW,HAW,2008,7,20
HAW,HAW,2008,7,22
HAW,HAW,2008,7,23
HAW,HAW,2008,7,24
HAW,HAW,2008,7,25
HAW,HAW,2008,7,26
HAW,HAW,2008,7,27
HAW,HAW,2008,7,29
HAW,HAW,2008,7,30
HAW,HAW,2008,7,31
HAW,HAW,2008,8,1
HAW,HAW,2008,8,2
HAW,HAW,2008,8,3
HAW,HAW,2008,8,5
HAW,HAW,2008,8,6
HAW,HAW,2008,8,7
HAW,HAW,2008,9,26
HAW,HAW,2008,9,27
HAW,HAW,2008,9,28
HAW,HAW,2008,10,1
HAW,HAW,2008,10,2
HAW,HAW,2008,10,3
HAW,HAW,2008,10,4
HAW,HAW,2008,10,5
HAW,HAW,2008,10,8
HAW,HAW,2008,10,9
HAW,HAW,2008,10,10
HAW,HAW,2008,10,11
HAW,HAW,2008,10,12
HAW,HAW,2008,10,13
HAW,HAW,2008,10,16
HAW,HAW,2008,10,17
HAW,HAW,2008,10,18
HAW,HAW,2008,10,19
HAW,HAW,2008,10,22
HAW,HAW,2008,10,23
HAW,HAW,2008,10,24
HAW,HAW,2008,10,25
HAW,HAW,2008,10,26
HAW,HAW,2008,10,29
HAW,HAW,2008,10,30
HAW,HAW,2008,10,31
HAW,HAW,2008,11,1
HAW,HAW,2008,11,2
HAW,HAW,2008,11,5
HAW,HAW,2008,11,6
HAW,HAW,2008,11,7
HAW,HAW,2008,11,8
HAW,HAW,2008,11,9
HAW,HAW,2008,11,12
HAW,HAW,2008,11,13
HAW,HAW,2008,11,14
HAW,HAW,2008,11,15
HAW,HAW,2008,11,16
HAW,HAW,2008,11,19
HAW,HAW,2008,11,20
HAW,HAW,2008,11,21
HAW,HAW,2008,11,22
HAW,HAW,2008,11,23
HAW,HAW,2008,11,26
HAW,HAW,2008,11,28
HAW,HAW,2008,11,29
HAW,HAW,2008,11,30
HAW,HAW,2008,12,3
HAW,HAW,2008,12,4
HAW,HAW,2008,12,5
HAW,HAW,2008,12,6
HAW,HAW,2008,12,7
HAW,HAW,2008,12,10
HAW,HAW,2008,12,11
HAW,HAW,2008,12,12
HAW,HAW,2008,12,13
HAW,HAW,2008,12,17
HAW,HAW,2008,12,18
HAW,HAW,2008,12,19
HAW,HAW,2008,12,20
HAW,HAW,2008,12,27
HAW,HAW,2008,12,28
HAW,HAW,2008,12,31
HAW,HAW,2009,1,1
HAW,HAW,2009,1,2
HAW,HAW,2009,1,3
HAW,HAW,2009,1,4
HAW,HAW,2009,1,7
HAW,HAW,2009,1,8
HAW,HAW,2009,1,9
HAW,HAW,2009,1,10
HAW,HAW,2009,1,11
HAW,HAW,2009,3,6
HAW,HAW,2009,3,7
HAW,HAW,2009,3,8
HAW,HAW,2009,3,9
HAW,HAW,2009,3,12
HAW,HAW,2009,3,13
HAW,HAW,2009,3,14
HAW,HAW,2009,3,15
HAW,HAW,2009,3,16
HAW,HAW,2009,3,19
HAW,HAW,2009,3,20
HAW,HAW,2009,3,21
HAW,HAW,2009,3,22
HAW,HAW,2009,3,23
HAW,HAW,2009,3,26
HAW,HAW,2009,3,27
HAW,HAW,2009,3,28
HAW,HAW,2009,3,29
HAW,HAW,2009,3,30
HAW,HAW,2009,4,2
HAW,HAW,2009,4,3
HAW,HAW,2009,4,4
HAW,HAW,2009,4,5
HAW,HAW,2009,4,6
HAW,HAW,2009,4,9
HAW,HAW,2009,4,10
HAW,HAW,2009,4,11
HAW,HAW,2009,4,13
HAW,HAW,2009,4,16
HAW,HAW,2009,4,17
HAW,HAW,2009,4,18
HAW,HAW,2009,4,19
HAW,HAW,2009,4,20
HAW,HAW,2009,4,23
HAW,HAW,2009,4,24
HAW,HAW,2009,4,25
HAW,HAW,2009,4,26
HAW,HAW,2009,4,27
HAW,HAW,2009,10,1
HAW,HAW,2009,10,2
HAW,HAW,2009,10,3
HAW,HAW,2009,10,4
HAW,HAW,2009,10,7
HAW,HAW,2009,10,8
HAW,HAW,2009,10,9
HAW,HAW,2009,10,10
HAW,HAW,2009,10,11
HAW,HAW,2009,10,14
HAW,HAW,2009,10,15
HAW,HAW,2009,10,16
HAW,HAW,2009,10,17
HAW,HAW,2009,10,18
HAW,HAW,2009,10,21
HAW,HAW,2009,10,22
HAW,HAW,2009,10,23
HAW,HAW,2009,10,24
HAW,HAW,2009,10,25
HAW,HAW,2009,10,28
HAW,HAW,2009,10,29
HAW,HAW,2009,10,30
HAW,HAW,2009,10,31
HAW,HAW,2009,11,1
HAW,HAW,2009,11,4
HAW,HAW,2009,11,5
HAW,HAW,2009,11,6
HAW,HAW,2009,11,7
HAW,HAW,2009,11,8
HAW,HAW,2009,11,11
HAW,HAW,2009,11,12
HAW,HAW,2009,11,13
HAW,HAW,2009,11,14
HAW,HAW,2009,11,15
HAW,HAW,2009,11,18
HAW,HAW,2009,11,19
HAW,HAW,2009,11,20
HAW,HAW,2009,11,21
HAW,HAW,2009,11,22
HAW,HAW,2009,11,25
HAW,HAW,2009,11,27
HAW,HAW,2009,11,28
HAW,HAW,2009,11,29
HAW,HAW,2009,12,2
HAW,HAW,2009,12,3
HAW,HAW,2009,12,4
HAW,HAW,2009,12,5
HAW,HAW,2009,12,6
HAW,HAW,2009,12,11
HAW,HAW,2009,12,12
HAW,HAW,2009,12,13
HAW,HAW,2009,12,16
HAW,HAW,2009,12,17
HAW,HAW,2009,12,18
HAW,HAW,2009,12,19
HAW,HAW,2009,12,20
HAW,HAW,2009,12,23
HAW,HAW,2009,12,26
HAW,HAW,2009,12,27
HAW,HAW,2009,12,30
HAW,HAW,2009,12,31
HAW,HAW,2010,1,1
HAW,HAW,2010,1,2
HAW,HAW,2010,2,12
HAW,HAW,2010,2,13
HAW,HAW,2010,2,17
HAW,HAW,2010,2,19
HAW,HAW,2010,2,20
HAW,HAW,2010,2,24
HAW,HAW,2010,2,26
HAW,HAW,2010,2,27
HAW,HAW,2010,3,2
HAW,HAW,2010,3,3
HAW,HAW,2010,3,5
HAW,HAW,2010,3,6
HAW,HAW,2010,3,9
HAW,HAW,2010,3,10
HAW,HAW,2010,3,12
HAW,HAW,2010,3,13
HAW,HAW,2010,3,16
HAW,HAW,2010,3,17
HAW,HAW,2010,3,19
HAW,HAW,2010,3,20
HAW,HAW,2010,3,23
HAW,HAW,2010,3,24
HAW,HAW,2010,3,26
HAW,HAW,2010,3,27
HAW,HAW,2010,3,28
HAW,HAW,2010,3,30
HAW,HAW,2010,3,31
HAW,HAW,2010,4,2
HAW,HAW,2010,4,3
HAW,HAW,2010,4,6
HAW,HAW,2010,4,7
HAW,HAW,2010,4,9
HAW,HAW,2010,4,10
HAW,HAW,2010,4,11
HAW,HAW,2010,4,13
HAW,HAW,2010,4,14
HAW,HAW,2010,4,16
HAW,HAW,2010,4,17
HAW,HAW,2010,4,18
HAW,HAW,2010,4,20
HAW,HAW,2010,4,21
HAW,HAW,2010,4,23
HAW,HAW,2010,4,24
HAW,HAW,2010,4,25
HAW,HAW,2010,10,1
HAW,HAW,2010,10,2
HAW,HAW,2010,10,6
HAW,HAW,2010,10,7
HAW,HAW,2010,10,8
HAW,HAW,2010,10,9
HAW,HAW,2010,10,13
HAW,HAW,2010,10,14
HAW,HAW,2010,10,15
HAW,HAW,2010,10,16
HAW,HAW,2010,10,20
HAW,HAW,2010,10,21
HAW,HAW,2010,10,22
HAW,HAW,2010,10,23
HAW,HAW,2010,10,27
HAW,HAW,2010,10,28
HAW,HAW,2010,10,29
HAW,HAW,2010,10,30
HAW,HAW,2010,11,3
HAW,HAW,2010,11,4
HAW,HAW,2010,11,5
HAW,HAW,2010,11,6
HAW,HAW,2010,11,10
HAW,HAW,2010,11,11
HAW,HAW,2010,11,12
HAW,HAW,2010,11,13
HAW,HAW,2010,11,17
HAW,HAW,2010,11,18
HAW,HAW,2010,11,19
HAW,HAW,2010,11,20
HAW,HAW,2010,11,24
HAW,HAW,2010,11,26
HAW,HAW,2010,11,27
HAW,HAW,2010,12,1
HAW,HAW,2010,12,2
HAW,HAW,2010,12,3
HAW,HAW,2010,12,4
HAW,HAW,2010,12,8
HAW,HAW,2010,12,9
HAW,HAW,2010,12,10
HAW,HAW,2010,12,11
HAW,HAW,2010,12,15
HAW,HAW,2010,12,16
HAW,HAW,2010,12,17
HAW,HAW,2010,12,18
HAW,HAW,2010,12,26
HAW,HAW,2010,12,27
HAW,HAW,2010,12,29
HAW,HAW,2010,12,31
HAW,HAW,2011,2,11
HAW,HAW,2011,2,12
HAW,HAW,2011,2,18
HAW,HAW,2011,2,19
HAW,HAW,2011,2,25
HAW,HAW,2011,2,26
HAW,HAW,2011,3,1
HAW,HAW,2011,3,2
HAW,HAW,2011,3,4
HAW,HAW,2011,3,5
HAW,HAW,2011,3,9
HAW,HAW,2011,3,11
HAW,HAW,2011,3,12
HAW,HAW,2011,3,15
HAW,HAW,2011,3,16
HAW,HAW,2011,3,18
HAW,HAW,2011,3,19
HAW,HAW,2011,3,22
HAW,HAW,2011,3,23
HAW,HAW,2011,3,25
HAW,HAW,2011,3,26
HAW,HAW,2011,3,29
HAW,HAW,2011,3,30
HAW,HAW,2011,4,1
HAW,HAW,2011,4,2
HAW,HAW,2011,4,5
HAW,HAW,2011,4,6
HAW,HAW,2011,4,8
HAW,HAW,2011,4,9
HAW,HAW,2011,4,12
HAW,HAW,2011,4,13
HAW,HAW,2011,4,15
HAW,HAW,2011,4,16
HAW,HAW,2011,4,19
HAW,HAW,2011,4,20
HAW,HAW,2011,4,22
HAW,HAW,2011,4,23
HAW,HAW,2011,4,26
HAW,HAW,2011,4,27
HAW,HAW,2011,4,29
HAW,HAW,2011,4,30
HAW,HAW,2011,10,1
HAW,HAW,2011,10,2
HAW,HAW,2011,10,5
HAW,HAW,2011,10,6
HAW,HAW,2011,10,7
HAW,HAW,2011,10,8
HAW,HAW,2011,10,9
HAW,HAW,2011,10,12
HAW,HAW,2011,10,13
HAW,HAW,2011,10,14
HAW,HAW,2011,10,15
HAW,HAW,2011,10,16
HAW,HAW,2011,10,19
HAW,HAW,2011,10,20
HAW,HAW,2011,10,21
HAW,HAW,2011,10,22
HAW,HAW,2011,10,23
HAW,HAW,2011,10,26
HAW,HAW,2011,10,27
HAW,HAW,2011,10,28
HAW,HAW,2011,10,29
HAW,HAW,2011,10,30
HAW,HAW,2011,11,2
HAW,HAW,2011,11,3
HAW,HAW,2011,11,4
HAW,HAW,2011,11,5
HAW,HAW,2011,11,6
HAW,HAW,2011,11,9
HAW,HAW,2011,11,10
HAW,HAW,2011,11,11
HAW,HAW,2011,11,12
HAW,HAW,2011,11,13
HAW,HAW,2011,11,16
HAW,HAW,2011,11,17
HAW,HAW,2011,11,18
HAW,HAW,2011,11,19
HAW,HAW,2011,11,20
HAW,HAW,2011,11,23
HAW,HAW,2011,11,25
HAW,HAW,2011,11,26
HAW,HAW,2011,11,27
HAW,HAW,2011,11,30
HAW,HAW,2011,12,1
HAW,HAW,2011,12,2
HAW,HAW,2011,12,3
HAW,HAW,2011,12,4
HAW,HAW,2011,12,7
HAW,HAW,2011,12,8
HAW,HAW,2011,12,9
HAW,HAW,2011,12,10
HAW,HAW,2011,12,11
HAW,HAW,2011,12,14
HAW,HAW,2011,12,15
HAW,HAW,2011,12,16
HAW,HAW,2011,12,17
HAW,HAW,2011,12,18
HAW,HAW,2011,12,21
HAW,HAW,2011,12,22
HAW,HAW,2011,12,23
HAW,HAW,2011,12,26
HAW,HAW,2011,12,28
HAW,HAW,2011,12,29
HAW,HAW,2011,12,30
HAW,HAW,2011,12,31
HAW,HAW,2012,2,17
HAW,HAW,2012,2,18
HAW,HAW,2012,2,19
HAW,HAW,2012,2,24
HAW,HAW,2012,2,25
HAW,HAW,2012,2,26
HAW,HAW,2012,2,29
HAW,HAW,2012,3,2
HAW,HAW,2012,3,3
HAW,HAW,2012,3,4
HAW,HAW,2012,3,7
HAW,HAW,2012,3,9
HAW,HAW,2012,3,10
HAW,HAW,2012,3,11
HAW,HAW,2012,3,14
HAW,HAW,2012,3,16
HAW,HAW,2012,3,17
HAW,HAW,2012,3,18
HAW,HAW,2012,3,21
HAW,HAW,2012,3,23
HAW,HAW,2012,3,24
HAW,HAW,2012,3,25
HAW,HAW,2012,3,28
HAW,HAW,2012,3,30
HAW,HAW,2012,3,31
HAW,HAW,2012,4,1
HAW,HAW,2012,4,4
HAW,HAW,2012,4,6
HAW,HAW,2012,4,7
HAW,HAW,2012,4,11
HAW,HAW,2012,4,13
HAW,HAW,2012,4,14
HAW,HAW,2012,4,15
HAW,HAW,2012,4,18
HAW,HAW,2012,4,20
HAW,HAW,2012,4,21
HAW,HAW,2012,4,22
HAW,HAW,2012,4,25
HAW,HAW,2012,4,27
HAW,HAW,2012,4,28
HAW,HAW,2012,4,29
HAW,HAW,2012,10,5
HAW,HAW,2012,10,6
HAW,HAW,2012,10,7
HAW,HAW,2012,10,10
HAW,HAW,2012,10,11
HAW,HAW,2012,10,12
HAW,HAW,2012,10,13
HAW,HAW,2012,10,14
HAW,HAW,2012,10,17
HAW,HAW,2012,10,18
HAW,HAW,2012,10,19
HAW,HAW,2012,10,20
HAW,HAW,2012,10,21
HAW,HAW,2012,10,24
HAW,HAW,2012,10,25
HAW,HAW,2012,10,26
HAW,HAW,2012,10,27
HAW,HAW,2012,10,28
HAW,HAW,2012,10,31
HAW,HAW,2012,11,1
HAW,HAW,2012,11,2
HAW,HAW,2012,11,3
HAW,HAW,2012,11,4
HAW,HAW,2012,11,8
HAW,HAW,2012,11,9
HAW,HAW,2012,11,10
HAW,HAW,2012,11,11
HAW,HAW,2012,11,15
HAW,HAW,2012,11,16
HAW,HAW,2012,11,17
HAW,HAW,2012,11,18
HAW,HAW,2012,11,23
HAW,HAW,2012,11,24
HAW,HAW,2012,11,25
HAW,HAW,2012,11,29
HAW,HAW,2012,11,30
HAW,HAW,2012,12,1
HAW,HAW,2012,12,2
HAW,HAW,2012,12,6
HAW,HAW,2012,12,7
HAW,HAW,2012,12,8
HAW,HAW,2012,12,9
HAW,HAW,2012,12,13
HAW,HAW,2012,12,14
HAW,HAW,2012,12,15
HAW,HAW,2012,12,16
HAW,HAW,2012,12,20
HAW,HAW,2012,12,21
HAW,HAW,2012,12,22
HAW,HAW,2012,12,23
HAW,HAW,2012,12,26
HAW,HAW,2012,12,27
HAW,HAW,2012,12,28
HAW,HAW,2012,12,29
HAW,HAW,2012,12,30
HAW,HAW,2013,2,15
HAW,HAW,2013,2,16
HAW,HAW,2013,2,17
HAW,HAW,2013,2,22
HAW,HAW,2013,2,23
HAW,HAW,2013,2,24
HAW,HAW,2013,3,1
HAW,HAW,2013,3,2
HAW,HAW,2013,3,3
HAW,HAW,2013,3,6
HAW,HAW,2013,3,8
HAW,HAW,2013,3,9
HAW,HAW,2013,3,10
HAW,HAW,2013,3,13
HAW,HAW,2013,3,15
HAW,HAW,2013,3,16
HAW,HAW,2013,3,17
HAW,HAW,2013,3,20
HAW,HAW,2013,3,22
HAW,HAW,2013,3,23
HAW,HAW,2013,3,24
HAW,HAW,2013,3,27
HAW,HAW,2013,3,29
HAW,HAW,2013,3,30
HAW,HAW,2013,4,3
HAW,HAW,2013,4,5
HAW,HAW,2013,4,6
HAW,HAW,2013,4,7
HAW,HAW,2013,4,10
HAW,HAW,2013,4,12
HAW,HAW,2013,4,13
HAW,HAW,2013,4,14
HAW,HAW,2013,4,17
HAW,HAW,2013,4,19
HAW,HAW,2013,4,20
HAW,HAW,2013,4,21
HAW,HAW,2013,4,24
HAW,HAW,2013,4,26
HAW,HAW,2013,4,27
HAW,HAW,2013,4,28
HAW,HAW,2013,10,4
HAW,HAW,2013,10,5
HAW,HAW,2013,10,6
HAW,HAW,2013,10,9
HAW,HAW,2013,10,10
HAW,HAW,2013,10,11
HAW,HAW,2013,10,12
HAW,HAW,2013,10,13
HAW,HAW,2013,10,16
HAW,HAW,2013,10,17
HAW,HAW,2013,10,18
HAW,HAW,2013,10,19
HAW,HAW,2013,10,20
HAW,HAW,2013,10,23
HAW,HAW,2013,10,24
HAW,HAW,2013,10,25
HAW,HAW,2013,10,26
HAW,HAW,2013,10,27
HAW,HAW,2013,10,30
HAW,HAW,2013,10,31
HAW,HAW,2013,11,1
HAW,HAW,2013,11,2
HAW,HAW,2013,11,3
HAW,HAW,2013,11,6
HAW,HAW,2013,11,7
HAW,HAW,2013,11,8
HAW,HAW,2013,11,9
HAW,HAW,2013,11,10
HAW,HAW,2013,11,13
HAW,HAW,2013,11,14
HAW,HAW,2013,11,15
HAW,HAW,2013,11,16
HAW,HAW,2013,11,17
HAW,HAW,2013,11,20
HAW,HAW,2013,11,21
HAW,HAW,2013,11,22
HAW,HAW,2013,11,23
HAW,HAW,2013,11,24
HAW,HAW,2013,11,27
HAW,HAW,2013,11,29
HAW,HAW,2013,11,30
HAW,HAW,2013,12,1
HAW,HAW,2013,12,4
HAW,HAW,2013,12,5
HAW,HAW,2013,12,6
HAW,HAW,2013,12,7
HAW,HAW,2013,12,8
HAW,HAW,2013,12,11
HAW,HAW,2013,12,12
HAW,HAW,2013,12,13
HAW,HAW,2013,12,14
HAW,HAW,2013,12,15
HAW,HAW,2013,12,18
HAW,HAW,2013,12,19
HAW,HAW,2013,12,20
HAW,HAW,2013,12,21
HAW,HAW,2013,12,22
HAW,HAW,2013,12,26
HAW,HAW,2013,12,27
HAW,HAW,2013,12,28
HAW,HAW,2013,12,29
HAW,HAW,2014,2,21
HAW,HAW,2014,2,22
HAW,HAW,2014,2,23
HAW,HAW,2014,2,28
HAW,HAW,2014,3,1
HAW,HAW,2014,3,2
HAW,HAW,2014,3,5
HAW,HAW,2014,3,7
HAW,HAW,2014,3,8
HAW,HAW,2014,3,9
HAW,HAW,2014,3,12
HAW,HAW,2014,3,14
HAW,HAW,2014,3,15
HAW,HAW,2014,3,16
HAW,HAW,2014,3,19
HAW,HAW,2014,3,21
HAW,HAW,2014,3,22
HAW,HAW,2014,3,23
HAW,HAW,2014,3,26
HAW,HAW,2014,3,28
HAW,HAW,2014,3,29
HAW,HAW,2014,3,30
HAW,HAW,2014,4,2
HAW,HAW,2014,4,4
HAW,HAW,2014,4,5
HAW,HAW,2014,4,6
HAW,HAW,2014,4,9
HAW,HAW,2014,4,11
HAW,HAW,2014,4,12
HAW,HAW,2014,4,13
HAW,HAW,2014,4,16
HAW,HAW,2014,4,18
HAW,HAW,2014,4,19
HAW,HAW,2014,4,23
HAW,HAW,2014,4,25
HAW,HAW,2014,4,26
HAW,HAW,2014,4,27
HAW,HAW,2014,10,3
HAW,HAW,2014,10,4
HAW,HAW,2014,10,8
HAW,HAW,2014,10,9
HAW,HAW,2014,10,10
HAW,HAW,2014,10,11
HAW,HAW,2014,10,15
HAW,HAW,2014,10,16
HAW,HAW,2014,10,17
HAW,HAW,2014,10,18
HAW,HAW,2014,10,22
HAW,HAW,2014,10,23
HAW,HAW,2014,10,24
HAW,HAW,2014,10,25
HAW,HAW,2014,10,29
HAW,HAW,2014,10,30
HAW,HAW,2014,10,31
HAW,HAW,2014,11,1
HAW,HAW,2014,11,5
HAW,HAW,2014,11,6
HAW,HAW,2014,11,7
HAW,HAW,2014,11,8
HAW,HAW,2014,11,12
HAW,HAW,2014,11,13
HAW,HAW,2014,11,14
HAW,HAW,2014,11,15
HAW,HAW,2014,11,19
HAW,HAW,2014,11,20
HAW,HAW,2014,11,21
HAW,HAW,2014,11,22
HAW,HAW,2014,11,26
HAW,HAW,2014,11,28
HAW,HAW,2014,11,29
HAW,HAW,2014,12,3
HAW,HAW,2014,12,4
HAW,HAW,2014,12,5
HAW,HAW,2014,12,6
HAW,HAW,2014,12,10
HAW,HAW,2014,12,11
HAW,HAW,2014,12,12
HAW,HAW,2014,12,13
HAW,HAW,2014,12,17
HAW,HAW,2014,12,18
HAW,HAW,2014,12,19
HAW,HAW,2014,12,20
HAW,HAW,2014,12,26
HAW,HAW,2014,12,27
HAW,HAW,2014,12,31
HAW,HAW,2015,1,1
HAW,HAW,2015,1,2
HAW,HAW,2015,1,3
HAW,HAW,2015,2,20
HAW,HAW,2015,2,21
HAW,HAW,2015,2,27
HAW,HAW,2015,2,28
HAW,HAW,2015,3,6
HAW,HAW,2015,3,7
HAW,HAW,2015,3,8
HAW,HAW,2015,3,13
HAW,HAW,2015,3,14
HAW,HAW,2015,3,15
HAW,HAW,2015,3,20
HAW,HAW,2015,3,21
HAW,HAW,2015,3,22
HAW,HAW,2015,3,27
HAW,HAW,2015,3,28
HAW,HAW,2015,3,29
HAW,HAW,2015,4,1
HAW,HAW,2015,4,3
HAW,HAW,2015,4,4
HAW,HAW,2015,4,8
HAW,HAW,2015,4,10
HAW,HAW,2015,4,11
HAW,HAW,2015,4,12
HAW,HAW,2015,4,15
HAW,HAW,2015,4,17
HAW,HAW,2015,4,18
HAW,HAW,2015,4,19
HAW,HAW,2015,4,22
HAW,HAW,2015,4,24
HAW,HAW,2015,4,25
HAW,HAW,2015,4,26
HAW,HAW,2015,10,2
HAW,HAW,2015,10,3
HAW,HAW,2015,10,6
HAW,HAW,2015,10,7
HAW,HAW,2015,10,9
HAW,HAW,2015,10,10
HAW,HAW,2015,10,13
HAW,HAW,2015,10,14
HAW,HAW,2015,10,16
HAW,HAW,2015,10,17
HAW,HAW,2015,10,20
HAW,HAW,2015,10,21
HAW,HAW,2015,10,23
HAW,HAW,2015,10,24
HAW,HAW,2015,10,27
HAW,HAW,2015,10,28
HAW,HAW,2015,10,30
HAW,HAW,2015,10,31
HAW,HAW,2015,11,3
HAW,HAW,2015,11,4
HAW,HAW,2015,11,6
HAW,HAW,2015,11,7
HAW,HAW,2015,11,10
HAW,HAW,2015,11,11
HAW,HAW,2015,11,13
HAW,HAW,2015,11,14
HAW,HAW,2015,11,17
HAW,HAW,2015,11,20
HAW,HAW,2015,11,21
HAW,HAW,2015,11,24
HAW,HAW,2015,11,25
HOO,HOO,1998,8,15
HOO,HOO,1998,8,16
HOO,HOO,1998,8,19
HOO,HOO,1998,8,20
HOO,HOO,1998,8,21
HOO,HOO,1998,8,22
HOO,HOO,1998,8,23
HOO,HOO,1998,9,11
HOO,HOO,1998,9,12
HOO,HOO,1998,9,13
HOO,HOO,1998,9,14
HOO,HOO,1998,9,15
HOO,HOO,1998,9,18
HOO,HOO,1998,9,19
HOO,HOO,1998,9,20
HOO,HOO,1998,9,21
HOO,HOO,1998,9,22
HOO,HOO,1998,9,25
HOO,HOO,1998,9,26
HOO,HOO,1998,9,27
HOO,HOO,1998,9,28
HOO,HOO,1998,9,29
HOO,HOO,1998,10,2
HOO,HOO,1998,10,3
HOO,HOO,1998,10,4
HOO,HOO,1998,10,5
HOO,HOO,1998,10,6
HOO,HOO,1998,10,9
HOO,HOO,1998,10,10
HOO,HOO,1998,10,11
HOO,HOO,1998,10,12
HOO,HOO,1998,10,13
HOO,HOO,1998,10,16
HOO,HOO,1998,10,17
HOO,HOO,1998,10,18
HOO,HOO,1998,10,19
HOO,HOO,1998,10,20
HOO,HOO,1998,10,23
HOO,HOO,1998,10,24
HOO,HOO,1998,10,25
HOO,HOO,1998,10,26
HOO,HOO,1998,10,27
HOO,HOO,1998,10,30
HOO,HOO,1998,10,31
HOO,HOO,1998,11,1
HOO,HOO,1998,11,2
HOO,HOO,1998,11,3
HOO,HOO,1998,11,6
HOO,HOO,1998,11,7
HOO,HOO,1998,11,8
HOO,HOO,1998,11,9
HOO,HOO,1998,11,10
HOO,HOO,1998,11,13
HOO,HOO,1998,11,14
HOO,HOO,1998,11,15
HOO,HOO,1998,11,16
HOO,HOO,1998,11,17
HOO,HOO,1998,11,20
HOO,HOO,1998,11,21
HOO,HOO,1998,11,22
HOO,HOO,1998,11,23
HOO,HOO,1998,11,24
HOO,HOO,1998,11,26
HOO,HOO,1998,11,27
HOO,HOO,1998,11,28
HOO,HOO,1999,4,14
HOO,HOO,1999,4,16
HOO,HOO,1999,4,17
HOO,HOO,1999,4,18
HOO,HOO,1999,4,21
HOO,HOO,1999,4,22
HOO,HOO,1999,4,23
HOO,HOO,1999,4,24
HOO,HOO,1999,4,25
HOO,HOO,1999,4,28
HOO,HOO,1999,4,29
HOO,HOO,1999,4,30
HOO,HOO,1999,5,1
HOO,HOO,1999,5,2
HOO,HOO,1999,5,5
HOO,HOO,1999,5,6
HOO,HOO,1999,5,7
HOO,HOO,1999,5,8
HOO,HOO,1999,5,9
HOO,HOO,1999,5,12
HOO,HOO,1999,5,13
HOO,HOO,1999,5,15
HOO,HOO,1999,5,16
HOO,HOO,1999,5,19
HOO,HOO,1999,5,20
HOO,HOO,1999,5,22
HOO,HOO,1999,5,23
HOO,HOO,1999,5,26
HOO,HOO,1999,5,27
HOO,HOO,1999,5,28
HOO,HOO,1999,5,29
HOO,HOO,1999,5,30
HOO,HOO,1999,6,2
HOO,HOO,1999,6,3
HOO,HOO,1999,6,4
HOO,HOO,1999,6,6
HOO,HOO,1999,6,10
HOO,HOO,1999,6,12
HOO,HOO,1999,6,13
HOO,HOO,1999,6,16
HOO,HOO,1999,6,17
HOO,HOO,1999,6,23
HOO,HOO,1999,6,24
HOO,HOO,1999,6,26
HOO,HOO,1999,6,30
HOO,HOO,1999,7,1
HOO,HOO,1999,7,4
HOO,HOO,1999,7,7
HOO,HOO,1999,7,8
HOO,HOO,1999,7,11
HOO,HOO,1999,7,14
HOO,HOO,1999,7,18
HOO,HOO,1999,7,21
HOO,HOO,1999,7,22
HOO,HOO,1999,7,25
HOO,HOO,1999,7,28
HOO,HOO,1999,7,29
HOO,HOO,1999,8,1
HOO,HOO,1999,8,4
HOO,HOO,1999,8,5
HOO,HOO,1999,8,8
HOO,HOO,1999,8,11
HOO,HOO,1999,8,15
HOO,HOO,1999,8,18
HOO,HOO,1999,8,19
HOO,HOO,1999,8,22
HOO,HOO,1999,8,25
HOO,HOO,1999,9,10
HOO,HOO,1999,9,11
HOO,HOO,1999,9,12
HOO,HOO,1999,9,13
HOO,HOO,1999,9,14
HOO,HOO,1999,9,18
HOO,HOO,1999,9,19
HOO,HOO,1999,9,20
HOO,HOO,1999,9,21
HOO,HOO,1999,9,24
HOO,HOO,1999,9,25
HOO,HOO,1999,9,26
HOO,HOO,1999,9,27
HOO,HOO,1999,9,28
HOO,HOO,1999,10,1
HOO,HOO,1999,10,2
HOO,HOO,1999,10,3
HOO,HOO,1999,10,4
HOO,HOO,1999,10,8
HOO,HOO,1999,10,9
HOO,HOO,1999,10,10
HOO,HOO,1999,10,11
HOO,HOO,1999,10,12
HOO,HOO,1999,10,15
HOO,HOO,1999,10,16
HOO,HOO,1999,10,17
HOO,HOO,1999,10,18
HOO,HOO,1999,10,19
HOO,HOO,1999,10,22
HOO,HOO,1999,10,23
HOO,HOO,1999,10,24
HOO,HOO,1999,10,25
HOO,HOO,1999,10,26
HOO,HOO,1999,10,29
HOO,HOO,1999,10,30
HOO,HOO,1999,10,31
HOO,HOO,1999,11,1
HOO,HOO,1999,11,2
HOO,HOO,1999,11,5
HOO,HOO,1999,11,6
HOO,HOO,1999,11,7
HOO,HOO,1999,11,8
HOO,HOO,1999,11,12
HOO,HOO,1999,11,13
HOO,HOO,1999,11,14
HOO,HOO,1999,11,15
HOO,HOO,1999,11,16
HOO,HOO,1999,11,19
HOO,HOO,1999,11,23
HOO,HOO,1999,11,24
HOO,HOO,1999,11,25
HOO,HOO,1999,11,26
HOO,HOO,1999,11,27
HOO,HOO,1999,11,28
HOO,HOO,1999,11,29
HOO,HOO,1999,11,30
HOO,HOO,1999,12,4
HOO,HOO,1999,12,5
HOO,HOO,2000,5,1
HOO,HOO,2000,5,4
HOO,HOO,2000,5,5
HOO,HOO,2000,5,6
HOO,HOO,2000,5,7
HOO,HOO,2000,5,8
HOO,HOO,2000,5,11
HOO,HOO,2000,5,14
HOO,HOO,2000,5,15
HOO,HOO,2000,5,18
HOO,HOO,2000,5,19
HOO,HOO,2000,5,20
HOO,HOO,2000,5,21
HOO,HOO,2000,5,22
HOO,HOO,2000,5,25
HOO,HOO,2000,5,28
HOO,HOO,2000,5,29
HOO,HOO,2000,6,1
HOO,HOO,2000,6,4
HOO,HOO,2000,6,5
HOO,HOO,2000,6,8
HOO,HOO,2000,6,11
HOO,HOO,2000,6,12
HOO,HOO,2000,7,7
HOO,HOO,2000,7,8
HOO,HOO,2000,7,10
HOO,HOO,2000,7,13
HOO,HOO,2000,7,14
HOO,HOO,2000,7,15
HOO,HOO,2000,7,16
HOO,HOO,2000,7,17
HOO,HOO,2000,7,20
HOO,HOO,2000,7,21
HOO,HOO,2000,7,22
HOO,HOO,2000,7,23
HOO,HOO,2000,7,24
HOO,HOO,2000,7,27
HOO,HOO,2000,7,28
HOO,HOO,2000,7,30
HOO,HOO,2000,7,31
HOO,HOO,2000,8,3
HOO,HOO,2000,8,4
HOO,HOO,2000,8,5
HOO,HOO,2000,8,6
HOO,HOO,2000,8,7
HOO,HOO,2000,8,10
HOO,HOO,2000,8,11
HOO,HOO,2000,8,12
HOO,HOO,2000,8,13
HOO,HOO,2000,8,14
HOO,HOO,2000,8,17
HOO,HOO,2000,8,21
HOO,HOO,2000,8,22
HOO,HOO,2000,8,23
HOO,HOO,2000,9,10
HOO,HOO,2000,9,14
HOO,HOO,2000,9,15
HOO,HOO,2000,9,16
HOO,HOO,2000,9,18
HOO,HOO,2000,9,21
HOO,HOO,2000,9,22
HOO,HOO,2000,9,23
HOO,HOO,2000,9,24
HOO,HOO,2000,9,25
HOO,HOO,2000,9,28
HOO,HOO,2000,9,29
HOO,HOO,2000,9,30
HOO,HOO,2000,10,1
HOO,HOO,2000,10,2
HOO,HOO,2000,10,5
HOO,HOO,2000,10,7
HOO,HOO,2000,10,8
HOO,HOO,2000,10,9
HOO,HOO,2000,10,12
HOO,HOO,2000,10,13
HOO,HOO,2000,10,14
HOO,HOO,2000,10,15
HOO,HOO,2000,10,16
HOO,HOO,2000,10,19
HOO,HOO,2000,10,20
HOO,HOO,2000,10,21
HOO,HOO,2000,10,22
HOO,HOO,2000,10,23
HOO,HOO,2000,10,26
HOO,HOO,2000,10,27
HOO,HOO,2000,10,28
HOO,HOO,2000,10,29
HOO,HOO,2000,10,30
HOO,HOO,2000,11,2
HOO,HOO,2000,11,3
HOO,HOO,2000,11,4
HOO,HOO,2000,11,5
HOO,HOO,2000,11,6
HOO,HOO,2000,11,9
HOO,HOO,2000,11,10
HOO,HOO,2000,11,11
HOO,HOO,2000,11,12
HOO,HOO,2000,11,13
HOO,HOO,2000,11,16
HOO,HOO,2000,11,17
HOO,HOO,2000,11,18
HOO,HOO,2000,11,19
HOO,HOO,2000,11,20
HOO,HOO,2000,11,22
HOO,HOO,2000,11,23
HOO,HOO,2000,11,24
HOO,HOO,2000,11,25
HOO,HOO,2000,11,26
HOO,HOO,2000,11,30
HOO,HOO,2000,12,1
HOO,HOO,2000,12,2
HOO,HOO,2000,12,3
HOO,HOO,2000,12,4
HOO,HOO,2001,2,23
HOO,HOO,2001,2,24
HOO,HOO,2001,2,25
HOO,HOO,2001,3,2
HOO,HOO,2001,3,3
HOO,HOO,2001,3,4
HOO,HOO,2001,3,9
HOO,HOO,2001,3,10
HOO,HOO,2001,3,11
HOO,HOO,2001,3,16
HOO,HOO,2001,3,17
HOO,HOO,2001,3,18
HOO,HOO,2001,3,23
HOO,HOO,2001,3,24
HOO,HOO,2001,3,25
HOO,HOO,2001,3,26
HOO,HOO,2001,3,29
HOO,HOO,2001,4,2
HOO,HOO,2001,4,5
HOO,HOO,2001,4,6
HOO,HOO,2001,4,7
HOO,HOO,2001,4,8
HOO,HOO,2001,4,9
HOO,HOO,2001,4,12
HOO,HOO,2001,4,13
HOO,HOO,2001,4,14
HOO,HOO,2001,4,16
HOO,HOO,2001,4,19
HOO,HOO,2001,4,20
HOO,HOO,2001,4,21
HOO,HOO,2001,4,22
HOO,HOO,2001,4,26
HOO,HOO,2001,4,29
HOO,HOO,2001,4,30
HOO,HOO,2001,5,3
HOO,HOO,2001,5,4
HOO,HOO,2001,5,5
HOO,HOO,2001,5,6
HOO,HOO,2001,5,7
HOO,HOO,2001,5,10
HOO,HOO,2001,5,11
HOO,HOO,2001,5,12
HOO,HOO,2001,5,13
HOO,HOO,2001,5,14
HOO,HOO,2001,5,17
HOO,HOO,2001,5,18
HOO,HOO,2001,5,19
HOO,HOO,2001,5,20
HOO,HOO,2001,5,21
HOO,HOO,2001,5,24
HOO,HOO,2001,5,25
HOO,HOO,2001,5,26
HOO,HOO,2001,5,27
HOO,HOO,2001,5,28
HOO,HOO,2001,5,31
HOO,HOO,2001,6,1
HOO,HOO,2001,6,2
HOO,HOO,2001,6,3
HOO,HOO,2001,6,4
HOO,HOO,2001,6,7
HOO,HOO,2001,6,8
HOO,HOO,2001,6,11
HOO,HOO,2001,6,14
HOO,HOO,2001,6,15
HOO,HOO,2001,6,16
HOO,HOO,2001,6,17
HOO,HOO,2001,6,18
HOO,HOO,2001,6,21
HOO,HOO,2001,6,22
HOO,HOO,2001,6,23
HOO,HOO,2001,6,24
HOO,HOO,2001,6,25
HOO,HOO,2001,6,28
HOO,HOO,2001,6,30
HOO,HOO,2001,7,1
HOO,HOO,2001,7,2
HOO,HOO,2001,7,4
HOO,HOO,2001,7,7
HOO,HOO,2001,7,8
HOO,HOO,2001,7,9
HOO,HOO,2001,7,13
HOO,HOO,2001,7,14
HOO,HOO,2001,7,15
HOO,HOO,2001,7,16
HOO,HOO,2001,7,19
HOO,HOO,2001,7,20
HOO,HOO,2001,7,21
HOO,HOO,2001,7,28
HOO,HOO,2001,8,6
HOO,HOO,2001,8,9
HOO,HOO,2001,8,10
HOO,HOO,2001,8,11
HOO,HOO,2001,8,12
HOO,HOO,2001,8,17
HOO,HOO,2001,8,18
HOO,HOO,2001,8,19
HOO,HOO,2001,8,20
HOO,HOO,2001,8,21
HOO,HOO,2001,8,22
HOO,HOO,2001,9,7
HOO,HOO,2001,9,8
HOO,HOO,2001,9,9
HOO,HOO,2001,9,10
HOO,HOO,2001,9,14
HOO,HOO,2001,9,15
HOO,HOO,2001,9,16
HOO,HOO,2001,9,17
HOO,HOO,2001,9,20
HOO,HOO,2001,9,21
HOO,HOO,2001,9,22
HOO,HOO,2001,9,23
HOO,HOO,2001,9,24
HOO,HOO,2001,9,27
HOO,HOO,2001,9,28
HOO,HOO,2001,9,29
HOO,HOO,2001,9,30
HOO,HOO,2001,10,1
HOO,HOO,2001,10,3
HOO,HOO,2001,10,4
HOO,HOO,2001,10,5
HOO,HOO,2001,10,6
HOO,HOO,2001,10,7
HOO,HOO,2001,10,8
HOO,HOO,2001,10,10
HOO,HOO,2001,10,11
HOO,HOO,2001,10,13
HOO,HOO,2001,10,14
HOO,HOO,2001,10,15
HOO,HOO,2001,10,17
HOO,HOO,2001,10,18
HOO,HOO,2001,10,19
HOO,HOO,2001,10,20
HOO,HOO,2001,10,21
HOO,HOO,2001,10,22
HOO,HOO,2001,10,26
HOO,HOO,2001,10,27
HOO,HOO,2001,10,28
HOO,HOO,2001,10,29
HOO,HOO,2001,11,1
HOO,HOO,2001,11,3
HOO,HOO,2001,11,4
HOO,HOO,2001,11,5
HOO,HOO,2001,11,8
HOO,HOO,2001,11,9
HOO,HOO,2001,11,10
HOO,HOO,2001,11,11
HOO,HOO,2001,11,12
HOO,HOO,2001,11,15
HOO,HOO,2001,11,16
HOO,HOO,2001,11,18
HOO,HOO,2001,11,19
HOO,HOO,2001,11,21
HOO,HOO,2001,11,22
HOO,HOO,2001,11,24
HOO,HOO,2001,11,25
HOO,HOO,2001,11,26
HOO,HOO,2001,11,29
HOO,HOO,2001,11,30
HOO,HOO,2001,12,1
HOO,HOO,2001,12,2
HOO,HOO,2001,12,3
HOO,HOO,2002,4,13
HOO,HOO,2002,4,15
HOO,HOO,2002,4,18
HOO,HOO,2002,4,19
HOO,HOO,2002,4,21
HOO,HOO,2002,4,22
HOO,HOO,2002,4,25
HOO,HOO,2002,4,26
HOO,HOO,2002,4,28
HOO,HOO,2002,5,16
HOO,HOO,2002,5,17
HOO,HOO,2002,5,18
HOO,HOO,2002,5,19
HOO,HOO,2002,5,20
HOO,HOO,2002,5,23
HOO,HOO,2002,5,24
HOO,HOO,2002,5,25
HOO,HOO,2002,5,26
HOO,HOO,2002,5,27
HOO,HOO,2002,5,30
HOO,HOO,2002,5,31
HOO,HOO,2002,6,1
HOO,HOO,2002,6,2
HOO,HOO,2002,6,3
HOO,HOO,2002,6,6
HOO,HOO,2002,6,7
HOO,HOO,2002,6,8
HOO,HOO,2002,6,9
HOO,HOO,2002,6,10
HOO,HOO,2002,6,13
HOO,HOO,2002,6,14
HOO,HOO,2002,6,15
HOO,HOO,2002,6,16
HOO,HOO,2002,6,17
HOO,HOO,2002,6,21
HOO,HOO,2002,6,22
HOO,HOO,2002,6,23
HOO,HOO,2002,6,24
HOO,HOO,2002,6,27
HOO,HOO,2002,6,28
HOO,HOO,2002,6,29
HOO,HOO,2002,6,30
HOO,HOO,2002,7,1
HOO,HOO,2002,7,4
HOO,HOO,2002,7,5
HOO,HOO,2002,7,6
HOO,HOO,2002,7,7
HOO,HOO,2002,7,8
HOO,HOO,2002,7,11
HOO,HOO,2002,7,12
HOO,HOO,2002,7,13
HOO,HOO,2002,7,14
HOO,HOO,2002,7,15
HOO,HOO,2002,7,18
HOO,HOO,2002,7,19
HOO,HOO,2002,7,20
HOO,HOO,2002,7,21
HOO,HOO,2002,7,22
HOO,HOO,2002,7,25
HOO,HOO,2002,7,26
HOO,HOO,2002,7,27
HOO,HOO,2002,7,28
HOO,HOO,2002,7,29
HOO,HOO,2002,8,1
HOO,HOO,2002,8,2
HOO,HOO,2002,8,3
HOO,HOO,2002,8,4
HOO,HOO,2002,8,5
HOO,HOO,2002,8,8
HOO,HOO,2002,8,9
HOO,HOO,2002,8,10
HOO,HOO,2002,8,11
HOO,HOO,2002,8,12
HOO,HOO,2002,8,14
HOO,HOO,2002,8,15
HOO,HOO,2002,8,29
HOO,HOO,2002,8,30
HOO,HOO,2002,8,31
HOO,HOO,2002,9,1
HOO,HOO,2002,9,2
HOO,HOO,2002,9,5
HOO,HOO,2002,9,6
HOO,HOO,2002,9,7
HOO,HOO,2002,9,8
HOO,HOO,2002,9,9
HOO,HOO,2002,9,12
HOO,HOO,2002,9,13
HOO,HOO,2002,9,14
HOO,HOO,2002,9,15
HOO,HOO,2002,9,16
HOO,HOO,2002,9,19
HOO,HOO,2002,9,20
HOO,HOO,2002,9,21
HOO,HOO,2002,9,22
HOO,HOO,2002,9,23
HOO,HOO,2002,9,26
HOO,HOO,2002,9,27
HOO,HOO,2002,9,28
HOO,HOO,2002,9,29
HOO,HOO,2002,9,30
HOO,HOO,2002,10,3
HOO,HOO,2002,10,4
HOO,HOO,2002,10,5
HOO,HOO,2002,10,6
HOO,HOO,2002,10,7
HOO,HOO,2002,10,10
HOO,HOO,2002,10,11
HOO,HOO,2002,10,12
HOO,HOO,2002,10,13
HOO,HOO,2002,10,14
HOO,HOO,2002,10,17
HOO,HOO,2002,10,18
HOO,HOO,2002,10,19
HOO,HOO,2002,10,20
HOO,HOO,2002,10,21
HOO,HOO,2002,10,24
HOO,HOO,2002,10,25
HOO,HOO,2002,10,26
HOO,HOO,2002,10,27
HOO,HOO,2002,10,28
HOO,HOO,2002,10,31
HOO,HOO,2002,11,1
HOO,HOO,2002,11,2
HOO,HOO,2002,11,3
HOO,HOO,2002,11,4
HOO,HOO,2002,11,7
HOO,HOO,2002,11,8
HOO,HOO,2002,11,9
HOO,HOO,2002,11,10
HOO,HOO,2002,11,11
HOO,HOO,2002,11,14
HOO,HOO,2002,11,15
HOO,HOO,2002,11,16
HOO,HOO,2002,11,17
HOO,HOO,2002,11,18
HOO,HOO,2002,11,21
HOO,HOO,2002,11,22
HOO,HOO,2002,11,23
HOO,HOO,2002,11,24
HOO,HOO,2002,11,25
HOO,HOO,2002,11,27
HOO,HOO,2002,11,28
HOO,HOO,2002,11,29
HOO,HOO,2002,11,30
HOO,HOO,2003,3,22
HOO,HOO,2003,3,23
HOO,HOO,2003,3,26
HOO,HOO,2003,3,27
HOO,HOO,2003,3,28
HOO,HOO,2003,3,29
HOO,HOO,2003,3,30
HOO,HOO,2003,4,2
HOO,HOO,2003,4,3
HOO,HOO,2003,4,4
HOO,HOO,2003,4,5
HOO,HOO,2003,4,6
HOO,HOO,2003,4,9
HOO,HOO,2003,4,10
HOO,HOO,2003,4,11
HOO,HOO,2003,4,12
HOO,HOO,2003,4,13
HOO,HOO,2003,4,16
HOO,HOO,2003,4,17
HOO,HOO,2003,4,18
HOO,HOO,2003,4,19
HOO,HOO,2003,4,23
HOO,HOO,2003,4,24
HOO,HOO,2003,4,25
HOO,HOO,2003,4,26
HOO,HOO,2003,4,27
HOO,HOO,2003,4,30
HOO,HOO,2003,5,1
HOO,HOO,2003,5,2
HOO,HOO,2003,5,3
HOO,HOO,2003,5,4
HOO,HOO,2003,5,7
HOO,HOO,2003,5,8
HOO,HOO,2003,5,9
HOO,HOO,2003,5,10
HOO,HOO,2003,5,11
HOO,HOO,2003,5,14
HOO,HOO,2003,5,15
HOO,HOO,2003,5,16
HOO,HOO,2003,5,17
HOO,HOO,2003,5,18
HOO,HOO,2003,5,21
HOO,HOO,2003,5,22
HOO,HOO,2003,5,23
HOO,HOO,2003,5,24
HOO,HOO,2003,5,25
HOO,HOO,2003,5,26
HOO,HOO,2003,5,28
HOO,HOO,2003,5,29
HOO,HOO,2003,5,30
HOO,HOO,2003,8,29
HOO,HOO,2003,8,30
HOO,HOO,2003,8,31
HOO,HOO,2003,9,1
HOO,HOO,2003,9,4
HOO,HOO,2003,9,5
HOO,HOO,2003,9,6
HOO,HOO,2003,9,7
HOO,HOO,2003,9,10
HOO,HOO,2003,9,11
HOO,HOO,2003,9,12
HOO,HOO,2003,9,13
HOO,HOO,2003,9,14
HOO,HOO,2003,9,17
HOO,HOO,2003,9,18
HOO,HOO,2003,9,19
HOO,HOO,2003,9,20
HOO,HOO,2003,9,21
HOO,HOO,2003,9,24
HOO,HOO,2003,9,25
HOO,HOO,2003,9,26
HOO,HOO,2003,9,27
HOO,HOO,2003,9,28
HOO,HOO,2003,10,1
HOO,HOO,2003,10,2
HOO,HOO,2003,10,3
HOO,HOO,2003,10,4
HOO,HOO,2003,10,5
HOO,HOO,2003,10,8
HOO,HOO,2003,10,9
HOO,HOO,2003,10,10
HOO,HOO,2003,10,11
HOO,HOO,2003,10,12
HOO,HOO,2003,10,15
HOO,HOO,2003,10,16
HOO,HOO,2003,10,17
HOO,HOO,2003,10,18
HOO,HOO,2003,10,19
HOO,HOO,2003,10,22
HOO,HOO,2003,10,23
HOO,HOO,2003,10,24
HOO,HOO,2003,10,25
HOO,HOO,2003,10,26
HOO,HOO,2003,10,29
HOO,HOO,2003,10,30
HOO,HOO,2003,10,31
HOO,HOO,2003,11,1
HOO,HOO,2003,11,2
HOO,HOO,2003,11,5
HOO,HOO,2003,11,6
HOO,HOO,2003,11,7
HOO,HOO,2003,11,8
HOO,HOO,2003,11,9
HOO,HOO,2003,11,12
HOO,HOO,2003,11,13
HOO,HOO,2003,11,14
HOO,HOO,2003,11,15
HOO,HOO,2003,11,16
HOO,HOO,2003,11,19
HOO,HOO,2003,11,20
HOO,HOO,2003,11,21
HOO,HOO,2003,11,22
HOO,HOO,2003,11,23
HOO,HOO,2003,11,26
HOO,HOO,2003,11,27
HOO,HOO,2003,11,28
HOO,HOO,2003,11,29
HOO,HOO,2003,11,30
HOO,HOO,2003,12,3
HOO,HOO,2003,12,4
HOO,HOO,2004,3,20
HOO,HOO,2004,3,21
HOO,HOO,2004,3,24
HOO,HOO,2004,3,25
HOO,HOO,2004,3,26
HOO,HOO,2004,3,27
HOO,HOO,2004,3,28
HOO,HOO,2004,3,31
HOO,HOO,2004,4,1
HOO,HOO,2004,4,2
HOO,HOO,2004,4,3
HOO,HOO,2004,4,4
HOO,HOO,2004,4,7
HOO,HOO,2004,4,8
HOO,HOO,2004,4,9
HOO,HOO,2004,4,10
HOO,HOO,2004,4,14
HOO,HOO,2004,4,15
HOO,HOO,2004,4,16
HOO,HOO,2004,4,17
HOO,HOO,2004,4,18
HOO,HOO,2004,4,21
HOO,HOO,2004,4,22
HOO,HOO,2004,4,23
HOO,HOO,2004,4,24
HOO,HOO,2004,4,25
HOO,HOO,2004,4,28
HOO,HOO,2004,4,29
HOO,HOO,2004,4,30
HOO,HOO,2004,5,1
HOO,HOO,2004,5,2
HOO,HOO,2004,5,5
HOO,HOO,2004,5,6
HOO,HOO,2004,5,7
HOO,HOO,2004,5,8
HOO,HOO,2004,5,9
HOO,HOO,2004,5,12
HOO,HOO,2004,5,13
HOO,HOO,2004,5,14
HOO,HOO,2004,5,15
HOO,HOO,2004,5,16
HOO,HOO,2004,5,19
HOO,HOO,2004,5,20
HOO,HOO,2004,5,21
HOO,HOO,2004,5,22
HOO,HOO,2004,5,23
HOO,HOO,2004,5,26
HOO,HOO,2004,5,27
HOO,HOO,2004,5,28
HOO,HOO,2004,5,29
HOO,HOO,2004,5,30
HOO,HOO,2004,6,2
HOO,HOO,2004,6,3
HOO,HOO,2004,6,4
HOO,HOO,2004,6,5
HOO,HOO,2004,6,6
HOO,HOO,2004,6,9
HOO,HOO,2004,6,10
HOO,HOO,2004,6,11
HOO,HOO,2004,6,12
HOO,HOO,2004,9,2
HOO,HOO,2004,9,3
HOO,HOO,2004,9,4
HOO,HOO,2004,9,5
HOO,HOO,2004,9,6
HOO,HOO,2004,9,8
HOO,HOO,2004,9,9
HOO,HOO,2004,9,10
HOO,HOO,2004,9,11
HOO,HOO,2004,9,12
HOO,HOO,2004,9,15
HOO,HOO,2004,9,16
HOO,HOO,2004,9,17
HOO,HOO,2004,9,18
HOO,HOO,2004,9,19
HOO,HOO,2004,9,22
HOO,HOO,2004,9,23
HOO,HOO,2004,9,24
HOO,HOO,2004,9,25
HOO,HOO,2004,9,26
HOO,HOO,2004,9,29
HOO,HOO,2004,9,30
HOO,HOO,2004,10,1
HOO,HOO,2004,10,2
HOO,HOO,2004,10,3
HOO,HOO,2004,10,6
HOO,HOO,2004,10,7
HOO,HOO,2004,10,8
HOO,HOO,2004,10,9
HOO,HOO,2004,10,10
HOO,HOO,2004,10,13
HOO,HOO,2004,10,14
HOO,HOO,2004,10,15
HOO,HOO,2004,10,16
HOO,HOO,2004,10,17
HOO,HOO,2004,10,20
HOO,HOO,2004,10,21
HOO,HOO,2004,10,22
HOO,HOO,2004,10,23
HOO,HOO,2004,10,24
HOO,HOO,2004,10,27
HOO,HOO,2004,10,28
HOO,HOO,2004,10,29
HOO,HOO,2004,10,30
HOO,HOO,2004,10,31
HOO,HOO,2004,11,3
HOO,HOO,2004,11,4
HOO,HOO,2004,11,5
HOO,HOO,2004,11,6
HOO,HOO,2004,11,7
HOO,HOO,2004,11,10
HOO,HOO,2004,11,11
HOO,HOO,2004,11,13
HOO,HOO,2004,11,14
HOO,HOO,2004,11,17
HOO,HOO,2004,11,18
HOO,HOO,2004,11,19
HOO,HOO,2004,11,20
HOO,HOO,2004,11,21
HOO,HOO,2005,4,2
HOO,HOO,2005,4,3
HOO,HOO,2005,4,6
HOO,HOO,2005,4,7
HOO,HOO,2005,4,8
HOO,HOO,2005,4,9
HOO,HOO,2005,4,10
HOO,HOO,2005,4,13
HOO,HOO,2005,4,14
HOO,HOO,2005,4,15
HOO,HOO,2005,4,16
HOO,HOO,2005,4,17
HOO,HOO,2005,4,20
HOO,HOO,2005,4,21
HOO,HOO,2005,4,22
HOO,HOO,2005,4,23
HOO,HOO,2005,4,24
HOO,HOO,2005,4,27
HOO,HOO,2005,4,28
HOO,HOO,2005,4,29
HOO,HOO,2005,4,30
HOO,HOO,2005,5,1
HOO,HOO,2005,5,4
HOO,HOO,2005,5,5
HOO,HOO,2005,5,6
HOO,HOO,2005,5,7
HOO,HOO,2005,5,8
HOO,HOO,2005,5,11
HOO,HOO,2005,5,12
HOO,HOO,2005,5,13
HOO,HOO,2005,5,14
HOO,HOO,2005,5,15
HOO,HOO,2005,5,18
HOO,HOO,2005,5,19
HOO,HOO,2005,5,20
HOO,HOO,2005,5,21
HOO,HOO,2005,5,22
HOO,HOO,2005,5,25
HOO,HOO,2005,5,26
HOO,HOO,2005,5,27
HOO,HOO,2005,5,28
HOO,HOO,2005,5,29
HOO,HOO,2005,6,1
HOO,HOO,2005,6,2
HOO,HOO,2005,6,3
HOO,HOO,2005,6,4
HOO,HOO,2005,6,5
HOO,HOO,2005,6,8
HOO,HOO,2005,6,9
HOO,HOO,2005,6,10
HOO,HOO,2005,6,11
HOO,HOO,2005,6,12
HOO,HOO,2005,6,15
HOO,HOO,2005,6,16
HOO,HOO,2005,6,17
HOO,HOO,2005,6,18
HOO,HOO,2005,6,19
HOO,HOO,2005,6,22
HOO,HOO,2005,6,23
HOO,HOO,2005,6,24
HOO,HOO,2005,6,25
HOO,HOO,2005,9,3
HOO,HOO,2005,9,4
HOO,HOO,2005,9,5
HOO,HOO,2005,9,8
HOO,HOO,2005,9,9
HOO,HOO,2005,9,10
HOO,HOO,2005,9,11
HOO,HOO,2005,9,14
HOO,HOO,2005,9,15
HOO,HOO,2005,9,16
HOO,HOO,2005,9,17
HOO,HOO,2005,9,18
HOO,HOO,2005,9,21
HOO,HOO,2005,9,22
HOO,HOO,2005,9,23
HOO,HOO,2005,9,24
HOO,HOO,2005,9,25
HOO,HOO,2005,9,28
HOO,HOO,2005,9,29
HOO,HOO,2005,9,30
HOO,HOO,2005,10,1
HOO,HOO,2005,10,2
HOO,HOO,2005,10,5
HOO,HOO,2005,10,6
HOO,HOO,2005,10,7
HOO,HOO,2005,10,8
HOO,HOO,2005,10,9
HOO,HOO,2005,10,12
HOO,HOO,2005,10,13
HOO,HOO,2005,10,14
HOO,HOO,2005,10,15
HOO,HOO,2005,10,16
HOO,HOO,2005,10,19
HOO,HOO,2005,10,20
HOO,HOO,2005,10,21
HOO,HOO,2005,10,22
HOO,HOO,2005,10,23
HOO,HOO,2005,10,26
HOO,HOO,2005,10,27
HOO,HOO,2005,10,28
HOO,HOO,2005,10,29
HOO,HOO,2005,10,30
HOO,HOO,2005,11,2
HOO,HOO,2005,11,3
HOO,HOO,2005,11,4
HOO,HOO,2005,11,5
HOO,HOO,2005,11,6
HOO,HOO,2005,11,9
HOO,HOO,2005,11,10
HOO,HOO,2005,11,11
HOO,HOO,2005,11,12
HOO,HOO,2005,11,13
HOO,HOO,2005,11,16
HOO,HOO,2005,11,18
HOO,HOO,2005,11,19
HOO,HOO,2005,11,20
HOO,HOO,2005,11,23
HOO,HOO,2005,11,24
HOO,HOO,2005,11,25
HOO,HOO,2006,4,1
HOO,HOO,2006,4,2
HOO,HOO,2006,4,5
HOO,HOO,2006,4,6
HOO,HOO,2006,4,7
HOO,HOO,2006,4,8
HOO,HOO,2006,4,9
HOO,HOO,2006,4,12
HOO,HOO,2006,4,13
HOO,HOO,2006,4,14
HOO,HOO,2006,4,15
HOO,HOO,2006,4,19
HOO,HOO,2006,4,20
HOO,HOO,2006,4,21
HOO,HOO,2006,4,22
HOO,HOO,2006,4,23
HOO,HOO,2006,4,26
HOO,HOO,2006,4,27
HOO,HOO,2006,4,28
HOO,HOO,2006,4,29
HOO,HOO,2006,4,30
HOO,HOO,2006,5,3
HOO,HOO,2006,5,4
HOO,HOO,2006,5,5
HOO,HOO,2006,5,6
HOO,HOO,2006,5,7
HOO,HOO,2006,5,10
HOO,HOO,2006,5,11
HOO,HOO,2006,5,12
HOO,HOO,2006,5,13
HOO,HOO,2006,5,14
HOO,HOO,2006,5,17
HOO,HOO,2006,5,18
HOO,HOO,2006,5,19
HOO,HOO,2006,5,20
HOO,HOO,2006,5,21
HOO,HOO,2006,5,24
HOO,HOO,2006,5,25
HOO,HOO,2006,5,26
HOO,HOO,2006,5,27
HOO,HOO,2006,5,28
HOO,HOO,2006,5,31
HOO,HOO,2006,6,1
HOO,HOO,2006,6,2
HOO,HOO,2006,6,3
HOO,HOO,2006,6,4
HOO,HOO,2006,6,7
HOO,HOO,2006,6,8
HOO,HOO,2006,6,9
HOO,HOO,2006,6,10
HOO,HOO,2006,6,11
HOO,HOO,2006,6,14
HOO,HOO,2006,6,15
HOO,HOO,2006,6,16
HOO,HOO,2006,6,17
HOO,HOO,2006,6,18
HOO,HOO,2006,6,21
HOO,HOO,2006,6,22
HOO,HOO,2006,6,23
HOO,HOO,2006,6,24
HOO,HOO,2006,9,2
HOO,HOO,2006,9,3
HOO,HOO,2006,9,4
HOO,HOO,2006,9,7
HOO,HOO,2006,9,8
HOO,HOO,2006,9,9
HOO,HOO,2006,9,10
HOO,HOO,2006,9,13
HOO,HOO,2006,9,14
HOO,HOO,2006,9,15
HOO,HOO,2006,9,16
HOO,HOO,2006,9,17
HOO,HOO,2006,9,20
HOO,HOO,2006,9,21
HOO,HOO,2006,9,22
HOO,HOO,2006,9,23
HOO,HOO,2006,9,24
HOO,HOO,2006,9,27
HOO,HOO,2006,9,28
HOO,HOO,2006,9,29
HOO,HOO,2006,9,30
HOO,HOO,2006,10,1
HOO,HOO,2006,10,4
HOO,HOO,2006,10,5
HOO,HOO,2006,10,6
HOO,HOO,2006,10,7
HOO,HOO,2006,10,8
HOO,HOO,2006,10,11
HOO,HOO,2006,10,12
HOO,HOO,2006,10,13
HOO,HOO,2006,10,14
HOO,HOO,2006,10,15
HOO,HOO,2006,10,18
HOO,HOO,2006,10,19
HOO,HOO,2006,10,20
HOO,HOO,2006,10,21
HOO,HOO,2006,10,22
HOO,HOO,2006,10,25
HOO,HOO,2006,10,26
HOO,HOO,2006,10,27
HOO,HOO,2006,10,28
HOO,HOO,2006,10,29
HOO,HOO,2006,11,1
HOO,HOO,2006,11,2
HOO,HOO,2006,11,3
HOO,HOO,2006,11,4
HOO,HOO,2006,11,5
HOO,HOO,2006,11,8
HOO,HOO,2006,11,9
HOO,HOO,2006,11,10
HOO,HOO,2006,11,11
HOO,HOO,2006,11,12
HOO,HOO,2006,11,15
HOO,HOO,2006,11,16
HOO,HOO,2006,11,17
HOO,HOO,2006,11,18
HOO,HOO,2006,11,19
HOO,HOO,2006,11,22
HOO,HOO,2006,11,23
HOO,HOO,2006,11,24
HOO,HOO,2006,11,25
HOO,HOO,2007,4,6
HOO,HOO,2007,4,7
HOO,HOO,2007,4,11
HOO,HOO,2007,4,12
HOO,HOO,2007,4,13
HOO,HOO,2007,4,14
HOO,HOO,2007,4,15
HOO,HOO,2007,4,18
HOO,HOO,2007,4,19
HOO,HOO,2007,4,20
HOO,HOO,2007,4,21
HOO,HOO,2007,4,22
HOO,HOO,2007,4,25
HOO,HOO,2007,4,26
HOO,HOO,2007,4,27
HOO,HOO,2007,4,28
HOO,HOO,2007,4,29
HOO,HOO,2007,5,2
HOO,HOO,2007,5,3
HOO,HOO,2007,5,4
HOO,HOO,2007,5,5
HOO,HOO,2007,5,6
HOO,HOO,2007,5,9
HOO,HOO,2007,5,10
HOO,HOO,2007,5,11
HOO,HOO,2007,5,12
HOO,HOO,2007,5,13
HOO,HOO,2007,5,16
HOO,HOO,2007,5,17
HOO,HOO,2007,5,18
HOO,HOO,2007,5,19
HOO,HOO,2007,5,20
HOO,HOO,2007,5,23
HOO,HOO,2007,5,24
HOO,HOO,2007,5,25
HOO,HOO,2007,5,26
HOO,HOO,2007,5,27
HOO,HOO,2007,5,30
HOO,HOO,2007,5,31
HOO,HOO,2007,6,1
HOO,HOO,2007,6,2
HOO,HOO,2007,6,3
HOO,HOO,2007,6,6
HOO,HOO,2007,6,7
HOO,HOO,2007,6,8
HOO,HOO,2007,6,9
HOO,HOO,2007,6,10
HOO,HOO,2007,6,13
HOO,HOO,2007,6,14
HOO,HOO,2007,6,15
HOO,HOO,2007,6,16
HOO,HOO,2007,6,17
HOO,HOO,2007,6,20
HOO,HOO,2007,6,21
HOO,HOO,2007,6,22
HOO,HOO,2007,6,23
HOO,HOO,2007,6,24
HOO,HOO,2007,6,27
HOO,HOO,2007,6,28
HOO,HOO,2007,6,29
HOO,HOO,2007,6,30
HOO,HOO,2007,9,1
HOO,HOO,2007,9,2
HOO,HOO,2007,9,3
HOO,HOO,2007,9,6
HOO,HOO,2007,9,7
HOO,HOO,2007,9,8
HOO,HOO,2007,9,9
HOO,HOO,2007,9,12
HOO,HOO,2007,9,13
HOO,HOO,2007,9,14
HOO,HOO,2007,9,15
HOO,HOO,2007,9,16
HOO,HOO,2007,9,19
HOO,HOO,2007,9,20
HOO,HOO,2007,9,21
HOO,HOO,2007,9,22
HOO,HOO,2007,9,23
HOO,HOO,2007,9,26
HOO,HOO,2007,9,27
HOO,HOO,2007,9,28
HOO,HOO,2007,9,29
HOO,HOO,2007,9,30
HOO,HOO,2007,10,3
HOO,HOO,2007,10,4
HOO,HOO,2007,10,5
HOO,HOO,2007,10,6
HOO,HOO,2007,10,7
HOO,HOO,2007,10,10
HOO,HOO,2007,10,11
HOO,HOO,2007,10,12
HOO,HOO,2007,10,13
HOO,HOO,2007,10,14
HOO,HOO,2007,10,17
HOO,HOO,2007,10,18
HOO,HOO,2007,10,19
HOO,HOO,2007,10,20
HOO,HOO,2007,10,21
HOO,HOO,2007,10,24
HOO,HOO,2007,10,25
HOO,HOO,2007,10,26
HOO,HOO,2007,10,27
HOO,HOO,2007,10,28
HOO,HOO,2007,10,31
HOO,HOO,2007,11,1
HOO,HOO,2007,11,2
HOO,HOO,2007,11,3
HOO,HOO,2007,11,4
HOO,HOO,2007,11,7
HOO,HOO,2007,11,8
HOO,HOO,2007,11,9
HOO,HOO,2007,11,10
HOO,HOO,2007,11,11
HOO,HOO,2007,11,14
HOO,HOO,2007,11,15
HOO,HOO,2007,11,16
HOO,HOO,2007,11,17
HOO,HOO,2007,11,18
HOO,HOO,2007,11,22
HOO,HOO,2007,11,23
HOO,HOO,2008,4,5
HOO,HOO,2008,4,6
HOO,HOO,2008,4,9
HOO,HOO,2008,4,10
HOO,HOO,2008,4,11
HOO,HOO,2008,4,12
HOO,HOO,2008,4,13
HOO,HOO,2008,4,16
HOO,HOO,2008,4,17
HOO,HOO,2008,4,18
HOO,HOO,2008,4,19
HOO,HOO,2008,4,20
HOO,HOO,2008,4,23
HOO,HOO,2008,4,24
HOO,HOO,2008,4,25
HOO,HOO,2008,4,26
HOO,HOO,2008,4,27
HOO,HOO,2008,4,30
HOO,HOO,2008,5,1
HOO,HOO,2008,5,2
HOO,HOO,2008,5,3
HOO,HOO,2008,5,4
HOO,HOO,2008,5,7
HOO,HOO,2008,5,8
HOO,HOO,2008,5,9
HOO,HOO,2008,5,10
HOO,HOO,2008,5,11
HOO,HOO,2008,5,14
HOO,HOO,2008,5,15
HOO,HOO,2008,5,16
HOO,HOO,2008,5,17
HOO,HOO,2008,5,18
HOO,HOO,2008,5,21
HOO,HOO,2008,5,22
HOO,HOO,2008,5,23
HOO,HOO,2008,5,24
HOO,HOO,2008,5,25
HOO,HOO,2008,5,28
HOO,HOO,2008,5,29
HOO,HOO,2008,5,30
HOO,HOO,2008,5,31
HOO,HOO,2008,6,1
HOO,HOO,2008,6,4
HOO,HOO,2008,6,5
HOO,HOO,2008,6,6
HOO,HOO,2008,6,7
HOO,HOO,2008,6,8
HOO,HOO,2008,6,11
HOO,HOO,2008,6,12
HOO,HOO,2008,6,13
HOO,HOO,2008,6,14
HOO,HOO,2008,6,15
HOO,HOO,2008,6,18
HOO,HOO,2008,6,19
HOO,HOO,2008,6,20
HOO,HOO,2008,6,21
HOO,HOO,2008,6,22
HOO,HOO,2008,6,25
HOO,HOO,2008,6,26
HOO,HOO,2008,6,27
HOO,HOO,2008,6,28
HOO,HOO,2008,6,29
HOO,HOO,2008,7,2
HOO,HOO,2008,7,3
HOO,HOO,2008,7,4
HOO,HOO,2008,7,5
HOO,HOO,2008,7,6
HOO,HOO,2008,7,9
HOO,HOO,2008,7,10
HOO,HOO,2008,7,11
HOO,HOO,2008,7,12
HOO,HOO,2008,8,29
HOO,HOO,2008,8,30
HOO,HOO,2008,8,31
HOO,HOO,2008,9,1
HOO,HOO,2008,9,4
HOO,HOO,2008,9,5
HOO,HOO,2008,9,6
HOO,HOO,2008,9,7
HOO,HOO,2008,9,10
HOO,HOO,2008,9,11
HOO,HOO,2008,9,12
HOO,HOO,2008,9,13
HOO,HOO,2008,9,14
HOO,HOO,2008,9,17
HOO,HOO,2008,9,18
HOO,HOO,2008,9,19
HOO,HOO,2008,9,20
HOO,HOO,2008,9,21
HOO,HOO,2008,9,24
HOO,HOO,2008,9,25
HOO,HOO,2008,9,26
HOO,HOO,2008,9,27
HOO,HOO,2008,9,28
HOO,HOO,2008,10,1
HOO,HOO,2008,10,2
HOO,HOO,2008,10,3
HOO,HOO,2008,10,4
HOO,HOO,2008,10,5
HOO,HOO,2008,10,8
HOO,HOO,2008,10,9
HOO,HOO,2008,10,10
HOO,HOO,2008,10,11
HOO,HOO,2008,10,12
HOO,HOO,2008,10,15
HOO,HOO,2008,10,16
HOO,HOO,2008,10,17
HOO,HOO,2008,10,18
HOO,HOO,2008,10,19
HOO,HOO,2008,10,22
HOO,HOO,2008,10,23
HOO,HOO,2008,10,24
HOO,HOO,2008,10,25
HOO,HOO,2008,10,26
HOO,HOO,2008,10,29
HOO,HOO,2008,10,30
HOO,HOO,2008,10,31
HOO,HOO,2008,11,1
HOO,HOO,2008,11,2
HOO,HOO,2008,11,5
HOO,HOO,2008,11,6
HOO,HOO,2008,11,7
HOO,HOO,2008,11,8
HOO,HOO,2008,11,9
HOO,HOO,2008,11,12
HOO,HOO,2008,11,13
HOO,HOO,2008,11,14
HOO,HOO,2008,11,15
HOO,HOO,2008,11,16
HOO,HOO,2008,11,19
HOO,HOO,2008,11,20
HOO,HOO,2008,11,21
HOO,HOO,2008,11,22
HOO,HOO,2008,11,23
HOO,HOO,2009,3,24
HOO,HOO,2009,3,25
HOO,HOO,2009,3,26
HOO,HOO,2009,3,27
HOO,HOO,2009,3,28
HOO,HOO,2009,3,31
HOO,HOO,2009,4,1
HOO,HOO,2009,4,2
HOO,HOO,2009,4,3
HOO,HOO,2009,4,4
HOO,HOO,2009,4,7
HOO,HOO,2009,4,8
HOO,HOO,2009,4,9
HOO,HOO,2009,4,10
HOO,HOO,2009,4,11
HOO,HOO,2009,4,14
HOO,HOO,2009,4,15
HOO,HOO,2009,4,16
HOO,HOO,2009,4,17
HOO,HOO,2009,4,18
HOO,HOO,2009,4,21
HOO,HOO,2009,4,22
HOO,HOO,2009,4,23
HOO,HOO,2009,4,24
HOO,HOO,2009,4,25
HOO,HOO,2009,4,28
HOO,HOO,2009,4,29
HOO,HOO,2009,4,30
HOO,HOO,2009,5,1
HOO,HOO,2009,5,2
HOO,HOO,2009,5,5
HOO,HOO,2009,5,6
HOO,HOO,2009,5,7
HOO,HOO,2009,5,8
HOO,HOO,2009,5,9
HOO,HOO,2009,5,12
HOO,HOO,2009,5,13
HOO,HOO,2009,5,14
HOO,HOO,2009,5,15
HOO,HOO,2009,5,16
HOO,HOO,2009,5,19
HOO,HOO,2009,5,20
HOO,HOO,2009,5,21
HOO,HOO,2009,5,22
HOO,HOO,2009,5,23
HOO,HOO,2009,5,26
HOO,HOO,2009,5,27
HOO,HOO,2009,5,28
HOO,HOO,2009,5,29
HOO,HOO,2009,5,30
HOO,HOO,2009,6,2
HOO,HOO,2009,6,3
HOO,HOO,2009,6,4
HOO,HOO,2009,6,5
HOO,HOO,2009,6,6
HOO,HOO,2009,6,9
HOO,HOO,2009,6,10
HOO,HOO,2009,6,11
HOO,HOO,2009,6,12
HOO,HOO,2009,6,13
HOO,HOO,2009,6,16
HOO,HOO,2009,6,17
HOO,HOO,2009,6,18
HOO,HOO,2009,6,19
HOO,HOO,2009,6,20
HOO,HOO,2009,6,23
HOO,HOO,2009,6,24
HOO,HOO,2009,6,25
HOO,HOO,2009,6,26
HOO,HOO,2009,6,27
HOO,HOO,2009,6,30
HOO,HOO,2009,7,1
HOO,HOO,2009,7,2
HOO,HOO,2009,7,3
HOO,HOO,2009,7,4
HOO,HOO,2009,7,7
HOO,HOO,2009,7,8
HOO,HOO,2009,7,9
HOO,HOO,2009,7,10
HOO,HOO,2009,7,11
HOO,HOO,2009,7,30
HOO,HOO,2009,7,31
HOO,HOO,2009,8,1
HOO,HOO,2009,8,2
HOO,HOO,2009,8,5
HOO,HOO,2009,8,6
HOO,HOO,2009,8,7
HOO,HOO,2009,8,8
HOO,HOO,2009,8,9
HOO,HOO,2009,8,12
HOO,HOO,2009,8,13
HOO,HOO,2009,8,14
HOO,HOO,2009,8,15
HOO,HOO,2009,8,16
HOO,HOO,2009,8,19
HOO,HOO,2009,8,20
HOO,HOO,2009,8,21
HOO,HOO,2009,8,22
HOO,HOO,2009,8,23
HOO,HOO,2009,8,26
HOO,HOO,2009,8,27
HOO,HOO,2009,8,28
HOO,HOO,2009,8,29
HOO,HOO,2009,8,30
HOO,HOO,2009,9,2
HOO,HOO,2009,9,3
HOO,HOO,2009,9,4
HOO,HOO,2009,9,5
HOO,HOO,2009,9,6
HOO,HOO,2009,9,7
HOO,HOO,2009,9,10
HOO,HOO,2009,9,11
HOO,HOO,2009,9,12
HOO,HOO,2009,9,13
HOO,HOO,2009,9,16
HOO,HOO,2009,9,17
HOO,HOO,2009,9,18
HOO,HOO,2009,9,19
HOO,HOO,2009,9,20
HOO,HOO,2009,9,23
HOO,HOO,2009,9,24
HOO,HOO,2009,9,25
HOO,HOO,2009,9,26
HOO,HOO,2009,9,27
HOO,HOO,2009,9,30
HOO,HOO,2009,10,1
HOO,HOO,2009,10,2
HOO,HOO,2009,10,3
HOO,HOO,2009,10,4
HOO,HOO,2009,10,7
HOO,HOO,2009,10,8
HOO,HOO,2009,10,9
HOO,HOO,2009,10,10
HOO,HOO,2009,10,11
HOO,HOO,2009,10,14
HOO,HOO,2009,10,15
HOO,HOO,2009,10,16
HOO,HOO,2009,10,17
HOO,HOO,2009,10,18
HOO,HOO,2009,10,21
HOO,HOO,2009,10,22
HOO,HOO,2009,10,23
HOO,HOO,2009,10,24
HOO,HOO,2010,3,25
HOO,HOO,2010,3,26
HOO,HOO,2010,3,27
HOO,HOO,2010,3,28
HOO,HOO,2010,3,31
HOO,HOO,2010,4,1
HOO,HOO,2010,4,2
HOO,HOO,2010,4,3
HOO,HOO,2010,4,7
HOO,HOO,2010,4,8
HOO,HOO,2010,4,9
HOO,HOO,2010,4,10
HOO,HOO,2010,4,11
HOO,HOO,2010,4,14
HOO,HOO,2010,4,15
HOO,HOO,2010,4,16
HOO,HOO,2010,4,17
HOO,HOO,2010,4,18
HOO,HOO,2010,4,21
HOO,HOO,2010,4,22
HOO,HOO,2010,4,23
HOO,HOO,2010,4,24
HOO,HOO,2010,4,25
HOO,HOO,2010,4,28
HOO,HOO,2010,4,29
HOO,HOO,2010,4,30
HOO,HOO,2010,5,1
HOO,HOO,2010,5,2
HOO,HOO,2010,5,5
HOO,HOO,2010,5,6
HOO,HOO,2010,5,7
HOO,HOO,2010,5,8
HOO,HOO,2010,5,9
HOO,HOO,2010,5,12
HOO,HOO,2010,5,13
HOO,HOO,2010,5,14
HOO,HOO,2010,5,15
HOO,HOO,2010,5,16
HOO,HOO,2010,5,19
HOO,HOO,2010,5,20
HOO,HOO,2010,5,21
HOO,HOO,2010,5,22
HOO,HOO,2010,5,23
HOO,HOO,2010,5,26
HOO,HOO,2010,5,27
HOO,HOO,2010,5,28
HOO,HOO,2010,5,29
HOO,HOO,2010,5,30
HOO,HOO,2010,5,31
HOO,HOO,2010,6,2
HOO,HOO,2010,6,3
HOO,HOO,2010,6,4
HOO,HOO,2010,6,5
HOO,HOO,2010,6,6
HOO,HOO,2010,6,9
HOO,HOO,2010,6,10
HOO,HOO,2010,6,11
HOO,HOO,2010,6,12
HOO,HOO,2010,6,13
HOO,HOO,2010,6,16
HOO,HOO,2010,6,17
HOO,HOO,2010,6,18
HOO,HOO,2010,6,19
HOO,HOO,2010,6,20
HOO,HOO,2010,6,23
HOO,HOO,2010,6,24
HOO,HOO,2010,6,25
HOO,HOO,2010,6,26
HOO,HOO,2010,6,27
HOO,HOO,2010,6,30
HOO,HOO,2010,7,1
HOO,HOO,2010,7,2
HOO,HOO,2010,7,3
HOO,HOO,2010,7,4
HOO,HOO,2010,7,5
HOO,HOO,2010,7,7
HOO,HOO,2010,7,8
HOO,HOO,2010,7,9
HOO,HOO,2010,7,10
HOO,HOO,2010,7,11
HOO,HOO,2010,7,30
HOO,HOO,2010,7,31
HOO,HOO,2010,8,1
HOO,HOO,2010,8,4
HOO,HOO,2010,8,5
HOO,HOO,2010,8,6
HOO,HOO,2010,8,7
HOO,HOO,2010,8,8
HOO,HOO,2010,8,11
HOO,HOO,2010,8,12
HOO,HOO,2010,8,13
HOO,HOO,2010,8,14
HOO,HOO,2010,8,15
HOO,HOO,2010,8,18
HOO,HOO,2010,8,19
HOO,HOO,2010,8,20
HOO,HOO,2010,8,21
HOO,HOO,2010,8,22
HOO,HOO,2010,8,25
HOO,HOO,2010,8,26
HOO,HOO,2010,8,27
HOO,HOO,2010,8,28
HOO,HOO,2010,8,29
HOO,HOO,2010,9,1
HOO,HOO,2010,9,2
HOO,HOO,2010,9,3
HOO,HOO,2010,9,4
HOO,HOO,2010,9,5
HOO,HOO,2010,9,6
HOO,HOO,2010,9,9
HOO,HOO,2010,9,10
HOO,HOO,2010,9,11
HOO,HOO,2010,9,12
HOO,HOO,2010,9,15
HOO,HOO,2010,9,16
HOO,HOO,2010,9,17
HOO,HOO,2010,9,18
HOO,HOO,2010,9,19
HOO,HOO,2010,9,22
HOO,HOO,2010,9,23
HOO,HOO,2010,9,24
HOO,HOO,2010,9,25
HOO,HOO,2010,9,26
HOO,HOO,2010,9,29
HOO,HOO,2010,9,30
HOO,HOO,2010,10,1
HOO,HOO,2010,10,2
HOO,HOO,2010,10,3
HOO,HOO,2010,10,6
HOO,HOO,2010,10,7
HOO,HOO,2010,10,8
HOO,HOO,2010,10,9
HOO,HOO,2010,10,10
HOO,HOO,2010,10,13
HOO,HOO,2010,10,14
HOO,HOO,2010,10,15
HOO,HOO,2010,10,16
HOO,HOO,2010,10,17
HOO,HOO,2010,10,20
HOO,HOO,2010,10,21
HOO,HOO,2010,10,22
HOO,HOO,2010,10,23
HOO,HOO,2010,10,24
HOO,HOO,2011,3,31
HOO,HOO,2011,4,1
HOO,HOO,2011,4,2
HOO,HOO,2011,4,5
HOO,HOO,2011,4,6
HOO,HOO,2011,4,7
HOO,HOO,2011,4,8
HOO,HOO,2011,4,9
HOO,HOO,2011,4,12
HOO,HOO,2011,4,13
HOO,HOO,2011,4,14
HOO,HOO,2011,4,15
HOO,HOO,2011,4,16
HOO,HOO,2011,4,19
HOO,HOO,2011,4,20
HOO,HOO,2011,4,21
HOO,HOO,2011,4,22
HOO,HOO,2011,4,23
HOO,HOO,2011,4,26
HOO,HOO,2011,4,27
HOO,HOO,2011,4,28
HOO,HOO,2011,4,29
HOO,HOO,2011,4,30
HOO,HOO,2011,5,3
HOO,HOO,2011,5,4
HOO,HOO,2011,5,5
HOO,HOO,2011,5,6
HOO,HOO,2011,5,7
HOO,HOO,2011,5,10
HOO,HOO,2011,5,11
HOO,HOO,2011,5,12
HOO,HOO,2011,5,13
HOO,HOO,2011,5,14
HOO,HOO,2011,5,17
HOO,HOO,2011,5,18
HOO,HOO,2011,5,19
HOO,HOO,2011,5,20
HOO,HOO,2011,5,21
HOO,HOO,2011,5,24
HOO,HOO,2011,5,25
HOO,HOO,2011,5,26
HOO,HOO,2011,5,27
HOO,HOO,2011,5,28
HOO,HOO,2011,5,30
HOO,HOO,2011,5,31
HOO,HOO,2011,6,1
HOO,HOO,2011,6,2
HOO,HOO,2011,6,3
HOO,HOO,2011,6,4
HOO,HOO,2011,6,7
HOO,HOO,2011,6,8
HOO,HOO,2011,6,9
HOO,HOO,2011,6,10
HOO,HOO,2011,6,11
HOO,HOO,2011,6,14
HOO,HOO,2011,6,15
HOO,HOO,2011,6,16
HOO,HOO,2011,6,17
HOO,HOO,2011,6,18
HOO,HOO,2011,6,21
HOO,HOO,2011,6,22
HOO,HOO,2011,6,23
HOO,HOO,2011,6,24
HOO,HOO,2011,6,25
HOO,HOO,2011,6,28
HOO,HOO,2011,6,29
HOO,HOO,2011,6,30
HOO,HOO,2011,7,1
HOO,HOO,2011,7,2
HOO,HOO,2011,7,4
HOO,HOO,2011,7,5
HOO,HOO,2011,7,6
HOO,HOO,2011,7,7
HOO,HOO,2011,7,8
HOO,HOO,2011,7,9
HOO,HOO,2011,7,12
HOO,HOO,2011,7,13
HOO,HOO,2011,7,14
HOO,HOO,2011,7,15
HOO,HOO,2011,7,16
HOO,HOO,2011,8,2
HOO,HOO,2011,8,3
HOO,HOO,2011,8,4
HOO,HOO,2011,8,5
HOO,HOO,2011,8,6
HOO,HOO,2011,8,9
HOO,HOO,2011,8,10
HOO,HOO,2011,8,11
HOO,HOO,2011,8,12
HOO,HOO,2011,8,13
HOO,HOO,2011,8,16
HOO,HOO,2011,8,17
HOO,HOO,2011,8,18
HOO,HOO,2011,8,19
HOO,HOO,2011,8,20
HOO,HOO,2011,8,23
HOO,HOO,2011,8,24
HOO,HOO,2011,8,25
HOO,HOO,2011,8,26
HOO,HOO,2011,8,27
HOO,HOO,2011,8,30
HOO,HOO,2011,8,31
HOO,HOO,2011,9,1
HOO,HOO,2011,9,2
HOO,HOO,2011,9,3
HOO,HOO,2011,9,5
HOO,HOO,2011,9,6
HOO,HOO,2011,9,7
HOO,HOO,2011,9,8
HOO,HOO,2011,9,9
HOO,HOO,2011,9,10
HOO,HOO,2011,9,13
HOO,HOO,2011,9,14
HOO,HOO,2011,9,15
HOO,HOO,2011,9,16
HOO,HOO,2011,9,17
HOO,HOO,2011,9,20
HOO,HOO,2011,9,21
HOO,HOO,2011,9,22
HOO,HOO,2011,9,23
HOO,HOO,2011,9,24
HOO,HOO,2011,9,27
HOO,HOO,2011,9,28
HOO,HOO,2011,9,29
HOO,HOO,2011,9,30
HOO,HOO,2011,10,1
HOO,HOO,2011,10,4
HOO,HOO,2011,10,5
HOO,HOO,2011,10,6
HOO,HOO,2011,10,7
HOO,HOO,2011,10,11
HOO,HOO,2011,10,12
HOO,HOO,2011,10,13
HOO,HOO,2011,10,14
HOO,HOO,2011,10,15
HOO,HOO,2011,10,18
HOO,HOO,2011,10,19
HOO,HOO,2011,10,21
HOO,HOO,2011,10,22
HOO,HOO,2011,10,23
HOO,HOO,2012,3,27
HOO,HOO,2012,3,28
HOO,HOO,2012,3,29
HOO,HOO,2012,3,30
HOO,HOO,2012,3,31
HOO,HOO,2012,4,3
HOO,HOO,2012,4,4
HOO,HOO,2012,4,5
HOO,HOO,2012,4,6
HOO,HOO,2012,4,7
HOO,HOO,2012,4,10
HOO,HOO,2012,4,11
HOO,HOO,2012,4,12
HOO,HOO,2012,4,13
HOO,HOO,2012,4,14
HOO,HOO,2012,4,17
HOO,HOO,2012,4,18
HOO,HOO,2012,4,19
HOO,HOO,2012,4,20
HOO,HOO,2012,4,21
HOO,HOO,2012,4,24
HOO,HOO,2012,4,25
HOO,HOO,2012,4,26
HOO,HOO,2012,4,27
HOO,HOO,2012,4,28
HOO,HOO,2012,5,1
HOO,HOO,2012,5,2
HOO,HOO,2012,5,3
HOO,HOO,2012,5,4
HOO,HOO,2012,5,5
HOO,HOO,2012,5,8
HOO,HOO,2012,5,9
HOO,HOO,2012,5,10
HOO,HOO,2012,5,11
HOO,HOO,2012,5,12
HOO,HOO,2012,5,15
HOO,HOO,2012,5,16
HOO,HOO,2012,5,17
HOO,HOO,2012,5,18
HOO,HOO,2012,5,19
HOO,HOO,2012,5,22
HOO,HOO,2012,5,23
HOO,HOO,2012,5,24
HOO,HOO,2012,5,25
HOO,HOO,2012,5,26
HOO,HOO,2012,5,29
HOO,HOO,2012,5,30
HOO,HOO,2012,5,31
HOO,HOO,2012,6,1
HOO,HOO,2012,6,2
HOO,HOO,2012,6,5
HOO,HOO,2012,6,6
HOO,HOO,2012,6,7
HOO,HOO,2012,6,8
HOO,HOO,2012,6,9
HOO,HOO,2012,6,12
HOO,HOO,2012,6,13
HOO,HOO,2012,6,14
HOO,HOO,2012,6,15
HOO,HOO,2012,6,16
HOO,HOO,2012,6,19
HOO,HOO,2012,6,20
HOO,HOO,2012,6,21
HOO,HOO,2012,6,22
HOO,HOO,2012,6,23
HOO,HOO,2012,6,26
HOO,HOO,2012,6,27
HOO,HOO,2012,6,28
HOO,HOO,2012,6,29
HOO,HOO,2012,6,30
HOO,HOO,2012,7,3
HOO,HOO,2012,7,4
HOO,HOO,2012,7,5
HOO,HOO,2012,7,6
HOO,HOO,2012,7,7
HOO,HOO,2012,7,10
HOO,HOO,2012,7,11
HOO,HOO,2012,7,12
HOO,HOO,2012,7,13
HOO,HOO,2012,7,14
HOO,HOO,2012,8,1
HOO,HOO,2012,8,2
HOO,HOO,2012,8,3
HOO,HOO,2012,8,4
HOO,HOO,2012,8,7
HOO,HOO,2012,8,8
HOO,HOO,2012,8,9
HOO,HOO,2012,8,10
HOO,HOO,2012,8,11
HOO,HOO,2012,8,14
HOO,HOO,2012,8,15
HOO,HOO,2012,8,16
HOO,HOO,2012,8,17
HOO,HOO,2012,8,18
HOO,HOO,2012,8,21
HOO,HOO,2012,8,22
HOO,HOO,2012,8,23
HOO,HOO,2012,8,24
HOO,HOO,2012,8,25
HOO,HOO,2012,8,28
HOO,HOO,2012,8,29
HOO,HOO,2012,8,30
HOO,HOO,2012,8,31
HOO,HOO,2012,9,1
HOO,HOO,2012,9,4
HOO,HOO,2012,9,5
HOO,HOO,2012,9,6
HOO,HOO,2012,9,7
HOO,HOO,2012,9,8
HOO,HOO,2012,9,11
HOO,HOO,2012,9,12
HOO,HOO,2012,9,13
HOO,HOO,2012,9,14
HOO,HOO,2012,9,15
HOO,HOO,2012,9,18
HOO,HOO,2012,9,19
HOO,HOO,2012,9,20
HOO,HOO,2012,9,21
HOO,HOO,2012,9,22
HOO,HOO,2012,9,25
HOO,HOO,2012,9,26
HOO,HOO,2012,9,27
HOO,HOO,2012,9,28
HOO,HOO,2012,9,29
HOO,HOO,2012,10,2
HOO,HOO,2012,10,3
HOO,HOO,2012,10,4
HOO,HOO,2012,10,5
HOO,HOO,2012,10,6
HOO,HOO,2012,10,9
HOO,HOO,2012,10,10
HOO,HOO,2012,10,11
HOO,HOO,2012,10,12
HOO,HOO,2012,10,16
HOO,HOO,2012,10,17
HOO,HOO,2012,10,18
HOO,HOO,2012,10,19
HOO,HOO,2012,10,20
HOO,HOO,2012,10,23
HOO,HOO,2012,10,24
HOO,HOO,2012,10,25
HOO,HOO,2012,10,26
HOO,HOO,2012,10,27
HOO,HOO,2013,4,2
HOO,HOO,2013,4,3
HOO,HOO,2013,4,4
HOO,HOO,2013,4,5
HOO,HOO,2013,4,6
HOO,HOO,2013,4,9
HOO,HOO,2013,4,10
HOO,HOO,2013,4,11
HOO,HOO,2013,4,12
HOO,HOO,2013,4,13
HOO,HOO,2013,4,16
HOO,HOO,2013,4,17
HOO,HOO,2013,4,18
HOO,HOO,2013,4,19
HOO,HOO,2013,4,20
HOO,HOO,2013,4,23
HOO,HOO,2013,4,24
HOO,HOO,2013,4,25
HOO,HOO,2013,4,26
HOO,HOO,2013,4,27
HOO,HOO,2013,4,30
HOO,HOO,2013,5,1
HOO,HOO,2013,5,2
HOO,HOO,2013,5,3
HOO,HOO,2013,5,4
HOO,HOO,2013,5,7
HOO,HOO,2013,5,8
HOO,HOO,2013,5,9
HOO,HOO,2013,5,10
HOO,HOO,2013,5,11
HOO,HOO,2013,5,14
HOO,HOO,2013,5,15
HOO,HOO,2013,5,16
HOO,HOO,2013,5,17
HOO,HOO,2013,5,18
HOO,HOO,2013,5,21
HOO,HOO,2013,5,22
HOO,HOO,2013,5,23
HOO,HOO,2013,5,24
HOO,HOO,2013,5,25
HOO,HOO,2013,5,28
HOO,HOO,2013,5,29
HOO,HOO,2013,5,30
HOO,HOO,2013,5,31
HOO,HOO,2013,6,1
HOO,HOO,2013,6,4
HOO,HOO,2013,6,5
HOO,HOO,2013,6,6
HOO,HOO,2013,6,7
HOO,HOO,2013,6,8
HOO,HOO,2013,6,11
HOO,HOO,2013,6,12
HOO,HOO,2013,6,13
HOO,HOO,2013,6,14
HOO,HOO,2013,6,15
HOO,HOO,2013,6,18
HOO,HOO,2013,6,19
HOO,HOO,2013,6,20
HOO,HOO,2013,6,21
HOO,HOO,2013,6,22
HOO,HOO,2013,6,25
HOO,HOO,2013,6,26
HOO,HOO,2013,6,27
HOO,HOO,2013,6,28
HOO,HOO,2013,6,29
HOO,HOO,2013,7,2
HOO,HOO,2013,7,3
HOO,HOO,2013,7,4
HOO,HOO,2013,7,5
HOO,HOO,2013,7,6
HOO,HOO,2013,7,9
HOO,HOO,2013,7,10
HOO,HOO,2013,7,11
HOO,HOO,2013,7,12
HOO,HOO,2013,7,13
HOO,HOO,2013,7,16
HOO,HOO,2013,7,17
HOO,HOO,2013,7,18
HOO,HOO,2013,7,19
HOO,HOO,2013,7,20
HOO,HOO,2013,7,23
HOO,HOO,2013,7,24
HOO,HOO,2013,7,25
HOO,HOO,2013,7,26
HOO,HOO,2013,7,27
HOO,HOO,2013,7,30
HOO,HOO,2013,7,31
HOO,HOO,2013,8,1
HOO,HOO,2013,8,2
HOO,HOO,2013,8,3
HOO,HOO,2013,8,6
HOO,HOO,2013,8,7
HOO,HOO,2013,8,8
HOO,HOO,2013,8,9
HOO,HOO,2013,8,10
HOO,HOO,2013,8,13
HOO,HOO,2013,8,14
HOO,HOO,2013,8,15
HOO,HOO,2013,8,16
HOO,HOO,2013,8,17
HOO,HOO,2013,8,20
HOO,HOO,2013,8,21
HOO,HOO,2013,8,22
HOO,HOO,2013,8,23
HOO,HOO,2013,8,24
HOO,HOO,2013,8,27
HOO,HOO,2013,8,28
HOO,HOO,2013,8,29
HOO,HOO,2013,8,30
HOO,HOO,2013,8,31
HOO,HOO,2013,9,3
HOO,HOO,2013,9,4
HOO,HOO,2013,9,5
HOO,HOO,2013,9,6
HOO,HOO,2013,9,7
HOO,HOO,2013,9,10
HOO,HOO,2013,9,11
HOO,HOO,2013,9,12
HOO,HOO,2013,9,13
HOO,HOO,2013,9,14
HOO,HOO,2013,9,17
HOO,HOO,2013,9,18
HOO,HOO,2013,9,19
HOO,HOO,2013,9,20
HOO,HOO,2013,9,21
HOO,HOO,2013,9,24
HOO,HOO,2013,9,25
HOO,HOO,2013,9,26
HOO,HOO,2013,9,27
HOO,HOO,2013,9,28
HOO,HOO,2013,10,1
HOO,HOO,2013,10,2
HOO,HOO,2013,10,3
HOO,HOO,2013,10,4
HOO,HOO,2013,10,5
HOO,HOO,2013,10,8
HOO,HOO,2013,10,9
HOO,HOO,2013,10,10
HOO,HOO,2013,10,11
HOO,HOO,2013,10,12
HOO,HOO,2013,10,15
HOO,HOO,2013,10,16
HOO,HOO,2013,10,17
HOO,HOO,2013,10,18
HOO,HOO,2013,10,19
HOO,HOO,2013,10,22
HOO,HOO,2013,10,23
HOO,HOO,2013,10,24
HOO,HOO,2013,10,25
HOO,HOO,2013,10,26
HOO,HOO,2013,10,29
HOO,HOO,2013,10,30
HOO,HOO,2013,10,31
HOO,HOO,2013,11,1
HOO,HOO,2013,11,2
HOO,HOO,2013,11,5
HOO,HOO,2013,11,6
HOO,HOO,2013,11,7
HOO,HOO,2013,11,8
HOO,HOO,2013,11,9
HOO,HOO,2014,3,28
HOO,HOO,2014,3,29
HOO,HOO,2014,4,3
HOO,HOO,2014,4,4
HOO,HOO,2014,4,5
HOO,HOO,2014,4,8
HOO,HOO,2014,4,9
HOO,HOO,2014,4,10
HOO,HOO,2014,4,11
HOO,HOO,2014,4,12
HOO,HOO,2014,4,15
HOO,HOO,2014,4,16
HOO,HOO,2014,4,17
HOO,HOO,2014,4,18
HOO,HOO,2014,4,19
HOO,HOO,2014,4,22
HOO,HOO,2014,4,23
HOO,HOO,2014,4,24
HOO,HOO,2014,4,25
HOO,HOO,2014,4,26
HOO,HOO,2014,4,29
HOO,HOO,2014,4,30
HOO,HOO,2014,5,1
HOO,HOO,2014,5,2
HOO,HOO,2014,5,3
HOO,HOO,2014,5,6
HOO,HOO,2014,5,7
HOO,HOO,2014,5,8
HOO,HOO,2014,5,9
HOO,HOO,2014,5,10
HOO,HOO,2014,5,13
HOO,HOO,2014,5,14
HOO,HOO,2014,5,15
HOO,HOO,2014,5,16
HOO,HOO,2014,5,17
HOO,HOO,2014,5,20
HOO,HOO,2014,5,21
HOO,HOO,2014,5,22
HOO,HOO,2014,5,23
HOO,HOO,2014,5,24
HOO,HOO,2014,5,27
HOO,HOO,2014,5,28
HOO,HOO,2014,5,29
HOO,HOO,2014,5,30
HOO,HOO,2014,5,31
HOO,HOO,2014,6,3
HOO,HOO,2014,6,4
HOO,HOO,2014,6,5
HOO,HOO,2014,6,6
HOO,HOO,2014,6,7
HOO,HOO,2014,6,10
HOO,HOO,2014,6,11
HOO,HOO,2014,6,12
HOO,HOO,2014,6,13
HOO,HOO,2014,6,14
HOO,HOO,2014,6,17
HOO,HOO,2014,6,18
HOO,HOO,2014,6,19
HOO,HOO,2014,6,20
HOO,HOO,2014,6,21
HOO,HOO,2014,6,24
HOO,HOO,2014,6,25
HOO,HOO,2014,6,26
HOO,HOO,2014,6,27
HOO,HOO,2014,6,28
HOO,HOO,2014,7,1
HOO,HOO,2014,7,2
HOO,HOO,2014,7,3
HOO,HOO,2014,7,4
HOO,HOO,2014,7,5
HOO,HOO,2014,7,8
HOO,HOO,2014,7,9
HOO,HOO,2014,7,10
HOO,HOO,2014,7,11
HOO,HOO,2014,7,12
HOO,HOO,2014,7,15
HOO,HOO,2014,7,16
HOO,HOO,2014,7,17
HOO,HOO,2014,7,18
HOO,HOO,2014,7,19
HOO,HOO,2014,7,22
HOO,HOO,2014,7,23
HOO,HOO,2014,7,24
HOO,HOO,2014,7,25
HOO,HOO,2014,7,26
HOO,HOO,2014,7,29
HOO,HOO,2014,7,30
HOO,HOO,2014,7,31
HOO,HOO,2014,8,1
HOO,HOO,2014,8,2
HOO,HOO,2014,8,5
HOO,HOO,2014,8,6
HOO,HOO,2014,8,7
HOO,HOO,2014,8,8
HOO,HOO,2014,8,9
HOO,HOO,2014,8,19
HOO,HOO,2014,8,20
HOO,HOO,2014,8,21
HOO,HOO,2014,8,22
HOO,HOO,2014,8,23
HOO,HOO,2014,8,26
HOO,HOO,2014,8,27
HOO,HOO,2014,8,28
HOO,HOO,2014,8,29
HOO,HOO,2014,8,30
HOO,HOO,2014,9,2
HOO,HOO,2014,9,3
HOO,HOO,2014,9,4
HOO,HOO,2014,9,5
HOO,HOO,2014,9,6
HOO,HOO,2014,9,9
HOO,HOO,2014,9,10
HOO,HOO,2014,9,11
HOO,HOO,2014,9,12
HOO,HOO,2014,9,13
HOO,HOO,2014,9,16
HOO,HOO,2014,9,17
HOO,HOO,2014,9,18
HOO,HOO,2014,9,19
HOO,HOO,2014,9,20
HOO,HOO,2014,9,23
HOO,HOO,2014,9,24
HOO,HOO,2014,9,25
HOO,HOO,2014,9,26
HOO,HOO,2014,9,27
HOO,HOO,2014,9,30
HOO,HOO,2014,10,1
HOO,HOO,2014,10,2
HOO,HOO,2014,10,3
HOO,HOO,2014,10,4
HOO,HOO,2014,10,7
HOO,HOO,2014,10,8
HOO,HOO,2014,10,9
HOO,HOO,2014,10,10
HOO,HOO,2014,10,11
HOO,HOO,2014,10,14
HOO,HOO,2014,10,15
HOO,HOO,2014,10,16
HOO,HOO,2014,10,17
HOO,HOO,2014,10,18
HOO,HOO,2014,10,21
HOO,HOO,2014,10,22
HOO,HOO,2014,10,23
HOO,HOO,2014,10,24
HOO,HOO,2014,10,25
HOO,HOO,2014,10,28
HOO,HOO,2014,10,29
HOO,HOO,2014,10,30
HOO,HOO,2014,10,31
HOO,HOO,2014,11,1
HOO,HOO,2014,11,4
HOO,HOO,2014,11,5
HOO,HOO,2014,11,6
HOO,HOO,2014,11,7
HOO,HOO,2014,11,8
HOO,HOO,2014,11,11
HOO,HOO,2014,11,12
HOO,HOO,2014,11,13
HOO,HOO,2014,11,14
HOO,HOO,2014,11,15
HOO,HOO,2015,3,27
HOO,HOO,2015,3,28
HOO,HOO,2015,4,2
HOO,HOO,2015,4,3
HOO,HOO,2015,4,4
HOO,HOO,2015,4,7
HOO,HOO,2015,4,8
HOO,HOO,2015,4,9
HOO,HOO,2015,4,10
HOO,HOO,2015,4,11
HOO,HOO,2015,4,14
HOO,HOO,2015,4,15
HOO,HOO,2015,4,16
HOO,HOO,2015,4,17
HOO,HOO,2015,4,18
HOO,HOO,2015,4,21
HOO,HOO,2015,4,22
HOO,HOO,2015,4,23
HOO,HOO,2015,4,24
HOO,HOO,2015,4,25
HOO,HOO,2015,4,28
HOO,HOO,2015,4,29
HOO,HOO,2015,4,30
HOO,HOO,2015,5,1
HOO,HOO,2015,5,2
HOO,HOO,2015,5,5
HOO,HOO,2015,5,6
HOO,HOO,2015,5,7
HOO,HOO,2015,5,8
HOO,HOO,2015,5,9
HOO,HOO,2015,5,12
HOO,HOO,2015,5,13
HOO,HOO,2015,5,14
HOO,HOO,2015,5,15
HOO,HOO,2015,5,16
HOO,HOO,2015,5,19
HOO,HOO,2015,5,20
HOO,HOO,2015,5,21
HOO,HOO,2015,5,22
HOO,HOO,2015,5,23
HOO,HOO,2015,5,26
HOO,HOO,2015,5,27
HOO,HOO,2015,5,28
HOO,HOO,2015,5,29
HOO,HOO,2015,5,30
HOO,HOO,2015,6,2
HOO,HOO,2015,6,3
HOO,HOO,2015,6,4
HOO,HOO,2015,6,5
HOO,HOO,2015,6,6
HOO,HOO,2015,6,9
HOO,HOO,2015,6,10
HOO,HOO,2015,6,11
HOO,HOO,2015,6,12
HOO,HOO,2015,6,13
HOO,HOO,2015,6,16
HOO,HOO,2015,6,17
HOO,HOO,2015,6,18
HOO,HOO,2015,6,19
HOO,HOO,2015,6,20
HOO,HOO,2015,6,23
HOO,HOO,2015,6,24
HOO,HOO,2015,6,25
HOO,HOO,2015,6,26
HOO,HOO,2015,6,27
HOO,HOO,2015,6,30
HOO,HOO,2015,7,1
HOO,HOO,2015,7,2
HOO,HOO,2015,7,3
HOO,HOO,2015,7,4
HOO,HOO,2015,7,7
HOO,HOO,2015,7,8
HOO,HOO,2015,7,9
HOO,HOO,2015,7,10
HOO,HOO,2015,7,11
HOO,HOO,2015,7,14
HOO,HOO,2015,7,15
HOO,HOO,2015,7,16
HOO,HOO,2015,7,17
HOO,HOO,2015,7,18
HOO,HOO,2015,7,21
HOO,HOO,2015,7,22
HOO,HOO,2015,7,23
HOO,HOO,2015,7,24
HOO,HOO,2015,7,28
HOO,HOO,2015,7,29
HOO,HOO,2015,7,30
HOO,HOO,2015,7,31
HOO,HOO,2015,8,1
HOO,HOO,2015,8,4
HOO,HOO,2015,8,5
HOO,HOO,2015,8,6
HOO,HOO,2015,8,7
HOO,HOO,2015,8,8
HOO,HOO,2015,8,11
HOO,HOO,2015,8,12
HOO,HOO,2015,8,13
HOO,HOO,2015,8,14
HOO,HOO,2015,8,15
HOO,HOO,2015,8,25
HOO,HOO,2015,8,26
HOO,HOO,2015,8,27
HOO,HOO,2015,8,28
HOO,HOO,2015,8,29
HOO,HOO,2015,9,1
HOO,HOO,2015,9,2
HOO,HOO,2015,9,3
HOO,HOO,2015,9,4
HOO,HOO,2015,9,5
HOO,HOO,2015,9,8
HOO,HOO,2015,9,9
HOO,HOO,2015,9,10
HOO,HOO,2015,9,11
HOO,HOO,2015,9,12
HOO,HOO,2015,9,15
HOO,HOO,2015,9,16
HOO,HOO,2015,9,17
HOO,HOO,2015,9,18
HOO,HOO,2015,9,19
HOO,HOO,2015,9,22
HOO,HOO,2015,9,23
HOO,HOO,2015,9,24
HOO,HOO,2015,9,25
HOO,HOO,2015,9,26
HOO,HOO,2015,9,29
HOO,HOO,2015,9,30
HOO,HOO,2015,10,1
HOO,HOO,2015,10,2
HOO,HOO,2015,10,3
HOO,HOO,2015,10,6
HOO,HOO,2015,10,7
HOO,HOO,2015,10,8
HOO,HOO,2015,10,9
HOO,HOO,2015,10,10
HOO,HOO,2015,10,13
HOO,HOO,2015,10,14
HOO,HOO,2015,10,15
HOO,HOO,2015,10,16
HOO,HOO,2015,10,17
HOO,HOO,2015,10,20
HOO,HOO,2015,10,21
HOO,HOO,2015,10,22
HOO,HOO,2015,10,23
HOO,HOO,2015,10,24
HOO,HOO,2015,10,27
HOO,HOO,2015,10,28
HOO,HOO,2015,10,29
HOO,HOO,2015,10,30
HOO,HOO,2015,10,31
HOO,HOO,2015,11,3
HOO,HOO,2015,11,4
HOO,HOO,2015,11,5
HOO,HOO,2015,11,6
HOO,HOO,2015,11,7
HOO,HOO,2015,11,10
HOO,HOO,2015,11,11
HOO,HOO,2015,11,12
HOO,HOO,2015,11,13
HOO,HOO,2015,11,14
HPX,HPX,1998,11,11
HPX,HPX,1998,11,12
HPX,HPX,1998,11,13
HPX,HPX,1998,11,14
HPX,HPX,1998,11,15
HPX,HPX,1998,11,18
HPX,HPX,1998,11,19
HPX,HPX,1998,11,20
HPX,HPX,1998,11,21
HPX,HPX,1998,11,22
HPX,HPX,1998,11,25
HPX,HPX,1998,11,26
HPX,HPX,1998,11,27
HPX,HPX,1998,11,29
HPX,HPX,1998,12,2
HPX,HPX,1998,12,3
HPX,HPX,1998,12,4
HPX,HPX,1998,12,5
HPX,HPX,1998,12,6
HPX,HPX,1998,12,9
HPX,HPX,1998,12,10
HPX,HPX,1998,12,11
HPX,HPX,1998,12,12
HPX,HPX,1998,12,13
HPX,HPX,1998,12,16
HPX,HPX,1998,12,17
HPX,HPX,1998,12,18
HPX,HPX,1998,12,19
HPX,HPX,1998,12,20
HPX,HPX,1998,12,21
HPX,HPX,1999,4,23
HPX,HPX,1999,4,24
HPX,HPX,1999,4,25
HPX,HPX,1999,4,28
HPX,HPX,1999,4,29
HPX,HPX,1999,4,30
HPX,HPX,1999,5,1
HPX,HPX,1999,5,2
HPX,HPX,1999,5,5
HPX,HPX,1999,5,6
HPX,HPX,1999,5,7
HPX,HPX,1999,5,8
HPX,HPX,1999,5,9
HPX,HPX,1999,5,12
HPX,HPX,1999,5,13
HPX,HPX,1999,5,14
HPX,HPX,1999,5,15
HPX,HPX,1999,5,16
HPX,HPX,1999,5,19
HPX,HPX,1999,5,20
HPX,HPX,1999,5,22
HPX,HPX,1999,5,23
HPX,HPX,1999,5,26
HPX,HPX,1999,5,27
HPX,HPX,1999,5,28
HPX,HPX,1999,5,29
HPX,HPX,1999,5,30
HPX,HPX,1999,5,31
HPX,HPX,1999,6,2
HPX,HPX,1999,6,3
HPX,HPX,1999,6,4
HPX,HPX,1999,6,5
HPX,HPX,1999,6,6
HPX,HPX,1999,6,10
HPX,HPX,1999,6,11
HPX,HPX,1999,6,12
HPX,HPX,1999,6,13
HPX,HPX,1999,6,16
HPX,HPX,1999,6,17
HPX,HPX,1999,6,18
HPX,HPX,1999,6,19
HPX,HPX,1999,6,23
HPX,HPX,1999,6,24
HPX,HPX,1999,6,25
HPX,HPX,1999,6,26
HPX,HPX,1999,6,30
HPX,HPX,1999,7,1
HPX,HPX,1999,7,2
HPX,HPX,1999,7,3
HPX,HPX,1999,7,4
HPX,HPX,1999,7,5
HPX,HPX,1999,7,7
HPX,HPX,1999,7,8
HPX,HPX,1999,7,9
HPX,HPX,1999,7,10
HPX,HPX,1999,7,11
HPX,HPX,1999,7,14
HPX,HPX,1999,7,16
HPX,HPX,1999,7,18
HPX,HPX,1999,11,10
HPX,HPX,1999,11,11
HPX,HPX,1999,11,12
HPX,HPX,1999,11,13
HPX,HPX,1999,11,14
HPX,HPX,1999,11,18
HPX,HPX,1999,11,19
HPX,HPX,1999,11,24
HPX,HPX,1999,11,25
HPX,HPX,1999,11,26
HPX,HPX,1999,11,27
HPX,HPX,1999,11,28
HPX,HPX,1999,12,1
HPX,HPX,1999,12,2
HPX,HPX,1999,12,4
HPX,HPX,1999,12,5
HPX,HPX,1999,12,8
HPX,HPX,1999,12,9
HPX,HPX,1999,12,10
HPX,HPX,1999,12,12
HPX,HPX,1999,12,15
HPX,HPX,1999,12,16
HPX,HPX,1999,12,19
HPX,HPX,1999,12,20
HPX,HPX,2000,4,28
HPX,HPX,2000,4,29
HPX,HPX,2000,4,30
HPX,HPX,2000,5,3
HPX,HPX,2000,5,4
HPX,HPX,2000,5,5
HPX,HPX,2000,5,6
HPX,HPX,2000,5,7
HPX,HPX,2000,5,11
HPX,HPX,2000,5,14
HPX,HPX,2000,5,17
HPX,HPX,2000,5,18
HPX,HPX,2000,5,19
HPX,HPX,2000,5,20
HPX,HPX,2000,5,21
HPX,HPX,2000,5,24
HPX,HPX,2000,5,25
HPX,HPX,2000,5,26
HPX,HPX,2000,5,27
HPX,HPX,2000,5,28
HPX,HPX,2000,5,29
HPX,HPX,2000,5,31
HPX,HPX,2000,6,1
HPX,HPX,2000,6,2
HPX,HPX,2000,6,3
HPX,HPX,2000,6,4
HPX,HPX,2000,6,7
HPX,HPX,2000,6,8
HPX,HPX,2000,6,9
HPX,HPX,2000,6,10
HPX,HPX,2000,6,11
HPX,HPX,2000,6,14
HPX,HPX,2000,7,7
HPX,HPX,2000,7,8
HPX,HPX,2000,7,12
HPX,HPX,2000,7,13
HPX,HPX,2000,7,14
HPX,HPX,2000,7,15
HPX,HPX,2000,7,16
HPX,HPX,2000,7,19
HPX,HPX,2000,7,20
HPX,HPX,2000,7,21
HPX,HPX,2000,7,22
HPX,HPX,2000,7,23
HPX,HPX,2000,7,24
HPX,HPX,2000,11,8
HPX,HPX,2000,11,9
HPX,HPX,2000,11,10
HPX,HPX,2000,11,11
HPX,HPX,2000,11,12
HPX,HPX,2000,11,15
HPX,HPX,2000,11,16
HPX,HPX,2000,11,17
HPX,HPX,2000,11,18
HPX,HPX,2000,11,19
HPX,HPX,2000,11,22
HPX,HPX,2000,11,23
HPX,HPX,2000,11,24
HPX,HPX,2000,11,25
HPX,HPX,2000,11,26
HPX,HPX,2000,11,29
HPX,HPX,2000,11,30
HPX,HPX,2000,12,1
HPX,HPX,2000,12,2
HPX,HPX,2000,12,3
HPX,HPX,2000,12,6
HPX,HPX,2000,12,7
HPX,HPX,2000,12,8
HPX,HPX,2000,12,9
HPX,HPX,2000,12,10
HPX,HPX,2000,12,13
HPX,HPX,2000,12,14
HPX,HPX,2000,12,15
HPX,HPX,2000,12,16
HPX,HPX,2000,12,21
HPX,HPX,2000,12,22
HPX,HPX,2000,12,23
HPX,HPX,2000,12,24
HPX,HPX,2001,4,20
HPX,HPX,2001,4,21
HPX,HPX,2001,4,22
HPX,HPX,2001,4,26
HPX,HPX,2001,4,29
HPX,HPX,2001,5,2
HPX,HPX,2001,5,3
HPX,HPX,2001,5,4
HPX,HPX,2001,5,5
HPX,HPX,2001,5,6
HPX,HPX,2001,5,9
HPX,HPX,2001,5,10
HPX,HPX,2001,5,11
HPX,HPX,2001,5,12
HPX,HPX,2001,5,14
HPX,HPX,2001,5,17
HPX,HPX,2001,5,18
HPX,HPX,2001,5,20
HPX,HPX,2001,5,24
HPX,HPX,2001,5,25
HPX,HPX,2001,5,26
HPX,HPX,2001,5,27
HPX,HPX,2001,5,28
HPX,HPX,2001,5,30
HPX,HPX,2001,5,31
HPX,HPX,2001,6,1
HPX,HPX,2001,6,3
HPX,HPX,2001,6,6
HPX,HPX,2001,6,7
HPX,HPX,2001,6,8
HPX,HPX,2001,6,13
HPX,HPX,2001,6,14
HPX,HPX,2001,6,15
HPX,HPX,2001,6,16
HPX,HPX,2001,6,17
HPX,HPX,2001,6,20
HPX,HPX,2001,6,21
HPX,HPX,2001,6,22
HPX,HPX,2001,6,23
HPX,HPX,2001,6,24
HPX,HPX,2001,6,27
HPX,HPX,2001,6,28
HPX,HPX,2001,6,30
HPX,HPX,2001,7,1
HPX,HPX,2001,7,4
HPX,HPX,2001,7,7
HPX,HPX,2001,7,8
HPX,HPX,2001,7,11
HPX,HPX,2001,7,13
HPX,HPX,2001,7,14
HPX,HPX,2001,7,15
HPX,HPX,2001,7,16
HPX,HPX,2001,11,7
HPX,HPX,2001,11,8
HPX,HPX,2001,11,9
HPX,HPX,2001,11,10
HPX,HPX,2001,11,11
HPX,HPX,2001,11,14
HPX,HPX,2001,11,15
HPX,HPX,2001,11,16
HPX,HPX,2001,11,18
HPX,HPX,2001,11,21
HPX,HPX,2001,11,22
HPX,HPX,2001,11,24
HPX,HPX,2001,11,25
HPX,HPX,2001,11,28
HPX,HPX,2001,11,30
HPX,HPX,2001,12,1
HPX,HPX,2001,12,2
HPX,HPX,2001,12,5
HPX,HPX,2001,12,6
HPX,HPX,2001,12,7
HPX,HPX,2001,12,9
HPX,HPX,2001,12,12
HPX,HPX,2001,12,14
HPX,HPX,2001,12,15
HPX,HPX,2001,12,16
HPX,HPX,2001,12,17
HPX,HPX,2002,4,24
HPX,HPX,2002,4,25
HPX,HPX,2002,4,26
HPX,HPX,2002,4,28
HPX,HPX,2002,5,15
HPX,HPX,2002,5,16
HPX,HPX,2002,5,17
HPX,HPX,2002,5,18
HPX,HPX,2002,5,19
HPX,HPX,2002,5,22
HPX,HPX,2002,5,23
HPX,HPX,2002,5,24
HPX,HPX,2002,5,25
HPX,HPX,2002,5,26
HPX,HPX,2002,5,27
HPX,HPX,2002,5,30
HPX,HPX,2002,5,31
HPX,HPX,2002,6,1
HPX,HPX,2002,6,2
HPX,HPX,2002,6,5
HPX,HPX,2002,6,6
HPX,HPX,2002,6,7
HPX,HPX,2002,6,8
HPX,HPX,2002,6,9
HPX,HPX,2002,6,12
HPX,HPX,2002,6,13
HPX,HPX,2002,6,14
HPX,HPX,2002,6,15
HPX,HPX,2002,6,16
HPX,HPX,2002,6,19
HPX,HPX,2002,6,21
HPX,HPX,2002,6,22
HPX,HPX,2002,6,23
HPX,HPX,2002,6,26
HPX,HPX,2002,6,27
HPX,HPX,2002,6,28
HPX,HPX,2002,6,29
HPX,HPX,2002,6,30
HPX,HPX,2002,7,3
HPX,HPX,2002,7,4
HPX,HPX,2002,7,5
HPX,HPX,2002,7,6
HPX,HPX,2002,7,7
HPX,HPX,2002,7,10
HPX,HPX,2002,7,11
HPX,HPX,2002,7,12
HPX,HPX,2002,7,13
HPX,HPX,2002,7,14
HPX,HPX,2002,7,17
HPX,HPX,2002,7,18
HPX,HPX,2002,7,19
HPX,HPX,2002,7,20
HPX,HPX,2002,7,21
HPX,HPX,2002,11,6
HPX,HPX,2002,11,7
HPX,HPX,2002,11,8
HPX,HPX,2002,11,9
HPX,HPX,2002,11,10
HPX,HPX,2002,11,11
HPX,HPX,2002,11,14
HPX,HPX,2002,11,15
HPX,HPX,2002,11,16
HPX,HPX,2002,11,17
HPX,HPX,2002,11,20
HPX,HPX,2002,11,21
HPX,HPX,2002,11,22
HPX,HPX,2002,11,23
HPX,HPX,2002,11,24
HPX,HPX,2002,11,27
HPX,HPX,2002,11,28
HPX,HPX,2002,11,29
HPX,HPX,2002,11,30
HPX,HPX,2002,12,1
HPX,HPX,2002,12,4
HPX,HPX,2002,12,5
HPX,HPX,2002,12,6
HPX,HPX,2002,12,7
HPX,HPX,2002,12,8
HPX,HPX,2002,12,11
HPX,HPX,2002,12,12
HPX,HPX,2002,12,13
HPX,HPX,2002,12,14
HPX,HPX,2002,12,15
HPX,HPX,2002,12,18
HPX,HPX,2002,12,19
HPX,HPX,2002,12,20
HPX,HPX,2002,12,21
HPX,HPX,2002,12,22
HPX,HPX,2003,4,23
HPX,HPX,2003,4,24
HPX,HPX,2003,4,25
HPX,HPX,2003,4,26
HPX,HPX,2003,4,27
HPX,HPX,2003,4,30
HPX,HPX,2003,5,1
HPX,HPX,2003,5,2
HPX,HPX,2003,5,3
HPX,HPX,2003,5,4
HPX,HPX,2003,5,7
HPX,HPX,2003,5,8
HPX,HPX,2003,5,9
HPX,HPX,2003,5,10
HPX,HPX,2003,5,11
HPX,HPX,2003,5,14
HPX,HPX,2003,5,15
HPX,HPX,2003,5,16
HPX,HPX,2003,5,17
HPX,HPX,2003,5,18
HPX,HPX,2003,5,21
HPX,HPX,2003,5,22
HPX,HPX,2003,5,23
HPX,HPX,2003,5,24
HPX,HPX,2003,5,25
HPX,HPX,2003,5,26
HPX,HPX,2003,5,29
HPX,HPX,2003,5,30
HPX,HPX,2003,5,31
HPX,HPX,2003,6,1
HPX,HPX,2003,6,4
HPX,HPX,2003,6,5
HPX,HPX,2003,6,6
HPX,HPX,2003,6,7
HPX,HPX,2003,6,8
HPX,HPX,2003,6,11
HPX,HPX,2003,6,12
HPX,HPX,2003,6,13
HPX,HPX,2003,6,14
HPX,HPX,2003,6,15
HPX,HPX,2003,6,18
HPX,HPX,2003,6,19
HPX,HPX,2003,6,20
HPX,HPX,2003,6,21
HPX,HPX,2003,6,22
HPX,HPX,2003,6,25
HPX,HPX,2003,6,26
HPX,HPX,2003,6,27
HPX,HPX,2003,6,28
HPX,HPX,2003,6,29
HPX,HPX,2003,7,2
HPX,HPX,2003,7,3
HPX,HPX,2003,7,4
HPX,HPX,2003,7,5
HPX,HPX,2003,7,6
HPX,HPX,2003,7,9
HPX,HPX,2003,7,10
HPX,HPX,2003,7,11
HPX,HPX,2003,7,12
HPX,HPX,2003,7,13
HPX,HPX,2003,7,16
HPX,HPX,2003,7,17
HPX,HPX,2003,7,18
HPX,HPX,2003,7,19
HPX,HPX,2003,7,20
HPX,HPX,2003,11,11
HPX,HPX,2003,11,13
HPX,HPX,2003,11,14
HPX,HPX,2003,11,15
HPX,HPX,2003,11,16
HPX,HPX,2003,11,19
HPX,HPX,2003,11,20
HPX,HPX,2003,11,21
HPX,HPX,2003,11,22
HPX,HPX,2003,11,23
HPX,HPX,2003,11,26
HPX,HPX,2003,11,27
HPX,HPX,2003,11,28
HPX,HPX,2003,11,29
HPX,HPX,2003,11,30
HPX,HPX,2003,12,3
HPX,HPX,2003,12,4
HPX,HPX,2003,12,5
HPX,HPX,2003,12,6
HPX,HPX,2003,12,7
HPX,HPX,2003,12,10
HPX,HPX,2003,12,11
HPX,HPX,2003,12,12
HPX,HPX,2003,12,13
HPX,HPX,2003,12,14
HPX,HPX,2003,12,17
HPX,HPX,2003,12,18
HPX,HPX,2003,12,19
HPX,HPX,2003,12,20
HPX,HPX,2003,12,21
HPX,HPX,2004,4,21
HPX,HPX,2004,4,22
HPX,HPX,2004,4,23
HPX,HPX,2004,4,24
HPX,HPX,2004,4,25
HPX,HPX,2004,4,28
HPX,HPX,2004,4,29
HPX,HPX,2004,4,30
HPX,HPX,2004,5,1
HPX,HPX,2004,5,2
HPX,HPX,2004,5,5
HPX,HPX,2004,5,6
HPX,HPX,2004,5,7
HPX,HPX,2004,5,8
HPX,HPX,2004,5,9
HPX,HPX,2004,5,12
HPX,HPX,2004,5,13
HPX,HPX,2004,5,14
HPX,HPX,2004,5,15
HPX,HPX,2004,5,16
HPX,HPX,2004,5,19
HPX,HPX,2004,5,20
HPX,HPX,2004,5,21
HPX,HPX,2004,5,22
HPX,HPX,2004,5,23
HPX,HPX,2004,5,26
HPX,HPX,2004,5,27
HPX,HPX,2004,5,28
HPX,HPX,2004,5,29
HPX,HPX,2004,5,30
HPX,HPX,2004,5,31
HPX,HPX,2004,6,3
HPX,HPX,2004,6,4
HPX,HPX,2004,6,5
HPX,HPX,2004,6,6
HPX,HPX,2004,6,9
HPX,HPX,2004,6,10
HPX,HPX,2004,6,11
HPX,HPX,2004,6,12
HPX,HPX,2004,6,13
HPX,HPX,2004,6,16
HPX,HPX,2004,6,17
HPX,HPX,2004,6,18
HPX,HPX,2004,6,19
HPX,HPX,2004,6,20
HPX,HPX,2004,6,23
HPX,HPX,2004,6,24
HPX,HPX,2004,6,25
HPX,HPX,2004,6,26
HPX,HPX,2004,6,27
HPX,HPX,2004,6,30
HPX,HPX,2004,7,1
HPX,HPX,2004,7,2
HPX,HPX,2004,7,3
HPX,HPX,2004,7,4
HPX,HPX,2004,7,5
HPX,HPX,2004,7,8
HPX,HPX,2004,7,9
HPX,HPX,2004,7,10
HPX,HPX,2004,7,11
HPX,HPX,2004,7,14
HPX,HPX,2004,7,15
HPX,HPX,2004,7,16
HPX,HPX,2004,7,17
HPX,HPX,2004,7,18
HPX,HPX,2004,11,3
HPX,HPX,2004,11,4
HPX,HPX,2004,11,5
HPX,HPX,2004,11,6
HPX,HPX,2004,11,7
HPX,HPX,2004,11,10
HPX,HPX,2004,11,11
HPX,HPX,2004,11,12
HPX,HPX,2004,11,13
HPX,HPX,2004,11,14
HPX,HPX,2004,11,17
HPX,HPX,2004,11,18
HPX,HPX,2004,11,19
HPX,HPX,2004,11,20
HPX,HPX,2004,11,21
HPX,HPX,2004,11,24
HPX,HPX,2004,11,25
HPX,HPX,2004,11,26
HPX,HPX,2004,11,27
HPX,HPX,2004,11,28
HPX,HPX,2004,12,1
HPX,HPX,2004,12,2
HPX,HPX,2004,12,3
HPX,HPX,2004,12,4
HPX,HPX,2004,12,5
HPX,HPX,2004,12,8
HPX,HPX,2004,12,9
HPX,HPX,2004,12,10
HPX,HPX,2004,12,11
HPX,HPX,2004,12,12
HPX,HPX,2004,12,15
HPX,HPX,2004,12,16
HPX,HPX,2004,12,17
HPX,HPX,2004,12,18
HPX,HPX,2004,12,19
HPX,HPX,2004,12,20
HPX,HPX,2005,4,22
HPX,HPX,2005,4,23
HPX,HPX,2005,4,24
HPX,HPX,2005,4,27
HPX,HPX,2005,4,28
HPX,HPX,2005,4,29
HPX,HPX,2005,4,30
HPX,HPX,2005,5,1
HPX,HPX,2005,5,4
HPX,HPX,2005,5,5
HPX,HPX,2005,5,6
HPX,HPX,2005,5,7
HPX,HPX,2005,5,8
HPX,HPX,2005,5,11
HPX,HPX,2005,5,12
HPX,HPX,2005,5,13
HPX,HPX,2005,5,14
HPX,HPX,2005,5,15
HPX,HPX,2005,5,18
HPX,HPX,2005,5,19
HPX,HPX,2005,5,20
HPX,HPX,2005,5,21
HPX,HPX,2005,5,22
HPX,HPX,2005,5,25
HPX,HPX,2005,5,26
HPX,HPX,2005,5,27
HPX,HPX,2005,5,28
HPX,HPX,2005,5,29
HPX,HPX,2005,5,30
HPX,HPX,2005,6,1
HPX,HPX,2005,6,2
HPX,HPX,2005,6,3
HPX,HPX,2005,6,4
HPX,HPX,2005,6,5
HPX,HPX,2005,6,8
HPX,HPX,2005,6,9
HPX,HPX,2005,6,10
HPX,HPX,2005,6,11
HPX,HPX,2005,6,12
HPX,HPX,2005,6,15
HPX,HPX,2005,6,16
HPX,HPX,2005,6,17
HPX,HPX,2005,6,18
HPX,HPX,2005,6,19
HPX,HPX,2005,6,22
HPX,HPX,2005,6,23
HPX,HPX,2005,6,24
HPX,HPX,2005,6,25
HPX,HPX,2005,6,26
HPX,HPX,2005,6,29
HPX,HPX,2005,6,30
HPX,HPX,2005,7,1
HPX,HPX,2005,7,2
HPX,HPX,2005,7,3
HPX,HPX,2005,7,4
HPX,HPX,2005,7,7
HPX,HPX,2005,7,8
HPX,HPX,2005,7,9
HPX,HPX,2005,7,10
HPX,HPX,2005,7,13
HPX,HPX,2005,7,14
HPX,HPX,2005,7,15
HPX,HPX,2005,7,16
HPX,HPX,2005,7,17
HPX,HPX,2005,11,9
HPX,HPX,2005,11,10
HPX,HPX,2005,11,11
HPX,HPX,2005,11,12
HPX,HPX,2005,11,13
HPX,HPX,2005,11,16
HPX,HPX,2005,11,17
HPX,HPX,2005,11,18
HPX,HPX,2005,11,19
HPX,HPX,2005,11,20
HPX,HPX,2005,11,24
HPX,HPX,2005,11,25
HPX,HPX,2005,11,26
HPX,HPX,2005,11,27
HPX,HPX,2005,12,1
HPX,HPX,2005,12,2
HPX,HPX,2005,12,3
HPX,HPX,2005,12,4
HPX,HPX,2005,12,8
HPX,HPX,2005,12,9
HPX,HPX,2005,12,10
HPX,HPX,2005,12,11
HPX,HPX,2005,12,15
HPX,HPX,2005,12,16
HPX,HPX,2005,12,17
HPX,HPX,2005,12,18
HPX,HPX,2005,12,19
HPX,HPX,2006,4,26
HPX,HPX,2006,4,27
HPX,HPX,2006,4,28
HPX,HPX,2006,4,29
HPX,HPX,2006,4,30
HPX,HPX,2006,5,3
HPX,HPX,2006,5,4
HPX,HPX,2006,5,5
HPX,HPX,2006,5,6
HPX,HPX,2006,5,7
HPX,HPX,2006,5,10
HPX,HPX,2006,5,11
HPX,HPX,2006,5,12
HPX,HPX,2006,5,13
HPX,HPX,2006,5,14
HPX,HPX,2006,5,15
HPX,HPX,2006,5,17
HPX,HPX,2006,5,18
HPX,HPX,2006,5,19
HPX,HPX,2006,5,20
HPX,HPX,2006,5,21
HPX,HPX,2006,5,24
HPX,HPX,2006,5,25
HPX,HPX,2006,5,26
HPX,HPX,2006,5,27
HPX,HPX,2006,5,28
HPX,HPX,2006,5,29
HPX,HPX,2006,5,31
HPX,HPX,2006,6,1
HPX,HPX,2006,6,2
HPX,HPX,2006,6,3
HPX,HPX,2006,6,4
HPX,HPX,2006,6,7
HPX,HPX,2006,6,8
HPX,HPX,2006,6,9
HPX,HPX,2006,6,10
HPX,HPX,2006,6,11
HPX,HPX,2006,6,14
HPX,HPX,2006,6,15
HPX,HPX,2006,6,16
HPX,HPX,2006,6,17
HPX,HPX,2006,6,18
HPX,HPX,2006,6,21
HPX,HPX,2006,6,22
HPX,HPX,2006,6,23
HPX,HPX,2006,6,24
HPX,HPX,2006,6,25
HPX,HPX,2006,6,29
HPX,HPX,2006,6,30
HPX,HPX,2006,7,1
HPX,HPX,2006,7,2
HPX,HPX,2006,7,3
HPX,HPX,2006,7,4
HPX,HPX,2006,7,7
HPX,HPX,2006,7,8
HPX,HPX,2006,7,9
HPX,HPX,2006,7,12
HPX,HPX,2006,7,13
HPX,HPX,2006,7,14
HPX,HPX,2006,7,15
HPX,HPX,2006,7,16
HPX,HPX,2006,11,1
HPX,HPX,2006,11,2
HPX,HPX,2006,11,3
HPX,HPX,2006,11,4
HPX,HPX,2006,11,5
HPX,HPX,2006,11,8
HPX,HPX,2006,11,9
HPX,HPX,2006,11,10
HPX,HPX,2006,11,11
HPX,HPX,2006,11,12
HPX,HPX,2006,11,15
HPX,HPX,2006,11,16
HPX,HPX,2006,11,17
HPX,HPX,2006,11,18
HPX,HPX,2006,11,19
HPX,HPX,2006,11,22
HPX,HPX,2006,11,23
HPX,HPX,2006,11,24
HPX,HPX,2006,11,25
HPX,HPX,2006,11,26
HPX,HPX,2006,11,29
HPX,HPX,2006,11,30
HPX,HPX,2006,12,1
HPX,HPX,2006,12,2
HPX,HPX,2006,12,3
HPX,HPX,2006,12,6
HPX,HPX,2006,12,7
HPX,HPX,2006,12,8
HPX,HPX,2006,12,9
HPX,HPX,2006,12,10
HPX,HPX,2006,12,13
HPX,HPX,2006,12,14
HPX,HPX,2006,12,15
HPX,HPX,2006,12,16
HPX,HPX,2006,12,17
HPX,HPX,2006,12,18
HPX,HPX,2007,4,25
HPX,HPX,2007,4,26
HPX,HPX,2007,4,27
HPX,HPX,2007,4,28
HPX,HPX,2007,4,29
HPX,HPX,2007,5,1
HPX,HPX,2007,5,2
HPX,HPX,2007,5,3
HPX,HPX,2007,5,4
HPX,HPX,2007,5,5
HPX,HPX,2007,5,6
HPX,HPX,2007,5,9
HPX,HPX,2007,5,10
HPX,HPX,2007,5,11
HPX,HPX,2007,5,12
HPX,HPX,2007,5,13
HPX,HPX,2007,5,16
HPX,HPX,2007,5,17
HPX,HPX,2007,5,18
HPX,HPX,2007,5,19
HPX,HPX,2007,5,20
HPX,HPX,2007,5,23
HPX,HPX,2007,5,24
HPX,HPX,2007,5,25
HPX,HPX,2007,5,26
HPX,HPX,2007,5,27
HPX,HPX,2007,5,28
HPX,HPX,2007,5,30
HPX,HPX,2007,5,31
HPX,HPX,2007,6,1
HPX,HPX,2007,6,2
HPX,HPX,2007,6,3
HPX,HPX,2007,6,6
HPX,HPX,2007,6,7
HPX,HPX,2007,6,8
HPX,HPX,2007,6,9
HPX,HPX,2007,6,10
HPX,HPX,2007,6,13
HPX,HPX,2007,6,14
HPX,HPX,2007,6,15
HPX,HPX,2007,6,16
HPX,HPX,2007,6,17
HPX,HPX,2007,6,20
HPX,HPX,2007,6,21
HPX,HPX,2007,6,22
HPX,HPX,2007,6,23
HPX,HPX,2007,6,24
HPX,HPX,2007,6,27
HPX,HPX,2007,6,28
HPX,HPX,2007,6,29
HPX,HPX,2007,6,30
HPX,HPX,2007,7,1
HPX,HPX,2007,7,2
HPX,HPX,2007,7,4
HPX,HPX,2007,7,5
HPX,HPX,2007,7,6
HPX,HPX,2007,7,7
HPX,HPX,2007,7,8
HPX,HPX,2007,7,11
HPX,HPX,2007,7,12
HPX,HPX,2007,7,13
HPX,HPX,2007,7,14
HPX,HPX,2007,7,15
HPX,HPX,2007,11,7
HPX,HPX,2007,11,8
HPX,HPX,2007,11,9
HPX,HPX,2007,11,10
HPX,HPX,2007,11,11
HPX,HPX,2007,11,14
HPX,HPX,2007,11,15
HPX,HPX,2007,11,16
HPX,HPX,2007,11,17
HPX,HPX,2007,11,18
HPX,HPX,2007,11,22
HPX,HPX,2007,11,23
HPX,HPX,2007,11,25
HPX,HPX,2007,11,29
HPX,HPX,2007,11,30
HPX,HPX,2007,12,2
HPX,HPX,2007,12,6
HPX,HPX,2007,12,7
HPX,HPX,2007,12,9
HPX,HPX,2007,12,13
HPX,HPX,2007,12,14
HPX,HPX,2007,12,16
HPX,HPX,2007,12,21
HPX,HPX,2007,12,22
HPX,HPX,2008,4,23
HPX,HPX,2008,4,24
HPX,HPX,2008,4,25
HPX,HPX,2008,4,26
HPX,HPX,2008,4,27
HPX,HPX,2008,4,30
HPX,HPX,2008,5,1
HPX,HPX,2008,5,2
HPX,HPX,2008,5,3
HPX,HPX,2008,5,4
HPX,HPX,2008,5,7
HPX,HPX,2008,5,8
HPX,HPX,2008,5,9
HPX,HPX,2008,5,10
HPX,HPX,2008,5,11
HPX,HPX,2008,5,14
HPX,HPX,2008,5,15
HPX,HPX,2008,5,16
HPX,HPX,2008,5,17
HPX,HPX,2008,5,18
HPX,HPX,2008,5,21
HPX,HPX,2008,5,22
HPX,HPX,2008,5,23
HPX,HPX,2008,5,24
HPX,HPX,2008,5,25
HPX,HPX,2008,5,26
HPX,HPX,2008,5,29
HPX,HPX,2008,5,30
HPX,HPX,2008,5,31
HPX,HPX,2008,6,1
HPX,HPX,2008,6,4
HPX,HPX,2008,6,5
HPX,HPX,2008,6,6
HPX,HPX,2008,6,7
HPX,HPX,2008,6,8
HPX,HPX,2008,6,11
HPX,HPX,2008,6,12
HPX,HPX,2008,6,13
HPX,HPX,2008,6,14
HPX,HPX,2008,6,15
HPX,HPX,2008,6,18
HPX,HPX,2008,6,19
HPX,HPX,2008,6,20
HPX,HPX,2008,6,21
HPX,HPX,2008,6,22
HPX,HPX,2008,6,25
HPX,HPX,2008,6,26
HPX,HPX,2008,6,27
HPX,HPX,2008,6,28
HPX,HPX,2008,6,29
HPX,HPX,2008,7,2
HPX,HPX,2008,7,3
HPX,HPX,2008,7,4
HPX,HPX,2008,7,5
HPX,HPX,2008,7,6
HPX,HPX,2008,7,9
HPX,HPX,2008,7,10
HPX,HPX,2008,7,11
HPX,HPX,2008,7,12
HPX,HPX,2008,7,13
HPX,HPX,2008,10,29
HPX,HPX,2008,10,30
HPX,HPX,2008,10,31
HPX,HPX,2008,11,1
HPX,HPX,2008,11,2
HPX,HPX,2008,11,5
HPX,HPX,2008,11,6
HPX,HPX,2008,11,7
HPX,HPX,2008,11,8
HPX,HPX,2008,11,9
HPX,HPX,2008,11,12
HPX,HPX,2008,11,13
HPX,HPX,2008,11,14
HPX,HPX,2008,11,15
HPX,HPX,2008,11,16
HPX,HPX,2008,11,19
HPX,HPX,2008,11,20
HPX,HPX,2008,11,21
HPX,HPX,2008,11,22
HPX,HPX,2008,11,23
HPX,HPX,2008,11,26
HPX,HPX,2008,11,27
HPX,HPX,2008,11,28
HPX,HPX,2008,11,29
HPX,HPX,2008,11,30
HPX,HPX,2008,12,3
HPX,HPX,2008,12,4
HPX,HPX,2008,12,5
HPX,HPX,2008,12,6
HPX,HPX,2008,12,7
HPX,HPX,2008,12,10
HPX,HPX,2008,12,11
HPX,HPX,2008,12,12
HPX,HPX,2008,12,13
HPX,HPX,2008,12,14
HPX,HPX,2008,12,17
HPX,HPX,2008,12,18
HPX,HPX,2008,12,19
HPX,HPX,2008,12,20
HPX,HPX,2008,12,21
HPX,HPX,2009,4,22
HPX,HPX,2009,4,23
HPX,HPX,2009,4,24
HPX,HPX,2009,4,25
HPX,HPX,2009,4,26
HPX,HPX,2009,4,29
HPX,HPX,2009,5,1
HPX,HPX,2009,5,2
HPX,HPX,2009,5,3
HPX,HPX,2009,5,6
HPX,HPX,2009,5,7
HPX,HPX,2009,5,8
HPX,HPX,2009,5,9
HPX,HPX,2009,5,10
HPX,HPX,2009,5,13
HPX,HPX,2009,5,14
HPX,HPX,2009,5,15
HPX,HPX,2009,5,16
HPX,HPX,2009,5,17
HPX,HPX,2009,5,21
HPX,HPX,2009,5,22
HPX,HPX,2009,5,23
HPX,HPX,2009,5,24
HPX,HPX,2009,5,25
HPX,HPX,2009,5,29
HPX,HPX,2009,5,30
HPX,HPX,2009,5,31
HPX,HPX,2009,6,4
HPX,HPX,2009,6,5
HPX,HPX,2009,6,6
HPX,HPX,2009,6,7
HPX,HPX,2009,6,11
HPX,HPX,2009,6,12
HPX,HPX,2009,6,13
HPX,HPX,2009,6,14
HPX,HPX,2009,6,18
HPX,HPX,2009,6,19
HPX,HPX,2009,6,20
HPX,HPX,2009,6,21
HPX,HPX,2009,6,25
HPX,HPX,2009,6,26
HPX,HPX,2009,6,27
HPX,HPX,2009,6,28
HPX,HPX,2009,7,2
HPX,HPX,2009,7,3
HPX,HPX,2009,7,4
HPX,HPX,2009,7,5
HPX,HPX,2009,7,9
HPX,HPX,2009,7,10
HPX,HPX,2009,7,11
HPX,HPX,2009,7,12
HPX,HPX,2009,7,16
HPX,HPX,2009,7,17
HPX,HPX,2009,7,18
HPX,HPX,2009,7,19
HPX,HPX,2009,11,13
HPX,HPX,2009,11,14
HPX,HPX,2009,11,15
HPX,HPX,2009,11,18
HPX,HPX,2009,11,19
HPX,HPX,2009,11,20
HPX,HPX,2009,11,21
HPX,HPX,2009,11,22
HPX,HPX,2009,11,25
HPX,HPX,2009,11,26
HPX,HPX,2009,11,27
HPX,HPX,2009,11,28
HPX,HPX,2009,11,29
HPX,HPX,2009,12,2
HPX,HPX,2009,12,3
HPX,HPX,2009,12,4
HPX,HPX,2009,12,5
HPX,HPX,2009,12,6
HPX,HPX,2009,12,9
HPX,HPX,2009,12,10
HPX,HPX,2009,12,11
HPX,HPX,2009,12,12
HPX,HPX,2009,12,13
HPX,HPX,2009,12,17
HPX,HPX,2009,12,18
HPX,HPX,2009,12,19
HPX,HPX,2009,12,20
HPX,HPX,2010,4,21
HPX,HPX,2010,4,23
HPX,HPX,2010,4,24
HPX,HPX,2010,4,25
HPX,HPX,2010,4,28
HPX,HPX,2010,4,30
HPX,HPX,2010,5,1
HPX,HPX,2010,5,2
HPX,HPX,2010,5,5
HPX,HPX,2010,5,6
HPX,HPX,2010,5,7
HPX,HPX,2010,5,8
HPX,HPX,2010,5,9
HPX,HPX,2010,5,12
HPX,HPX,2010,5,13
HPX,HPX,2010,5,14
HPX,HPX,2010,5,15
HPX,HPX,2010,5,16
HPX,HPX,2010,5,19
HPX,HPX,2010,5,20
HPX,HPX,2010,5,21
HPX,HPX,2010,5,22
HPX,HPX,2010,5,23
HPX,HPX,2010,5,27
HPX,HPX,2010,5,28
HPX,HPX,2010,5,29
HPX,HPX,2010,5,30
HPX,HPX,2010,5,31
HPX,HPX,2010,6,4
HPX,HPX,2010,6,5
HPX,HPX,2010,6,6
HPX,HPX,2010,6,9
HPX,HPX,2010,6,10
HPX,HPX,2010,6,11
HPX,HPX,2010,6,12
HPX,HPX,2010,6,13
HPX,HPX,2010,6,16
HPX,HPX,2010,6,18
HPX,HPX,2010,6,19
HPX,HPX,2010,6,20
HPX,HPX,2010,6,23
HPX,HPX,2010,6,24
HPX,HPX,2010,6,25
HPX,HPX,2010,6,26
HPX,HPX,2010,6,27
HPX,HPX,2010,7,1
HPX,HPX,2010,7,2
HPX,HPX,2010,7,3
HPX,HPX,2010,7,4
HPX,HPX,2010,7,5
HPX,HPX,2010,7,9
HPX,HPX,2010,7,10
HPX,HPX,2010,7,11
HPX,HPX,2010,7,15
HPX,HPX,2010,7,16
HPX,HPX,2010,7,17
HPX,HPX,2010,7,18
HPX,HPX,2010,9,30
HPX,HPX,2010,10,1
HPX,HPX,2010,10,2
HPX,HPX,2010,10,3
HPX,HPX,2010,10,7
HPX,HPX,2010,10,8
HPX,HPX,2010,10,9
HPX,HPX,2010,10,10
HPX,HPX,2010,10,11
HPX,HPX,2010,10,14
HPX,HPX,2010,10,15
HPX,HPX,2010,10,16
HPX,HPX,2010,10,17
HPX,HPX,2010,10,21
HPX,HPX,2010,10,22
HPX,HPX,2010,10,23
HPX,HPX,2010,10,24
HPX,HPX,2010,10,27
HPX,HPX,2010,10,28
HPX,HPX,2010,10,29
HPX,HPX,2010,10,30
HPX,HPX,2010,10,31
HPX,HPX,2010,11,4
HPX,HPX,2010,11,5
HPX,HPX,2010,11,6
HPX,HPX,2010,11,7
HPX,HPX,2010,11,11
HPX,HPX,2010,11,12
HPX,HPX,2010,11,13
HPX,HPX,2010,11,14
HPX,HPX,2010,11,18
HPX,HPX,2010,11,19
HPX,HPX,2010,11,20
HPX,HPX,2010,11,21
HPX,HPX,2010,11,25
HPX,HPX,2010,11,26
HPX,HPX,2010,11,27
HPX,HPX,2010,11,28
HPX,HPX,2010,12,1
HPX,HPX,2010,12,2
HPX,HPX,2010,12,3
HPX,HPX,2010,12,4
HPX,HPX,2010,12,5
HPX,HPX,2010,12,9
HPX,HPX,2010,12,10
HPX,HPX,2010,12,11
HPX,HPX,2010,12,12
HPX,HPX,2010,12,16
HPX,HPX,2010,12,17
HPX,HPX,2010,12,18
HPX,HPX,2010,12,19
HPX,HPX,2011,4,21
HPX,HPX,2011,4,22
HPX,HPX,2011,4,23
HPX,HPX,2011,4,24
HPX,HPX,2011,4,28
HPX,HPX,2011,4,29
HPX,HPX,2011,4,30
HPX,HPX,2011,5,1
HPX,HPX,2011,5,5
HPX,HPX,2011,5,6
HPX,HPX,2011,5,7
HPX,HPX,2011,5,8
HPX,HPX,2011,5,12
HPX,HPX,2011,5,13
HPX,HPX,2011,5,14
HPX,HPX,2011,5,15
HPX,HPX,2011,5,19
HPX,HPX,2011,5,20
HPX,HPX,2011,5,21
HPX,HPX,2011,5,22
HPX,HPX,2011,5,26
HPX,HPX,2011,5,27
HPX,HPX,2011,5,28
HPX,HPX,2011,5,29
HPX,HPX,2011,5,30
HPX,HPX,2011,6,2
HPX,HPX,2011,6,3
HPX,HPX,2011,6,4
HPX,HPX,2011,6,5
HPX,HPX,2011,6,9
HPX,HPX,2011,6,10
HPX,HPX,2011,6,11
HPX,HPX,2011,6,12
HPX,HPX,2011,6,16
HPX,HPX,2011,6,17
HPX,HPX,2011,6,18
HPX,HPX,2011,6,19
HPX,HPX,2011,6,23
HPX,HPX,2011,6,24
HPX,HPX,2011,6,25
HPX,HPX,2011,6,26
HPX,HPX,2011,6,30
HPX,HPX,2011,7,1
HPX,HPX,2011,7,2
HPX,HPX,2011,7,3
HPX,HPX,2011,7,4
HPX,HPX,2011,7,7
HPX,HPX,2011,7,8
HPX,HPX,2011,7,9
HPX,HPX,2011,7,10
HPX,HPX,2011,7,14
HPX,HPX,2011,7,15
HPX,HPX,2011,7,16
HPX,HPX,2011,7,17
HPX,HPX,2011,11,10
HPX,HPX,2011,11,11
HPX,HPX,2011,11,12
HPX,HPX,2011,11,13
HPX,HPX,2011,11,17
HPX,HPX,2011,11,18
HPX,HPX,2011,11,19
HPX,HPX,2011,11,20
HPX,HPX,2011,11,24
HPX,HPX,2011,11,25
HPX,HPX,2011,11,26
HPX,HPX,2011,11,27
HPX,HPX,2011,12,1
HPX,HPX,2011,12,2
HPX,HPX,2011,12,3
HPX,HPX,2011,12,4
HPX,HPX,2011,12,7
HPX,HPX,2011,12,8
HPX,HPX,2011,12,9
HPX,HPX,2011,12,10
HPX,HPX,2011,12,11
HPX,HPX,2011,12,14
HPX,HPX,2011,12,15
HPX,HPX,2011,12,16
HPX,HPX,2011,12,17
HPX,HPX,2011,12,18
HPX,HPX,2012,4,26
HPX,HPX,2012,4,27
HPX,HPX,2012,4,28
HPX,HPX,2012,4,29
HPX,HPX,2012,5,3
HPX,HPX,2012,5,4
HPX,HPX,2012,5,5
HPX,HPX,2012,5,6
HPX,HPX,2012,5,10
HPX,HPX,2012,5,11
HPX,HPX,2012,5,12
HPX,HPX,2012,5,13
HPX,HPX,2012,5,17
HPX,HPX,2012,5,18
HPX,HPX,2012,5,19
HPX,HPX,2012,5,20
HPX,HPX,2012,5,24
HPX,HPX,2012,5,25
HPX,HPX,2012,5,26
HPX,HPX,2012,5,27
HPX,HPX,2012,5,28
HPX,HPX,2012,5,31
HPX,HPX,2012,6,1
HPX,HPX,2012,6,2
HPX,HPX,2012,6,3
HPX,HPX,2012,6,7
HPX,HPX,2012,6,8
HPX,HPX,2012,6,9
HPX,HPX,2012,6,10
HPX,HPX,2012,6,14
HPX,HPX,2012,6,15
HPX,HPX,2012,6,16
HPX,HPX,2012,6,17
HPX,HPX,2012,6,21
HPX,HPX,2012,6,22
HPX,HPX,2012,6,23
HPX,HPX,2012,6,24
HPX,HPX,2012,6,28
HPX,HPX,2012,6,29
HPX,HPX,2012,6,30
HPX,HPX,2012,7,1
HPX,HPX,2012,7,4
HPX,HPX,2012,7,5
HPX,HPX,2012,7,6
HPX,HPX,2012,7,7
HPX,HPX,2012,7,8
HPX,HPX,2012,7,12
HPX,HPX,2012,7,13
HPX,HPX,2012,7,14
HPX,HPX,2012,7,15
HPX,HPX,2012,11,8
HPX,HPX,2012,11,9
HPX,HPX,2012,11,10
HPX,HPX,2012,11,11
HPX,HPX,2012,11,15
HPX,HPX,2012,11,16
HPX,HPX,2012,11,17
HPX,HPX,2012,11,18
HPX,HPX,2012,11,22
HPX,HPX,2012,11,23
HPX,HPX,2012,11,24
HPX,HPX,2012,11,25
HPX,HPX,2012,11,29
HPX,HPX,2012,11,30
HPX,HPX,2012,12,1
HPX,HPX,2012,12,2
HPX,HPX,2012,12,6
HPX,HPX,2012,12,7
HPX,HPX,2012,12,8
HPX,HPX,2012,12,9
HPX,HPX,2012,12,13
HPX,HPX,2012,12,14
HPX,HPX,2012,12,15
HPX,HPX,2012,12,16
HPX,HPX,2013,4,25
HPX,HPX,2013,4,26
HPX,HPX,2013,4,27
HPX,HPX,2013,4,28
HPX,HPX,2013,5,2
HPX,HPX,2013,5,3
HPX,HPX,2013,5,4
HPX,HPX,2013,5,5
HPX,HPX,2013,5,9
HPX,HPX,2013,5,10
HPX,HPX,2013,5,11
HPX,HPX,2013,5,12
HPX,HPX,2013,5,16
HPX,HPX,2013,5,17
HPX,HPX,2013,5,18
HPX,HPX,2013,5,19
HPX,HPX,2013,5,23
HPX,HPX,2013,5,24
HPX,HPX,2013,5,25
HPX,HPX,2013,5,26
HPX,HPX,2013,5,27
HPX,HPX,2013,5,30
HPX,HPX,2013,5,31
HPX,HPX,2013,6,1
HPX,HPX,2013,6,2
HPX,HPX,2013,6,6
HPX,HPX,2013,6,7
HPX,HPX,2013,6,8
HPX,HPX,2013,6,9
HPX,HPX,2013,6,13
HPX,HPX,2013,6,14
HPX,HPX,2013,6,15
HPX,HPX,2013,6,16
HPX,HPX,2013,6,20
HPX,HPX,2013,6,21
HPX,HPX,2013,6,22
HPX,HPX,2013,6,23
HPX,HPX,2013,6,27
HPX,HPX,2013,6,28
HPX,HPX,2013,6,29
HPX,HPX,2013,6,30
HPX,HPX,2013,7,4
HPX,HPX,2013,7,5
HPX,HPX,2013,7,6
HPX,HPX,2013,7,7
HPX,HPX,2013,7,11
HPX,HPX,2013,7,12
HPX,HPX,2013,7,13
HPX,HPX,2013,7,14
HPX,HPX,2013,11,7
HPX,HPX,2013,11,8
HPX,HPX,2013,11,9
HPX,HPX,2013,11,10
HPX,HPX,2013,11,11
HPX,HPX,2013,11,15
HPX,HPX,2013,11,16
HPX,HPX,2013,11,17
HPX,HPX,2013,11,21
HPX,HPX,2013,11,22
HPX,HPX,2013,11,23
HPX,HPX,2013,11,24
HPX,HPX,2013,11,28
HPX,HPX,2013,11,29
HPX,HPX,2013,11,30
HPX,HPX,2013,12,1
HPX,HPX,2013,12,5
HPX,HPX,2013,12,6
HPX,HPX,2013,12,7
HPX,HPX,2013,12,8
HPX,HPX,2013,12,12
HPX,HPX,2013,12,13
HPX,HPX,2013,12,14
HPX,HPX,2013,12,15
HPX,HPX,2013,12,20
HPX,HPX,2013,12,21
HPX,HPX,2013,12,22
IND,IND,2002,12,6
IND,IND,2002,12,7
IND,IND,2002,12,8
IND,IND,2002,12,9
IND,IND,2002,12,12
IND,IND,2002,12,13
IND,IND,2002,12,14
IND,IND,2002,12,15
IND,IND,2002,12,16
IND,IND,2002,12,19
IND,IND,2002,12,20
IND,IND,2002,12,21
IND,IND,2002,12,22
IND,IND,2002,12,23
IND,IND,2002,12,26
IND,IND,2002,12,27
IND,IND,2002,12,28
IND,IND,2002,12,29
IND,IND,2002,12,30
IND,IND,2003,4,11
IND,IND,2003,4,12
IND,IND,2003,4,16
IND,IND,2003,4,17
IND,IND,2003,4,18
IND,IND,2003,4,19
IND,IND,2003,4,23
IND,IND,2003,4,24
IND,IND,2003,4,25
IND,IND,2003,4,26
IND,IND,2003,4,30
IND,IND,2003,5,1
IND,IND,2003,5,2
IND,IND,2003,5,3
IND,IND,2003,5,6
IND,IND,2003,5,7
IND,IND,2003,5,8
IND,IND,2003,5,9
IND,IND,2003,5,10
IND,IND,2003,5,13
IND,IND,2003,5,14
IND,IND,2003,5,15
IND,IND,2003,5,16
IND,IND,2003,5,17
IND,IND,2003,5,20
IND,IND,2003,5,21
IND,IND,2003,5,22
IND,IND,2003,5,23
IND,IND,2003,5,24
IND,IND,2003,5,26
IND,IND,2003,6,3
IND,IND,2003,6,4
IND,IND,2003,6,5
IND,IND,2003,6,6
IND,IND,2003,6,7
IND,IND,2003,6,10
IND,IND,2003,6,11
IND,IND,2003,6,12
IND,IND,2003,6,13
IND,IND,2003,6,14
IND,IND,2003,6,17
IND,IND,2003,6,18
IND,IND,2003,6,19
IND,IND,2003,6,20
IND,IND,2003,6,21
IND,IND,2003,6,24
IND,IND,2003,6,25
IND,IND,2003,6,26
IND,IND,2003,6,27
IND,IND,2003,6,28
IND,IND,2003,7,1
IND,IND,2003,7,2
IND,IND,2003,7,3
IND,IND,2003,7,4
IND,IND,2003,7,5
IND,IND,2003,7,8
IND,IND,2003,7,9
IND,IND,2003,7,10
IND,IND,2003,7,11
IND,IND,2003,7,12
IND,IND,2003,7,15
IND,IND,2003,7,16
IND,IND,2003,7,17
IND,IND,2003,7,18
IND,IND,2003,7,19
IND,IND,2003,7,22
IND,IND,2003,7,23
IND,IND,2003,7,24
IND,IND,2003,7,25
IND,IND,2003,7,26
IND,IND,2003,7,29
IND,IND,2003,7,30
IND,IND,2003,7,31
IND,IND,2003,8,1
IND,IND,2003,8,2
IND,IND,2003,8,5
IND,IND,2003,8,6
IND,IND,2003,8,7
IND,IND,2003,8,8
IND,IND,2003,8,9
IND,IND,2003,8,12
IND,IND,2003,8,13
IND,IND,2003,8,14
IND,IND,2003,8,15
IND,IND,2003,8,16
IND,IND,2003,8,19
IND,IND,2003,8,20
IND,IND,2003,8,21
IND,IND,2003,8,22
IND,IND,2003,8,23
IND,IND,2003,8,26
IND,IND,2003,8,27
IND,IND,2003,8,28
IND,IND,2003,8,29
IND,IND,2003,8,30
IND,IND,2003,9,1
IND,IND,2003,9,3
IND,IND,2003,9,4
IND,IND,2003,9,5
IND,IND,2003,9,6
IND,IND,2003,9,10
IND,IND,2003,9,11
IND,IND,2003,9,12
IND,IND,2003,9,13
IND,IND,2003,9,17
IND,IND,2003,9,18
IND,IND,2003,9,19
IND,IND,2003,9,20
IND,IND,2003,9,24
IND,IND,2003,9,25
IND,IND,2003,9,26
IND,IND,2003,9,27
IND,IND,2003,9,28
IND,IND,2003,10,1
IND,IND,2003,10,2
IND,IND,2003,10,3
IND,IND,2003,10,4
IND,IND,2003,10,5
IND,IND,2003,10,8
IND,IND,2003,10,9
IND,IND,2003,10,10
IND,IND,2003,10,11
IND,IND,2003,10,12
IND,IND,2003,10,15
IND,IND,2003,10,16
IND,IND,2003,10,17
IND,IND,2003,10,18
IND,IND,2003,10,19
IND,IND,2003,10,24
IND,IND,2003,10,25
IND,IND,2004,4,16
IND,IND,2004,4,17
IND,IND,2004,4,18
IND,IND,2004,4,21
IND,IND,2004,4,22
IND,IND,2004,4,23
IND,IND,2004,4,24
IND,IND,2004,4,25
IND,IND,2004,4,28
IND,IND,2004,4,29
IND,IND,2004,4,30
IND,IND,2004,5,1
IND,IND,2004,5,2
IND,IND,2004,5,5
IND,IND,2004,5,6
IND,IND,2004,5,7
IND,IND,2004,5,8
IND,IND,2004,5,9
IND,IND,2004,5,12
IND,IND,2004,5,13
IND,IND,2004,5,14
IND,IND,2004,5,15
IND,IND,2004,5,16
IND,IND,2004,5,19
IND,IND,2004,5,20
IND,IND,2004,5,21
IND,IND,2004,5,22
IND,IND,2004,5,23
IND,IND,2004,5,26
IND,IND,2004,5,27
IND,IND,2004,5,28
IND,IND,2004,5,29
IND,IND,2004,5,31
IND,IND,2004,6,2
IND,IND,2004,6,3
IND,IND,2004,6,4
IND,IND,2004,6,5
IND,IND,2004,6,6
IND,IND,2004,6,9
IND,IND,2004,6,10
IND,IND,2004,6,11
IND,IND,2004,6,12
IND,IND,2004,6,13
IND,IND,2004,6,16
IND,IND,2004,6,17
IND,IND,2004,6,18
IND,IND,2004,6,19
IND,IND,2004,6,20
IND,IND,2004,7,1
IND,IND,2004,7,2
IND,IND,2004,7,3
IND,IND,2004,7,4
IND,IND,2004,7,5
IND,IND,2004,7,7
IND,IND,2004,7,8
IND,IND,2004,7,9
IND,IND,2004,7,10
IND,IND,2004,7,11
IND,IND,2004,7,14
IND,IND,2004,7,15
IND,IND,2004,7,16
IND,IND,2004,7,17
IND,IND,2004,7,18
IND,IND,2004,7,21
IND,IND,2004,7,22
IND,IND,2004,7,23
IND,IND,2004,7,24
IND,IND,2004,7,25
IND,IND,2004,7,28
IND,IND,2004,7,29
IND,IND,2004,7,30
IND,IND,2004,7,31
IND,IND,2004,8,1
IND,IND,2004,8,4
IND,IND,2004,8,5
IND,IND,2004,8,6
IND,IND,2004,8,7
IND,IND,2004,8,8
IND,IND,2004,8,11
IND,IND,2004,8,12
IND,IND,2004,8,13
IND,IND,2004,8,14
IND,IND,2004,8,15
IND,IND,2004,8,18
IND,IND,2004,8,19
IND,IND,2004,8,20
IND,IND,2004,8,21
IND,IND,2004,8,22
IND,IND,2004,8,25
IND,IND,2004,8,26
IND,IND,2004,8,27
IND,IND,2004,8,28
IND,IND,2004,8,29
IND,IND,2004,9,1
IND,IND,2004,9,2
IND,IND,2004,9,3
IND,IND,2004,9,4
IND,IND,2004,9,5
IND,IND,2004,9,6
IND,IND,2004,9,9
IND,IND,2004,9,10
IND,IND,2004,9,11
IND,IND,2004,9,12
IND,IND,2004,9,16
IND,IND,2004,9,17
IND,IND,2004,9,18
IND,IND,2004,9,19
IND,IND,2004,9,23
IND,IND,2004,9,24
IND,IND,2004,9,25
IND,IND,2004,9,26
IND,IND,2004,9,30
IND,IND,2004,10,1
IND,IND,2004,10,2
IND,IND,2004,10,3
IND,IND,2004,10,7
IND,IND,2004,10,8
IND,IND,2004,10,9
IND,IND,2004,10,10
IND,IND,2004,10,14
IND,IND,2004,10,15
IND,IND,2004,10,16
IND,IND,2004,10,17
IND,IND,2004,10,21
IND,IND,2004,10,22
IND,IND,2004,10,23
IND,IND,2004,10,24
IND,IND,2004,10,28
IND,IND,2004,10,29
IND,IND,2004,10,30
IND,IND,2005,4,15
IND,IND,2005,4,16
IND,IND,2005,4,19
IND,IND,2005,4,20
IND,IND,2005,4,21
IND,IND,2005,4,22
IND,IND,2005,4,23
IND,IND,2005,4,26
IND,IND,2005,4,27
IND,IND,2005,4,28
IND,IND,2005,4,29
IND,IND,2005,4,30
IND,IND,2005,5,3
IND,IND,2005,5,4
IND,IND,2005,5,5
IND,IND,2005,5,6
IND,IND,2005,5,7
IND,IND,2005,5,10
IND,IND,2005,5,11
IND,IND,2005,5,12
IND,IND,2005,5,13
IND,IND,2005,5,14
IND,IND,2005,5,17
IND,IND,2005,5,18
IND,IND,2005,5,20
IND,IND,2005,5,21
IND,IND,2005,5,24
IND,IND,2005,5,25
IND,IND,2005,5,26
IND,IND,2005,5,27
IND,IND,2005,5,28
IND,IND,2005,5,30
IND,IND,2005,5,31
IND,IND,2005,6,1
IND,IND,2005,6,2
IND,IND,2005,6,3
IND,IND,2005,6,4
IND,IND,2005,6,7
IND,IND,2005,6,8
IND,IND,2005,6,9
IND,IND,2005,6,10
IND,IND,2005,6,11
IND,IND,2005,6,14
IND,IND,2005,6,15
IND,IND,2005,6,16
IND,IND,2005,6,17
IND,IND,2005,6,18
IND,IND,2005,7,1
IND,IND,2005,7,2
IND,IND,2005,7,5
IND,IND,2005,7,6
IND,IND,2005,7,7
IND,IND,2005,7,8
IND,IND,2005,7,9
IND,IND,2005,7,12
IND,IND,2005,7,13
IND,IND,2005,7,14
IND,IND,2005,7,15
IND,IND,2005,7,16
IND,IND,2005,7,19
IND,IND,2005,7,20
IND,IND,2005,7,21
IND,IND,2005,7,22
IND,IND,2005,7,23
IND,IND,2005,7,26
IND,IND,2005,7,27
IND,IND,2005,7,28
IND,IND,2005,7,29
IND,IND,2005,7,30
IND,IND,2005,8,2
IND,IND,2005,8,3
IND,IND,2005,8,4
IND,IND,2005,8,5
IND,IND,2005,8,6
IND,IND,2005,8,9
IND,IND,2005,8,10
IND,IND,2005,8,11
IND,IND,2005,8,12
IND,IND,2005,8,13
IND,IND,2005,8,16
IND,IND,2005,8,17
IND,IND,2005,8,18
IND,IND,2005,8,19
IND,IND,2005,8,20
IND,IND,2005,8,23
IND,IND,2005,8,24
IND,IND,2005,8,25
IND,IND,2005,8,26
IND,IND,2005,8,27
IND,IND,2005,8,30
IND,IND,2005,8,31
IND,IND,2005,9,1
IND,IND,2005,9,2
IND,IND,2005,9,3
IND,IND,2005,9,6
IND,IND,2005,9,7
IND,IND,2005,9,8
IND,IND,2005,9,9
IND,IND,2005,9,10
IND,IND,2005,9,13
IND,IND,2005,9,14
IND,IND,2005,9,15
IND,IND,2005,9,16
IND,IND,2005,9,17
IND,IND,2005,9,20
IND,IND,2005,9,21
IND,IND,2005,9,22
IND,IND,2005,9,23
IND,IND,2005,9,24
IND,IND,2005,9,28
IND,IND,2005,9,29
IND,IND,2005,9,30
IND,IND,2005,10,1
IND,IND,2005,10,5
IND,IND,2005,10,6
IND,IND,2005,10,7
IND,IND,2005,10,8
IND,IND,2005,10,12
IND,IND,2005,10,13
IND,IND,2005,10,14
IND,IND,2005,10,15
IND,IND,2005,10,19
IND,IND,2005,10,20
IND,IND,2005,10,21
IND,IND,2005,10,22
IND,IND,2005,10,26
IND,IND,2005,10,27
IND,IND,2005,10,28
IND,IND,2005,10,29
IND,IND,2006,4,21
IND,IND,2006,4,22
IND,IND,2006,4,24
IND,IND,2006,4,25
IND,IND,2006,4,28
IND,IND,2006,4,29
IND,IND,2006,5,1
IND,IND,2006,5,2
IND,IND,2006,5,3
IND,IND,2006,5,5
IND,IND,2006,5,6
IND,IND,2006,5,8
IND,IND,2006,5,9
IND,IND,2006,5,10
IND,IND,2006,5,12
IND,IND,2006,5,13
IND,IND,2006,5,15
IND,IND,2006,5,16
IND,IND,2006,5,17
IND,IND,2006,5,19
IND,IND,2006,5,20
IND,IND,2006,5,22
IND,IND,2006,5,23
IND,IND,2006,5,24
IND,IND,2006,5,26
IND,IND,2006,5,27
IND,IND,2006,5,29
IND,IND,2006,5,30
IND,IND,2006,5,31
IND,IND,2006,6,2
IND,IND,2006,6,3
IND,IND,2006,6,5
IND,IND,2006,6,6
IND,IND,2006,6,7
IND,IND,2006,6,9
IND,IND,2006,6,10
IND,IND,2006,6,12
IND,IND,2006,6,13
IND,IND,2006,6,14
IND,IND,2006,6,16
IND,IND,2006,6,17
IND,IND,2006,6,19
IND,IND,2006,6,20
IND,IND,2006,6,21
IND,IND,2006,6,23
IND,IND,2006,6,24
IND,IND,2006,6,26
IND,IND,2006,6,27
IND,IND,2006,6,28
IND,IND,2006,7,7
IND,IND,2006,7,8
IND,IND,2006,7,11
IND,IND,2006,7,12
IND,IND,2006,7,13
IND,IND,2006,7,14
IND,IND,2006,7,15
IND,IND,2006,7,18
IND,IND,2006,7,19
IND,IND,2006,7,20
IND,IND,2006,7,21
IND,IND,2006,7,22
IND,IND,2006,7,25
IND,IND,2006,7,26
IND,IND,2006,7,27
IND,IND,2006,7,28
IND,IND,2006,7,29
IND,IND,2006,8,1
IND,IND,2006,8,2
IND,IND,2006,8,3
IND,IND,2006,8,4
IND,IND,2006,8,5
IND,IND,2006,8,8
IND,IND,2006,8,9
IND,IND,2006,8,10
IND,IND,2006,8,11
IND,IND,2006,8,12
IND,IND,2006,8,15
IND,IND,2006,8,16
IND,IND,2006,8,17
IND,IND,2006,8,18
IND,IND,2006,8,19
IND,IND,2006,8,22
IND,IND,2006,8,23
IND,IND,2006,8,24
IND,IND,2006,8,25
IND,IND,2006,8,26
IND,IND,2006,8,29
IND,IND,2006,8,30
IND,IND,2006,8,31
IND,IND,2006,9,1
IND,IND,2006,9,2
IND,IND,2006,9,5
IND,IND,2006,9,6
IND,IND,2006,9,7
IND,IND,2006,9,8
IND,IND,2006,9,9
IND,IND,2006,9,12
IND,IND,2006,9,13
IND,IND,2006,9,14
IND,IND,2006,9,15
IND,IND,2006,9,16
IND,IND,2006,9,19
IND,IND,2006,9,20
IND,IND,2006,9,21
IND,IND,2006,9,22
IND,IND,2006,9,23
IND,IND,2006,9,26
IND,IND,2006,9,27
IND,IND,2006,9,29
IND,IND,2006,9,30
IND,IND,2006,10,3
IND,IND,2006,10,4
IND,IND,2006,10,6
IND,IND,2006,10,7
IND,IND,2006,10,10
IND,IND,2006,10,11
IND,IND,2006,10,13
IND,IND,2006,10,14
IND,IND,2006,10,17
IND,IND,2006,10,18
IND,IND,2006,10,20
IND,IND,2006,10,21
IND,IND,2006,10,24
IND,IND,2006,10,25
IND,IND,2006,10,27
IND,IND,2006,10,28
IND,IND,2006,10,31
IND,IND,2006,11,1
IND,IND,2006,11,3
IND,IND,2006,11,4
IND,IND,2007,4,27
IND,IND,2007,4,28
IND,IND,2007,4,30
IND,IND,2007,5,1
IND,IND,2007,5,2
IND,IND,2007,5,4
IND,IND,2007,5,5
IND,IND,2007,5,7
IND,IND,2007,5,8
IND,IND,2007,5,9
IND,IND,2007,5,11
IND,IND,2007,5,12
IND,IND,2007,5,14
IND,IND,2007,5,15
IND,IND,2007,5,16
IND,IND,2007,5,18
IND,IND,2007,5,19
IND,IND,2007,5,21
IND,IND,2007,5,22
IND,IND,2007,5,23
IND,IND,2007,5,25
IND,IND,2007,5,26
IND,IND,2007,5,29
IND,IND,2007,5,30
IND,IND,2007,6,1
IND,IND,2007,6,2
IND,IND,2007,6,4
IND,IND,2007,6,5
IND,IND,2007,6,6
IND,IND,2007,6,8
IND,IND,2007,6,9
IND,IND,2007,6,11
IND,IND,2007,6,12
IND,IND,2007,6,13
IND,IND,2007,6,15
IND,IND,2007,6,16
IND,IND,2007,6,18
IND,IND,2007,6,19
IND,IND,2007,6,20
IND,IND,2007,6,22
IND,IND,2007,6,23
IND,IND,2007,6,25
IND,IND,2007,6,26
IND,IND,2007,6,27
IND,IND,2007,6,29
IND,IND,2007,6,30
IND,IND,2007,7,2
IND,IND,2007,7,3
IND,IND,2007,7,13
IND,IND,2007,7,14
IND,IND,2007,7,16
IND,IND,2007,7,17
IND,IND,2007,7,18
IND,IND,2007,7,19
IND,IND,2007,7,20
IND,IND,2007,7,21
IND,IND,2007,7,23
IND,IND,2007,7,24
IND,IND,2007,7,25
IND,IND,2007,7,26
IND,IND,2007,7,27
IND,IND,2007,7,28
IND,IND,2007,7,30
IND,IND,2007,7,31
IND,IND,2007,8,1
IND,IND,2007,8,2
IND,IND,2007,8,3
IND,IND,2007,8,4
IND,IND,2007,8,6
IND,IND,2007,8,7
IND,IND,2007,8,10
IND,IND,2007,8,11
IND,IND,2007,8,13
IND,IND,2007,8,14
IND,IND,2007,8,15
IND,IND,2007,8,17
IND,IND,2007,8,18
IND,IND,2007,8,21
IND,IND,2007,8,22
IND,IND,2007,8,24
IND,IND,2007,8,25
IND,IND,2007,8,27
IND,IND,2007,8,28
IND,IND,2007,8,29
IND,IND,2007,8,31
IND,IND,2007,9,1
IND,IND,2007,9,4
IND,IND,2007,9,5
IND,IND,2007,9,7
IND,IND,2007,9,8
IND,IND,2007,9,10
IND,IND,2007,9,11
IND,IND,2007,9,12
IND,IND,2007,9,14
IND,IND,2007,9,15
IND,IND,2007,9,17
IND,IND,2007,9,18
IND,IND,2007,9,19
IND,IND,2007,9,21
IND,IND,2007,9,22
IND,IND,2007,9,24
IND,IND,2007,9,25
IND,IND,2007,9,26
IND,IND,2007,9,28
IND,IND,2007,9,29
IND,IND,2007,10,1
IND,IND,2007,10,2
IND,IND,2007,10,3
IND,IND,2007,10,5
IND,IND,2007,10,6
IND,IND,2007,10,8
IND,IND,2007,10,9
IND,IND,2007,10,10
IND,IND,2007,10,12
IND,IND,2007,10,13
IND,IND,2007,10,15
IND,IND,2007,10,16
IND,IND,2007,10,17
IND,IND,2007,10,19
IND,IND,2007,10,20
IND,IND,2007,10,22
IND,IND,2007,10,23
IND,IND,2007,10,26
IND,IND,2007,10,27
IND,IND,2007,10,29
IND,IND,2007,10,30
IND,IND,2007,11,2
IND,IND,2007,11,3
IND,IND,2008,4,25
IND,IND,2008,4,26
IND,IND,2008,4,28
IND,IND,2008,4,29
IND,IND,2008,4,30
IND,IND,2008,5,2
IND,IND,2008,5,3
IND,IND,2008,5,5
IND,IND,2008,5,6
IND,IND,2008,5,7
IND,IND,2008,5,9
IND,IND,2008,5,10
IND,IND,2008,5,12
IND,IND,2008,5,13
IND,IND,2008,5,14
IND,IND,2008,5,16
IND,IND,2008,5,17
IND,IND,2008,5,19
IND,IND,2008,5,20
IND,IND,2008,5,21
IND,IND,2008,5,23
IND,IND,2008,5,24
IND,IND,2008,5,26
IND,IND,2008,5,27
IND,IND,2008,5,28
IND,IND,2008,5,30
IND,IND,2008,5,31
IND,IND,2008,6,2
IND,IND,2008,6,3
IND,IND,2008,6,4
IND,IND,2008,6,6
IND,IND,2008,6,7
IND,IND,2008,6,9
IND,IND,2008,6,10
IND,IND,2008,6,11
IND,IND,2008,6,13
IND,IND,2008,6,14
IND,IND,2008,6,16
IND,IND,2008,6,17
IND,IND,2008,6,18
IND,IND,2008,6,20
IND,IND,2008,6,21
IND,IND,2008,6,23
IND,IND,2008,6,24
IND,IND,2008,6,25
IND,IND,2008,6,27
IND,IND,2008,6,28
IND,IND,2008,6,30
IND,IND,2008,7,1
IND,IND,2008,7,2
IND,IND,2008,7,4
IND,IND,2008,7,5
IND,IND,2008,7,7
IND,IND,2008,7,8
IND,IND,2008,7,16
IND,IND,2008,7,17
IND,IND,2008,7,18
IND,IND,2008,7,19
IND,IND,2008,7,21
IND,IND,2008,7,22
IND,IND,2008,7,23
IND,IND,2008,7,24
IND,IND,2008,7,25
IND,IND,2008,7,26
IND,IND,2008,7,28
IND,IND,2008,7,29
IND,IND,2008,7,30
IND,IND,2008,8,1
IND,IND,2008,8,2
IND,IND,2008,8,4
IND,IND,2008,8,5
IND,IND,2008,8,6
IND,IND,2008,8,8
IND,IND,2008,8,9
IND,IND,2008,8,11
IND,IND,2008,8,12
IND,IND,2008,8,13
IND,IND,2008,8,15
IND,IND,2008,8,16
IND,IND,2008,8,18
IND,IND,2008,8,19
IND,IND,2008,8,20
IND,IND,2008,8,22
IND,IND,2008,8,23
IND,IND,2008,8,25
IND,IND,2008,8,26
IND,IND,2008,8,27
IND,IND,2008,8,29
IND,IND,2008,8,30
IND,IND,2008,9,2
IND,IND,2008,9,3
IND,IND,2008,9,5
IND,IND,2008,9,6
IND,IND,2008,9,8
IND,IND,2008,9,9
IND,IND,2008,9,10
IND,IND,2008,9,12
IND,IND,2008,9,13
IND,IND,2008,9,15
IND,IND,2008,9,16
IND,IND,2008,9,17
IND,IND,2008,9,19
IND,IND,2008,9,20
IND,IND,2008,9,22
IND,IND,2008,9,23
IND,IND,2008,9,24
IND,IND,2008,9,26
IND,IND,2008,9,27
IND,IND,2008,9,29
IND,IND,2008,9,30
IND,IND,2008,10,1
IND,IND,2008,10,3
IND,IND,2008,10,4
IND,IND,2008,10,6
IND,IND,2008,10,7
IND,IND,2008,10,8
IND,IND,2008,10,10
IND,IND,2008,10,11
IND,IND,2008,10,13
IND,IND,2008,10,14
IND,IND,2008,10,17
IND,IND,2008,10,18
IND,IND,2008,10,20
IND,IND,2008,10,21
IND,IND,2008,10,24
IND,IND,2008,10,25
IND,IND,2008,10,27
IND,IND,2008,10,28
IND,IND,2008,10,31
IND,IND,2008,11,1
IND,IND,2008,11,3
IND,IND,2008,11,4
IND,IND,2008,11,7
IND,IND,2008,11,8
IND,IND,2009,4,20
IND,IND,2009,4,21
IND,IND,2009,4,22
IND,IND,2009,4,24
IND,IND,2009,4,25
IND,IND,2009,4,27
IND,IND,2009,4,28
IND,IND,2009,4,29
IND,IND,2009,5,1
IND,IND,2009,5,2
IND,IND,2009,5,4
IND,IND,2009,5,5
IND,IND,2009,5,6
IND,IND,2009,5,8
IND,IND,2009,5,9
IND,IND,2009,5,11
IND,IND,2009,5,12
IND,IND,2009,5,13
IND,IND,2009,5,15
IND,IND,2009,5,16
IND,IND,2009,5,18
IND,IND,2009,5,19
IND,IND,2009,5,20
IND,IND,2009,5,22
IND,IND,2009,5,23
IND,IND,2009,5,26
IND,IND,2009,5,27
IND,IND,2009,5,29
IND,IND,2009,5,30
IND,IND,2009,6,1
IND,IND,2009,6,2
IND,IND,2009,6,3
IND,IND,2009,6,5
IND,IND,2009,6,6
IND,IND,2009,6,8
IND,IND,2009,6,9
IND,IND,2009,6,10
IND,IND,2009,6,12
IND,IND,2009,6,13
IND,IND,2009,6,15
IND,IND,2009,6,16
IND,IND,2009,6,17
IND,IND,2009,6,19
IND,IND,2009,6,20
IND,IND,2009,6,22
IND,IND,2009,6,23
IND,IND,2009,6,24
IND,IND,2009,6,26
IND,IND,2009,6,27
IND,IND,2009,6,29
IND,IND,2009,6,30
IND,IND,2009,7,1
IND,IND,2009,7,3
IND,IND,2009,7,4
IND,IND,2009,7,6
IND,IND,2009,7,7
IND,IND,2009,7,8
IND,IND,2009,7,10
IND,IND,2009,7,11
IND,IND,2009,7,13
IND,IND,2009,7,14
IND,IND,2009,7,15
IND,IND,2009,7,24
IND,IND,2009,7,25
IND,IND,2009,7,27
IND,IND,2009,7,28
IND,IND,2009,7,29
IND,IND,2009,7,30
IND,IND,2009,7,31
IND,IND,2009,8,1
IND,IND,2009,8,3
IND,IND,2009,8,4
IND,IND,2009,8,5
IND,IND,2009,8,6
IND,IND,2009,8,7
IND,IND,2009,8,8
IND,IND,2009,8,10
IND,IND,2009,8,11
IND,IND,2009,8,12
IND,IND,2009,8,14
IND,IND,2009,8,15
IND,IND,2009,8,17
IND,IND,2009,8,18
IND,IND,2009,8,19
IND,IND,2009,8,21
IND,IND,2009,8,22
IND,IND,2009,8,24
IND,IND,2009,8,25
IND,IND,2009,8,26
IND,IND,2009,8,29
IND,IND,2009,8,31
IND,IND,2009,9,1
IND,IND,2009,9,2
IND,IND,2009,9,4
IND,IND,2009,9,5
IND,IND,2009,9,8
IND,IND,2009,9,9
IND,IND,2009,9,11
IND,IND,2009,9,12
IND,IND,2009,9,14
IND,IND,2009,9,15
IND,IND,2009,9,16
IND,IND,2009,9,18
IND,IND,2009,9,19
IND,IND,2009,9,21
IND,IND,2009,9,22
IND,IND,2009,9,23
IND,IND,2009,9,25
IND,IND,2009,9,26
IND,IND,2009,9,28
IND,IND,2009,9,29
IND,IND,2009,9,30
IND,IND,2009,10,2
IND,IND,2009,10,3
IND,IND,2009,10,5
IND,IND,2009,10,6
IND,IND,2009,10,7
IND,IND,2009,10,9
IND,IND,2009,10,10
IND,IND,2009,10,12
IND,IND,2009,10,13
IND,IND,2009,10,14
IND,IND,2009,10,16
IND,IND,2009,10,17
IND,IND,2009,10,19
IND,IND,2009,10,20
IND,IND,2009,10,21
IND,IND,2009,10,23
IND,IND,2009,10,24
IND,IND,2009,10,26
IND,IND,2009,10,27
IND,IND,2009,10,28
IND,IND,2009,10,30
IND,IND,2009,10,31
IND,IND,2009,11,2
IND,IND,2009,11,3
IND,IND,2009,11,4
IND,IND,2009,11,6
IND,IND,2009,11,7
IND,IND,2009,11,9
IND,IND,2009,11,10
IND,IND,2010,4,16
IND,IND,2010,4,17
IND,IND,2010,4,19
IND,IND,2010,4,20
IND,IND,2010,4,21
IND,IND,2010,4,23
IND,IND,2010,4,24
IND,IND,2010,4,26
IND,IND,2010,4,27
IND,IND,2010,4,28
IND,IND,2010,4,30
IND,IND,2010,5,1
IND,IND,2010,5,3
IND,IND,2010,5,4
IND,IND,2010,5,5
IND,IND,2010,5,7
IND,IND,2010,5,8
IND,IND,2010,5,10
IND,IND,2010,5,11
IND,IND,2010,5,12
IND,IND,2010,5,14
IND,IND,2010,5,15
IND,IND,2010,5,17
IND,IND,2010,5,18
IND,IND,2010,5,19
IND,IND,2010,5,21
IND,IND,2010,5,22
IND,IND,2010,5,24
IND,IND,2010,5,25
IND,IND,2010,5,26
IND,IND,2010,5,28
IND,IND,2010,5,29
IND,IND,2010,6,1
IND,IND,2010,6,2
IND,IND,2010,6,4
IND,IND,2010,6,5
IND,IND,2010,6,7
IND,IND,2010,6,8
IND,IND,2010,6,9
IND,IND,2010,6,11
IND,IND,2010,6,12
IND,IND,2010,6,14
IND,IND,2010,6,15
IND,IND,2010,6,16
IND,IND,2010,6,18
IND,IND,2010,6,19
IND,IND,2010,6,23
IND,IND,2010,6,25
IND,IND,2010,6,26
IND,IND,2010,6,28
IND,IND,2010,6,29
IND,IND,2010,6,30
IND,IND,2010,7,2
IND,IND,2010,7,3
IND,IND,2010,7,6
IND,IND,2010,7,7
IND,IND,2010,7,9
IND,IND,2010,7,10
IND,IND,2010,7,12
IND,IND,2010,7,13
IND,IND,2010,7,14
IND,IND,2010,7,23
IND,IND,2010,7,24
IND,IND,2010,7,26
IND,IND,2010,7,27
IND,IND,2010,7,28
IND,IND,2010,7,29
IND,IND,2010,7,30
IND,IND,2010,7,31
IND,IND,2010,8,2
IND,IND,2010,8,5
IND,IND,2010,8,6
IND,IND,2010,8,7
IND,IND,2010,8,9
IND,IND,2010,8,10
IND,IND,2010,8,11
IND,IND,2010,8,13
IND,IND,2010,8,14
IND,IND,2010,8,16
IND,IND,2010,8,17
IND,IND,2010,8,18
IND,IND,2010,8,20
IND,IND,2010,8,21
IND,IND,2010,8,25
IND,IND,2010,8,26
IND,IND,2010,8,27
IND,IND,2010,8,28
IND,IND,2010,8,30
IND,IND,2010,8,31
IND,IND,2010,9,1
IND,IND,2010,9,3
IND,IND,2010,9,4
IND,IND,2010,9,7
IND,IND,2010,9,8
IND,IND,2010,9,10
IND,IND,2010,9,11
IND,IND,2010,9,13
IND,IND,2010,9,14
IND,IND,2010,9,15
IND,IND,2010,9,17
IND,IND,2010,9,18
IND,IND,2010,9,20
IND,IND,2010,9,21
IND,IND,2010,9,22
IND,IND,2010,9,24
IND,IND,2010,9,25
IND,IND,2010,9,27
IND,IND,2010,9,28
IND,IND,2010,9,29
IND,IND,2010,10,1
IND,IND,2010,10,2
IND,IND,2010,10,4
IND,IND,2010,10,5
IND,IND,2010,10,6
IND,IND,2010,10,8
IND,IND,2010,10,9
IND,IND,2010,10,11
IND,IND,2010,10,12
IND,IND,2010,10,13
IND,IND,2010,10,15
IND,IND,2010,10,16
IND,IND,2010,10,18
IND,IND,2010,10,19
IND,IND,2010,10,20
IND,IND,2010,10,22
IND,IND,2010,10,23
IND,IND,2010,10,25
IND,IND,2010,10,26
IND,IND,2010,10,27
IND,IND,2010,10,29
IND,IND,2010,10,30
IND,IND,2010,11,1
IND,IND,2010,11,2
IND,IND,2010,11,3
IND,IND,2010,11,5
IND,IND,2010,11,6
IND,IND,2010,11,8
IND,IND,2010,11,9
IND,IND,2011,4,18
IND,IND,2011,4,19
IND,IND,2011,4,20
IND,IND,2011,4,22
IND,IND,2011,4,23
IND,IND,2011,4,25
IND,IND,2011,4,26
IND,IND,2011,4,27
IND,IND,2011,4,29
IND,IND,2011,4,30
IND,IND,2011,5,2
IND,IND,2011,5,3
IND,IND,2011,5,4
IND,IND,2011,5,6
IND,IND,2011,5,7
IND,IND,2011,5,9
IND,IND,2011,5,10
IND,IND,2011,5,11
IND,IND,2011,5,13
IND,IND,2011,5,14
IND,IND,2011,5,16
IND,IND,2011,5,17
IND,IND,2011,5,18
IND,IND,2011,5,20
IND,IND,2011,5,21
IND,IND,2011,5,23
IND,IND,2011,5,24
IND,IND,2011,5,25
IND,IND,2011,5,27
IND,IND,2011,5,28
IND,IND,2011,5,31
IND,IND,2011,6,1
IND,IND,2011,6,3
IND,IND,2011,6,4
IND,IND,2011,6,6
IND,IND,2011,6,7
IND,IND,2011,6,8
IND,IND,2011,6,10
IND,IND,2011,6,11
IND,IND,2011,6,13
IND,IND,2011,6,14
IND,IND,2011,6,15
IND,IND,2011,6,17
IND,IND,2011,6,18
IND,IND,2011,6,20
IND,IND,2011,6,21
IND,IND,2011,6,22
IND,IND,2011,6,24
IND,IND,2011,6,25
IND,IND,2011,6,27
IND,IND,2011,6,28
IND,IND,2011,6,29
IND,IND,2011,7,1
IND,IND,2011,7,2
IND,IND,2011,7,5
IND,IND,2011,7,6
IND,IND,2011,7,8
IND,IND,2011,7,9
IND,IND,2011,7,11
IND,IND,2011,7,12
IND,IND,2011,7,13
IND,IND,2011,7,25
IND,IND,2011,7,26
IND,IND,2011,7,27
IND,IND,2011,7,28
IND,IND,2011,7,29
IND,IND,2011,7,30
IND,IND,2011,8,1
IND,IND,2011,8,2
IND,IND,2011,8,3
IND,IND,2011,8,4
IND,IND,2011,8,5
IND,IND,2011,8,6
IND,IND,2011,8,8
IND,IND,2011,8,9
IND,IND,2011,8,10
IND,IND,2011,8,11
IND,IND,2011,8,12
IND,IND,2011,8,13
IND,IND,2011,8,15
IND,IND,2011,8,16
IND,IND,2011,8,17
IND,IND,2011,8,19
IND,IND,2011,8,20
IND,IND,2011,8,22
IND,IND,2011,8,23
IND,IND,2011,8,24
IND,IND,2011,8,26
IND,IND,2011,8,27
IND,IND,2011,8,29
IND,IND,2011,8,30
IND,IND,2011,8,31
IND,IND,2011,9,2
IND,IND,2011,9,3
IND,IND,2011,9,6
IND,IND,2011,9,7
IND,IND,2011,9,9
IND,IND,2011,9,10
IND,IND,2011,9,12
IND,IND,2011,9,13
IND,IND,2011,9,14
IND,IND,2011,9,16
IND,IND,2011,9,17
IND,IND,2011,9,20
IND,IND,2011,9,21
IND,IND,2011,9,23
IND,IND,2011,9,24
IND,IND,2011,9,26
IND,IND,2011,9,27
IND,IND,2011,9,28
IND,IND,2011,9,30
IND,IND,2011,10,1
IND,IND,2011,10,3
IND,IND,2011,10,4
IND,IND,2011,10,5
IND,IND,2011,10,7
IND,IND,2011,10,8
IND,IND,2011,10,10
IND,IND,2011,10,11
IND,IND,2011,10,12
IND,IND,2011,10,14
IND,IND,2011,10,15
IND,IND,2011,10,17
IND,IND,2011,10,18
IND,IND,2011,10,21
IND,IND,2011,10,22
IND,IND,2011,10,24
IND,IND,2011,10,25
IND,IND,2011,10,26
IND,IND,2011,10,28
IND,IND,2011,10,29
IND,IND,2011,10,31
IND,IND,2011,11,1
IND,IND,2011,11,2
IND,IND,2011,11,4
IND,IND,2011,11,5
IND,IND,2011,11,7
IND,IND,2011,11,8
IND,IND,2011,11,9
IND,IND,2012,4,16
IND,IND,2012,4,17
IND,IND,2012,4,18
IND,IND,2012,4,20
IND,IND,2012,4,21
IND,IND,2012,4,23
IND,IND,2012,4,24
IND,IND,2012,4,25
IND,IND,2012,4,27
IND,IND,2012,4,28
IND,IND,2012,4,30
IND,IND,2012,5,1
IND,IND,2012,5,2
IND,IND,2012,5,4
IND,IND,2012,5,5
IND,IND,2012,5,7
IND,IND,2012,5,8
IND,IND,2012,5,9
IND,IND,2012,5,11
IND,IND,2012,5,12
IND,IND,2012,5,14
IND,IND,2012,5,15
IND,IND,2012,5,16
IND,IND,2012,5,18
IND,IND,2012,5,19
IND,IND,2012,5,21
IND,IND,2012,5,22
IND,IND,2012,5,23
IND,IND,2012,5,25
IND,IND,2012,5,26
IND,IND,2012,5,29
IND,IND,2012,5,30
IND,IND,2012,6,1
IND,IND,2012,6,2
IND,IND,2012,6,4
IND,IND,2012,6,5
IND,IND,2012,6,6
IND,IND,2012,6,8
IND,IND,2012,6,9
IND,IND,2012,6,11
IND,IND,2012,6,12
IND,IND,2012,6,13
IND,IND,2012,6,18
IND,IND,2012,6,19
IND,IND,2012,6,20
IND,IND,2012,6,22
IND,IND,2012,6,23
IND,IND,2012,6,25
IND,IND,2012,6,26
IND,IND,2012,6,27
IND,IND,2012,6,29
IND,IND,2012,6,30
IND,IND,2012,7,2
IND,IND,2012,7,3
IND,IND,2012,7,6
IND,IND,2012,7,7
IND,IND,2012,7,9
IND,IND,2012,7,10
IND,IND,2012,7,11
IND,IND,2012,7,24
IND,IND,2012,7,25
IND,IND,2012,7,26
IND,IND,2012,7,27
IND,IND,2012,7,28
IND,IND,2012,7,30
IND,IND,2012,7,31
IND,IND,2012,8,1
IND,IND,2012,8,2
IND,IND,2012,8,3
IND,IND,2012,8,4
IND,IND,2012,8,6
IND,IND,2012,8,7
IND,IND,2012,8,8
IND,IND,2012,8,9
IND,IND,2012,8,10
IND,IND,2012,8,11
IND,IND,2012,8,13
IND,IND,2012,8,14
IND,IND,2012,8,15
IND,IND,2012,8,16
IND,IND,2012,8,17
IND,IND,2012,8,18
IND,IND,2012,8,20
IND,IND,2012,8,21
IND,IND,2012,8,22
IND,IND,2012,8,24
IND,IND,2012,8,25
IND,IND,2012,8,27
IND,IND,2012,8,28
IND,IND,2012,8,29
IND,IND,2012,8,31
IND,IND,2012,9,1
IND,IND,2012,9,4
IND,IND,2012,9,7
IND,IND,2012,9,8
IND,IND,2012,9,10
IND,IND,2012,9,11
IND,IND,2012,9,12
IND,IND,2012,9,14
IND,IND,2012,9,15
IND,IND,2012,9,17
IND,IND,2012,9,18
IND,IND,2012,9,19
IND,IND,2012,9,21
IND,IND,2012,9,22
IND,IND,2012,9,24
IND,IND,2012,9,25
IND,IND,2012,9,26
IND,IND,2012,9,28
IND,IND,2012,9,29
IND,IND,2012,10,1
IND,IND,2012,10,2
IND,IND,2012,10,3
IND,IND,2012,10,6
IND,IND,2012,10,8
IND,IND,2012,10,9
IND,IND,2012,10,10
IND,IND,2012,10,12
IND,IND,2012,10,13
IND,IND,2012,10,15
IND,IND,2012,10,16
IND,IND,2012,10,17
IND,IND,2012,10,19
IND,IND,2012,10,20
IND,IND,2012,10,22
IND,IND,2012,10,23
IND,IND,2012,10,24
IND,IND,2012,10,26
IND,IND,2012,10,27
IND,IND,2012,10,29
IND,IND,2012,10,30
IND,IND,2012,10,31
IND,IND,2012,11,2
IND,IND,2012,11,3
IND,IND,2012,11,5
IND,IND,2012,11,6
IND,IND,2012,11,7
IND,IND,2013,4,23
IND,IND,2013,4,24
IND,IND,2013,4,26
IND,IND,2013,4,27
IND,IND,2013,4,30
IND,IND,2013,5,1
IND,IND,2013,5,3
IND,IND,2013,5,4
IND,IND,2013,5,7
IND,IND,2013,5,8
IND,IND,2013,5,10
IND,IND,2013,5,11
IND,IND,2013,5,14
IND,IND,2013,5,15
IND,IND,2013,5,17
IND,IND,2013,5,18
IND,IND,2013,5,21
IND,IND,2013,5,22
IND,IND,2013,5,24
IND,IND,2013,5,28
IND,IND,2013,5,29
IND,IND,2013,5,31
IND,IND,2013,6,1
IND,IND,2013,6,4
IND,IND,2013,6,5
IND,IND,2013,6,7
IND,IND,2013,6,8
IND,IND,2013,6,11
IND,IND,2013,6,12
IND,IND,2013,6,14
IND,IND,2013,6,15
IND,IND,2013,6,18
IND,IND,2013,6,19
IND,IND,2013,6,22
IND,IND,2013,6,25
IND,IND,2013,6,26
IND,IND,2013,6,28
IND,IND,2013,6,29
IND,IND,2013,7,1
IND,IND,2013,7,2
IND,IND,2013,7,3
IND,IND,2013,7,5
IND,IND,2013,7,8
IND,IND,2013,7,9
IND,IND,2013,7,10
IND,IND,2013,7,12
IND,IND,2013,7,13
IND,IND,2013,7,15
IND,IND,2013,7,16
IND,IND,2013,7,17
IND,IND,2013,7,19
IND,IND,2013,7,20
IND,IND,2013,7,22
IND,IND,2013,7,23
IND,IND,2013,7,24
IND,IND,2013,7,26
IND,IND,2013,7,27
IND,IND,2013,7,29
IND,IND,2013,7,30
IND,IND,2013,7,31
IND,IND,2013,8,2
IND,IND,2013,8,3
IND,IND,2013,8,5
IND,IND,2013,8,6
IND,IND,2013,8,7
IND,IND,2013,8,9
IND,IND,2013,8,12
IND,IND,2013,8,13
IND,IND,2013,8,14
IND,IND,2013,8,16
IND,IND,2013,8,17
IND,IND,2013,8,19
IND,IND,2013,8,20
IND,IND,2013,8,21
IND,IND,2013,8,23
IND,IND,2013,8,24
IND,IND,2013,8,26
IND,IND,2013,8,27
IND,IND,2013,8,28
IND,IND,2013,8,30
IND,IND,2013,8,31
IND,IND,2013,9,2
IND,IND,2013,9,3
IND,IND,2013,9,4
IND,IND,2013,9,6
IND,IND,2013,9,7
IND,IND,2013,9,9
IND,IND,2013,9,10
IND,IND,2013,9,11
IND,IND,2013,9,13
IND,IND,2013,9,14
IND,IND,2013,9,16
IND,IND,2013,9,17
IND,IND,2013,9,18
IND,IND,2013,9,20
IND,IND,2013,9,23
IND,IND,2013,9,24
IND,IND,2013,9,25
IND,IND,2013,9,27
IND,IND,2013,9,28
IND,IND,2013,9,30
IND,IND,2013,10,1
IND,IND,2013,10,2
IND,IND,2013,10,4
IND,IND,2013,10,5
IND,IND,2013,10,7
IND,IND,2013,10,8
IND,IND,2013,10,9
IND,IND,2013,10,11
IND,IND,2013,10,14
IND,IND,2013,10,15
IND,IND,2013,10,16
IND,IND,2013,10,18
IND,IND,2013,10,19
IND,IND,2014,5,6
IND,IND,2014,5,7
IND,IND,2014,5,9
IND,IND,2014,5,10
IND,IND,2014,5,13
IND,IND,2014,5,14
IND,IND,2014,5,16
IND,IND,2014,5,17
IND,IND,2014,5,20
IND,IND,2014,5,21
IND,IND,2014,5,23
IND,IND,2014,5,24
IND,IND,2014,5,27
IND,IND,2014,5,28
IND,IND,2014,5,30
IND,IND,2014,5,31
IND,IND,2014,6,3
IND,IND,2014,6,4
IND,IND,2014,6,6
IND,IND,2014,6,7
IND,IND,2014,6,10
IND,IND,2014,6,11
IND,IND,2014,6,13
IND,IND,2014,6,14
IND,IND,2014,6,17
IND,IND,2014,6,18
IND,IND,2014,6,20
IND,IND,2014,6,21
IND,IND,2014,6,24
IND,IND,2014,6,25
IND,IND,2014,6,27
IND,IND,2014,6,28
IND,IND,2014,7,1
IND,IND,2014,7,2
IND,IND,2014,7,4
IND,IND,2014,7,8
IND,IND,2014,7,9
IND,IND,2014,7,11
IND,IND,2014,7,12
IND,IND,2014,7,15
IND,IND,2014,7,16
IND,IND,2014,7,17
IND,IND,2014,7,18
IND,IND,2014,7,19
IND,IND,2014,7,22
IND,IND,2014,7,23
IND,IND,2014,7,24
IND,IND,2014,7,25
IND,IND,2014,7,29
IND,IND,2014,7,30
IND,IND,2014,7,31
IND,IND,2014,8,1
IND,IND,2014,8,2
IND,IND,2014,8,5
IND,IND,2014,8,6
IND,IND,2014,8,7
IND,IND,2014,8,8
IND,IND,2014,8,9
IND,IND,2014,8,12
IND,IND,2014,8,13
IND,IND,2014,8,14
IND,IND,2014,8,15
IND,IND,2014,8,16
IND,IND,2014,8,19
IND,IND,2014,8,20
IND,IND,2014,8,21
IND,IND,2014,8,22
IND,IND,2014,8,23
IND,IND,2014,8,26
IND,IND,2014,8,27
IND,IND,2014,8,28
IND,IND,2014,8,29
IND,IND,2014,9,2
IND,IND,2014,9,3
IND,IND,2014,9,4
IND,IND,2014,9,5
IND,IND,2014,9,6
IND,IND,2014,9,9
IND,IND,2014,9,10
IND,IND,2014,9,11
IND,IND,2014,9,12
IND,IND,2014,9,13
IND,IND,2014,9,16
IND,IND,2014,9,17
IND,IND,2014,9,18
IND,IND,2014,9,19
IND,IND,2014,9,20
IND,IND,2014,9,23
IND,IND,2014,9,24
IND,IND,2014,9,25
IND,IND,2014,9,26
IND,IND,2014,9,27
IND,IND,2014,9,30
IND,IND,2014,10,1
IND,IND,2014,10,2
IND,IND,2014,10,3
IND,IND,2014,10,4
IND,IND,2014,10,7
IND,IND,2014,10,8
IND,IND,2014,10,9
IND,IND,2014,10,11
IND,IND,2014,10,14
IND,IND,2014,10,16
IND,IND,2014,10,17
IND,IND,2014,10,18
IND,IND,2014,10,21
IND,IND,2014,10,22
IND,IND,2014,10,23
IND,IND,2014,10,24
IND,IND,2014,10,28
IND,IND,2014,10,29
IND,IND,2014,10,30
IND,IND,2014,10,31
IND,IND,2014,11,1
IND,IND,2015,4,21
IND,IND,2015,4,22
IND,IND,2015,4,24
IND,IND,2015,4,25
IND,IND,2015,4,28
IND,IND,2015,4,29
IND,IND,2015,5,1
IND,IND,2015,5,2
IND,IND,2015,5,5
IND,IND,2015,5,6
IND,IND,2015,5,8
IND,IND,2015,5,9
IND,IND,2015,5,12
IND,IND,2015,5,13
IND,IND,2015,5,15
IND,IND,2015,5,16
IND,IND,2015,5,19
IND,IND,2015,5,20
IND,IND,2015,5,22
IND,IND,2015,5,23
IND,IND,2015,5,26
IND,IND,2015,5,27
IND,IND,2015,5,29
IND,IND,2015,5,30
IND,IND,2015,6,2
IND,IND,2015,6,3
IND,IND,2015,6,5
IND,IND,2015,6,6
IND,IND,2015,6,9
IND,IND,2015,6,10
IND,IND,2015,6,12
IND,IND,2015,6,13
IND,IND,2015,6,16
IND,IND,2015,6,17
IND,IND,2015,6,19
IND,IND,2015,6,20
IND,IND,2015,6,23
IND,IND,2015,6,24
IND,IND,2015,6,26
IND,IND,2015,6,27
IND,IND,2015,6,30
IND,IND,2015,7,1
IND,IND,2015,7,3
IND,IND,2015,7,7
IND,IND,2015,7,8
IND,IND,2015,7,10
IND,IND,2015,7,11
IND,IND,2015,7,14
IND,IND,2015,7,15
IND,IND,2015,7,16
IND,IND,2015,7,17
IND,IND,2015,7,18
IND,IND,2015,7,21
IND,IND,2015,7,22
IND,IND,2015,7,24
IND,IND,2015,7,25
IND,IND,2015,7,28
IND,IND,2015,7,29
IND,IND,2015,7,31
IND,IND,2015,8,4
IND,IND,2015,8,5
IND,IND,2015,8,7
IND,IND,2015,8,8
IND,IND,2015,8,11
IND,IND,2015,8,12
IND,IND,2015,8,14
IND,IND,2015,8,15
IND,IND,2015,8,18
IND,IND,2015,8,19
IND,IND,2015,8,21
IND,IND,2015,8,22
IND,IND,2015,8,25
IND,IND,2015,8,26
IND,IND,2015,8,28
IND,IND,2015,9,1
IND,IND,2015,9,2
IND,IND,2015,9,4
IND,IND,2015,9,5
IND,IND,2015,9,8
IND,IND,2015,9,9
IND,IND,2015,9,11
IND,IND,2015,9,12
IND,IND,2015,9,15
IND,IND,2015,9,16
IND,IND,2015,9,17
IND,IND,2015,9,18
IND,IND,2015,9,19
IND,IND,2015,9,22
IND,IND,2015,9,23
IND,IND,2015,9,24
IND,IND,2015,9,25
IND,IND,2015,9,26
IND,IND,2015,9,29
IND,IND,2015,9,30
IND,IND,2015,10,1
IND,IND,2015,10,2
IND,IND,2015,10,3
IND,IND,2015,10,6
IND,IND,2015,10,7
IND,IND,2015,10,8
IND,IND,2015,10,9
IND,IND,2015,10,13
IND,IND,2015,10,14
IND,IND,2015,10,15
IND,IND,2015,10,16
IND,IND,2015,10,17
IND,IND,2015,10,20
IND,IND,2015,10,21
IND,IND,2015,10,22
IND,IND,2015,10,23
IND,IND,2015,10,27
IND,IND,2015,10,28
IND,IND,2015,10,29
IND,IND,2015,10,30
IND,IND,2015,10,31
KEN,KEN,1998,9,14
KEN,KEN,1998,9,15
KEN,KEN,1998,9,21
KEN,KEN,1998,9,22
KEN,KEN,1999,9,20
KEN,KEN,1999,9,21
KEN,KEN,1999,9,27
KEN,KEN,1999,9,28
KEN,KEN,2000,9,19
KEN,KEN,2000,9,25
KEN,KEN,2000,9,26
KEN,KEN,2004,9,20
KEN,KEN,2004,9,21
KEN,KEN,2004,9,27
KEN,KEN,2004,9,28
KEN,KEN,2005,9,19
KEN,KEN,2005,9,20
KEN,KEN,2005,9,27
KEN,KEN,2008,9,15
KEN,KEN,2008,9,16
KEN,KEN,2008,9,22
KEN,KEN,2008,9,23
KEN,KEN,2009,9,21
KEN,KEN,2009,9,28
KEN,KEN,2010,9,13
KEN,KEN,2010,9,20
KEN,KEN,2011,9,12
KEN,KEN,2011,9,19
KEN,KEN,2012,9,8
KEN,KEN,2012,9,10
KEN,KEN,2012,9,12
KEN,KEN,2012,9,15
KEN,KEN,2012,9,19
KEN,KEN,2013,9,7
KEN,KEN,2013,9,11
KEN,KEN,2013,9,14
KEN,KEN,2013,9,18
KEN,KEN,2013,9,25
KEN,KEN,2014,9,6
KEN,KEN,2014,9,10
KEN,KEN,2014,9,13
KEN,KEN,2014,9,17
KEN,KEN,2014,9,24
KEN,KEN,2015,9,5
KEN,KEN,2015,9,10
KEN,KEN,2015,9,14
KEN,KEN,2015,9,16
KEN,KEN,2015,9,19
KND,KND,1998,10,10
KND,KND,1998,10,11
KND,KND,1998,10,14
KND,KND,1998,10,15
KND,KND,1998,10,16
KND,KND,1998,10,17
KND,KND,1998,10,18
KND,KND,1998,10,21
KND,KND,1998,10,22
KND,KND,1998,10,23
KND,KND,1998,10,24
KND,KND,1998,10,25
KND,KND,1998,10,28
KND,KND,1998,10,29
KND,KND,1998,10,30
KND,KND,1998,10,31
KND,KND,1999,4,14
KND,KND,1999,4,16
KND,KND,1999,4,17
KND,KND,1999,4,18
KND,KND,1999,4,21
KND,KND,1999,4,22
KND,KND,1999,4,23
KND,KND,1999,10,9
KND,KND,1999,10,10
KND,KND,1999,10,13
KND,KND,1999,10,14
KND,KND,1999,10,15
KND,KND,1999,10,16
KND,KND,1999,10,17
KND,KND,1999,10,20
KND,KND,1999,10,21
KND,KND,1999,10,22
KND,KND,1999,10,23
KND,KND,1999,10,24
KND,KND,1999,10,27
KND,KND,1999,10,28
KND,KND,1999,10,29
KND,KND,1999,10,30
KND,KND,2000,4,12
KND,KND,2000,4,13
KND,KND,2000,4,14
KND,KND,2000,4,15
KND,KND,2000,4,16
KND,KND,2000,4,19
KND,KND,2000,4,20
KND,KND,2000,4,21
KND,KND,2000,4,22
KND,KND,2000,4,26
KND,KND,2000,4,28
KND,KND,2000,10,7
KND,KND,2000,10,8
KND,KND,2000,10,11
KND,KND,2000,10,12
KND,KND,2000,10,13
KND,KND,2000,10,14
KND,KND,2000,10,15
KND,KND,2000,10,18
KND,KND,2000,10,19
KND,KND,2000,10,20
KND,KND,2000,10,21
KND,KND,2000,10,22
KND,KND,2000,10,25
KND,KND,2000,10,26
KND,KND,2000,10,27
KND,KND,2000,10,28
KND,KND,2001,4,6
KND,KND,2001,4,7
KND,KND,2001,4,8
KND,KND,2001,4,11
KND,KND,2001,4,12
KND,KND,2001,4,13
KND,KND,2001,4,14
KND,KND,2001,4,18
KND,KND,2001,4,19
KND,KND,2001,4,20
KND,KND,2001,4,21
KND,KND,2001,4,22
KND,KND,2001,4,26
KND,KND,2001,10,7
KND,KND,2001,10,10
KND,KND,2001,10,11
KND,KND,2001,10,13
KND,KND,2001,10,14
KND,KND,2001,10,17
KND,KND,2001,10,19
KND,KND,2001,10,21
KND,KND,2001,10,26
KND,KND,2001,10,27
KND,KND,2002,4,5
KND,KND,2002,4,7
KND,KND,2002,4,10
KND,KND,2002,4,11
KND,KND,2002,4,12
KND,KND,2002,4,13
KND,KND,2002,4,14
KND,KND,2002,4,17
KND,KND,2002,4,18
KND,KND,2002,4,19
KND,KND,2002,4,21
KND,KND,2002,4,24
KND,KND,2002,4,25
KND,KND,2002,4,26
KND,KND,2002,10,4
KND,KND,2002,10,5
KND,KND,2002,10,6
KND,KND,2002,10,9
KND,KND,2002,10,10
KND,KND,2002,10,11
KND,KND,2002,10,12
KND,KND,2002,10,13
KND,KND,2002,10,16
KND,KND,2002,10,17
KND,KND,2002,10,18
KND,KND,2002,10,19
KND,KND,2002,10,20
KND,KND,2002,10,23
KND,KND,2002,10,24
KND,KND,2002,10,25
KND,KND,2002,10,26
KND,KND,2003,4,4
KND,KND,2003,4,5
KND,KND,2003,4,6
KND,KND,2003,4,9
KND,KND,2003,4,10
KND,KND,2003,4,11
KND,KND,2003,4,12
KND,KND,2003,4,13
KND,KND,2003,4,16
KND,KND,2003,4,17
KND,KND,2003,4,18
KND,KND,2003,4,19
KND,KND,2003,4,23
KND,KND,2003,4,24
KND,KND,2003,4,25
KND,KND,2003,10,3
KND,KND,2003,10,4
KND,KND,2003,10,5
KND,KND,2003,10,8
KND,KND,2003,10,9
KND,KND,2003,10,10
KND,KND,2003,10,11
KND,KND,2003,10,12
KND,KND,2003,10,15
KND,KND,2003,10,16
KND,KND,2003,10,17
KND,KND,2003,10,18
KND,KND,2003,10,19
KND,KND,2003,10,22
KND,KND,2003,10,23
KND,KND,2003,10,24
KND,KND,2003,10,25
KND,KND,2004,4,2
KND,KND,2004,4,3
KND,KND,2004,4,4
KND,KND,2004,4,7
KND,KND,2004,4,8
KND,KND,2004,4,9
KND,KND,2004,4,10
KND,KND,2004,4,14
KND,KND,2004,4,15
KND,KND,2004,4,16
KND,KND,2004,4,17
KND,KND,2004,4,18
KND,KND,2004,4,21
KND,KND,2004,4,22
KND,KND,2004,4,23
KND,KND,2004,10,8
KND,KND,2004,10,9
KND,KND,2004,10,10
KND,KND,2004,10,13
KND,KND,2004,10,14
KND,KND,2004,10,15
KND,KND,2004,10,16
KND,KND,2004,10,17
KND,KND,2004,10,20
KND,KND,2004,10,21
KND,KND,2004,10,22
KND,KND,2004,10,23
KND,KND,2004,10,24
KND,KND,2004,10,27
KND,KND,2004,10,28
KND,KND,2004,10,29
KND,KND,2004,10,30
KND,KND,2005,4,8
KND,KND,2005,4,9
KND,KND,2005,4,10
KND,KND,2005,4,13
KND,KND,2005,4,14
KND,KND,2005,4,15
KND,KND,2005,4,16
KND,KND,2005,4,17
KND,KND,2005,4,20
KND,KND,2005,4,21
KND,KND,2005,4,22
KND,KND,2005,4,23
KND,KND,2005,4,24
KND,KND,2005,4,27
KND,KND,2005,4,28
KND,KND,2005,4,29
KND,KND,2005,10,7
KND,KND,2005,10,8
KND,KND,2005,10,9
KND,KND,2005,10,12
KND,KND,2005,10,13
KND,KND,2005,10,14
KND,KND,2005,10,15
KND,KND,2005,10,16
KND,KND,2005,10,19
KND,KND,2005,10,20
KND,KND,2005,10,21
KND,KND,2005,10,22
KND,KND,2005,10,23
KND,KND,2005,10,26
KND,KND,2005,10,27
KND,KND,2005,10,28
KND,KND,2005,10,29
KND,KND,2006,4,7
KND,KND,2006,4,8
KND,KND,2006,4,9
KND,KND,2006,4,12
KND,KND,2006,4,13
KND,KND,2006,4,14
KND,KND,2006,4,15
KND,KND,2006,4,19
KND,KND,2006,4,20
KND,KND,2006,4,21
KND,KND,2006,4,22
KND,KND,2006,4,23
KND,KND,2006,4,26
KND,KND,2006,4,27
KND,KND,2006,4,28
KND,KND,2006,10,6
KND,KND,2006,10,7
KND,KND,2006,10,8
KND,KND,2006,10,11
KND,KND,2006,10,12
KND,KND,2006,10,13
KND,KND,2006,10,14
KND,KND,2006,10,15
KND,KND,2006,10,18
KND,KND,2006,10,19
KND,KND,2006,10,20
KND,KND,2006,10,21
KND,KND,2006,10,22
KND,KND,2006,10,25
KND,KND,2006,10,26
KND,KND,2006,10,27
KND,KND,2006,10,28
KND,KND,2007,4,6
KND,KND,2007,4,7
KND,KND,2007,4,11
KND,KND,2007,4,12
KND,KND,2007,4,13
KND,KND,2007,4,14
KND,KND,2007,4,15
KND,KND,2007,4,18
KND,KND,2007,4,19
KND,KND,2007,4,20
KND,KND,2007,4,21
KND,KND,2007,4,22
KND,KND,2007,4,25
KND,KND,2007,4,26
KND,KND,2007,4,27
KND,KND,2007,10,5
KND,KND,2007,10,6
KND,KND,2007,10,7
KND,KND,2007,10,10
KND,KND,2007,10,11
KND,KND,2007,10,12
KND,KND,2007,10,13
KND,KND,2007,10,14
KND,KND,2007,10,17
KND,KND,2007,10,18
KND,KND,2007,10,19
KND,KND,2007,10,20
KND,KND,2007,10,21
KND,KND,2007,10,24
KND,KND,2007,10,25
KND,KND,2007,10,26
KND,KND,2007,10,27
KND,KND,2008,4,4
KND,KND,2008,4,5
KND,KND,2008,4,6
KND,KND,2008,4,9
KND,KND,2008,4,10
KND,KND,2008,4,11
KND,KND,2008,4,12
KND,KND,2008,4,13
KND,KND,2008,4,16
KND,KND,2008,4,17
KND,KND,2008,4,18
KND,KND,2008,4,19
KND,KND,2008,4,20
KND,KND,2008,4,23
KND,KND,2008,4,24
KND,KND,2008,4,25
KND,KND,2008,10,3
KND,KND,2008,10,4
KND,KND,2008,10,5
KND,KND,2008,10,8
KND,KND,2008,10,9
KND,KND,2008,10,10
KND,KND,2008,10,11
KND,KND,2008,10,12
KND,KND,2008,10,15
KND,KND,2008,10,16
KND,KND,2008,10,17
KND,KND,2008,10,18
KND,KND,2008,10,19
KND,KND,2008,10,22
KND,KND,2008,10,23
KND,KND,2008,10,24
KND,KND,2008,10,25
KND,KND,2009,4,3
KND,KND,2009,4,4
KND,KND,2009,4,5
KND,KND,2009,4,8
KND,KND,2009,4,9
KND,KND,2009,4,10
KND,KND,2009,4,11
KND,KND,2009,4,15
KND,KND,2009,4,16
KND,KND,2009,4,17
KND,KND,2009,4,18
KND,KND,2009,4,19
KND,KND,2009,4,22
KND,KND,2009,4,23
KND,KND,2009,4,24
KND,KND,2009,10,9
KND,KND,2009,10,10
KND,KND,2009,10,11
KND,KND,2009,10,14
KND,KND,2009,10,15
KND,KND,2009,10,16
KND,KND,2009,10,17
KND,KND,2009,10,18
KND,KND,2009,10,21
KND,KND,2009,10,22
KND,KND,2009,10,23
KND,KND,2009,10,24
KND,KND,2009,10,25
KND,KND,2009,10,28
KND,KND,2009,10,29
KND,KND,2009,10,30
KND,KND,2009,10,31
KND,KND,2010,4,2
KND,KND,2010,4,3
KND,KND,2010,4,7
KND,KND,2010,4,8
KND,KND,2010,4,9
KND,KND,2010,4,10
KND,KND,2010,4,11
KND,KND,2010,4,14
KND,KND,2010,4,15
KND,KND,2010,4,16
KND,KND,2010,4,17
KND,KND,2010,4,18
KND,KND,2010,4,21
KND,KND,2010,4,22
KND,KND,2010,4,23
KND,KND,2010,10,8
KND,KND,2010,10,9
KND,KND,2010,10,10
KND,KND,2010,10,13
KND,KND,2010,10,14
KND,KND,2010,10,15
KND,KND,2010,10,16
KND,KND,2010,10,17
KND,KND,2010,10,20
KND,KND,2010,10,21
KND,KND,2010,10,22
KND,KND,2010,10,23
KND,KND,2010,10,24
KND,KND,2010,10,27
KND,KND,2010,10,28
KND,KND,2010,10,29
KND,KND,2010,10,30
KND,KND,2011,4,8
KND,KND,2011,4,9
KND,KND,2011,4,10
KND,KND,2011,4,13
KND,KND,2011,4,14
KND,KND,2011,4,15
KND,KND,2011,4,16
KND,KND,2011,4,17
KND,KND,2011,4,20
KND,KND,2011,4,21
KND,KND,2011,4,22
KND,KND,2011,4,23
KND,KND,2011,4,27
KND,KND,2011,4,28
KND,KND,2011,4,29
KND,KND,2011,10,7
KND,KND,2011,10,8
KND,KND,2011,10,9
KND,KND,2011,10,12
KND,KND,2011,10,13
KND,KND,2011,10,14
KND,KND,2011,10,15
KND,KND,2011,10,16
KND,KND,2011,10,19
KND,KND,2011,10,20
KND,KND,2011,10,21
KND,KND,2011,10,22
KND,KND,2011,10,23
KND,KND,2011,10,26
KND,KND,2011,10,27
KND,KND,2011,10,28
KND,KND,2011,10,29
KND,KND,2012,4,6
KND,KND,2012,4,7
KND,KND,2012,4,11
KND,KND,2012,4,12
KND,KND,2012,4,13
KND,KND,2012,4,14
KND,KND,2012,4,15
KND,KND,2012,4,18
KND,KND,2012,4,19
KND,KND,2012,4,20
KND,KND,2012,4,21
KND,KND,2012,4,22
KND,KND,2012,4,25
KND,KND,2012,4,26
KND,KND,2012,4,27
KND,KND,2012,10,5
KND,KND,2012,10,6
KND,KND,2012,10,7
KND,KND,2012,10,10
KND,KND,2012,10,11
KND,KND,2012,10,12
KND,KND,2012,10,13
KND,KND,2012,10,14
KND,KND,2012,10,17
KND,KND,2012,10,18
KND,KND,2012,10,19
KND,KND,2012,10,20
KND,KND,2012,10,21
KND,KND,2012,10,24
KND,KND,2012,10,25
KND,KND,2012,10,26
KND,KND,2012,10,27
KND,KND,2013,4,5
KND,KND,2013,4,6
KND,KND,2013,4,7
KND,KND,2013,4,10
KND,KND,2013,4,11
KND,KND,2013,4,12
KND,KND,2013,4,13
KND,KND,2013,4,14
KND,KND,2013,4,17
KND,KND,2013,4,18
KND,KND,2013,4,19
KND,KND,2013,4,20
KND,KND,2013,4,21
KND,KND,2013,4,24
KND,KND,2013,4,25
KND,KND,2013,4,26
KND,KND,2013,10,4
KND,KND,2013,10,5
KND,KND,2013,10,6
KND,KND,2013,10,9
KND,KND,2013,10,10
KND,KND,2013,10,11
KND,KND,2013,10,12
KND,KND,2013,10,13
KND,KND,2013,10,16
KND,KND,2013,10,17
KND,KND,2013,10,18
KND,KND,2013,10,19
KND,KND,2013,10,20
KND,KND,2013,10,23
KND,KND,2013,10,24
KND,KND,2013,10,25
KND,KND,2013,10,26
KND,KND,2014,4,4
KND,KND,2014,4,5
KND,KND,2014,4,6
KND,KND,2014,4,9
KND,KND,2014,4,10
KND,KND,2014,4,11
KND,KND,2014,4,12
KND,KND,2014,4,13
KND,KND,2014,4,16
KND,KND,2014,4,17
KND,KND,2014,4,18
KND,KND,2014,4,19
KND,KND,2014,4,23
KND,KND,2014,4,24
KND,KND,2014,4,25
KND,KND,2014,10,3
KND,KND,2014,10,4
KND,KND,2014,10,5
KND,KND,2014,10,8
KND,KND,2014,10,9
KND,KND,2014,10,10
KND,KND,2014,10,11
KND,KND,2014,10,12
KND,KND,2014,10,15
KND,KND,2014,10,16
KND,KND,2014,10,17
KND,KND,2014,10,18
KND,KND,2014,10,19
KND,KND,2014,10,22
KND,KND,2014,10,23
KND,KND,2014,10,24
KND,KND,2014,10,25
KND,KND,2015,4,3
KND,KND,2015,4,4
KND,KND,2015,4,8
KND,KND,2015,4,9
KND,KND,2015,4,10
KND,KND,2015,4,11
KND,KND,2015,4,12
KND,KND,2015,4,15
KND,KND,2015,4,16
KND,KND,2015,4,17
KND,KND,2015,4,18
KND,KND,2015,4,19
KND,KND,2015,4,22
KND,KND,2015,4,23
KND,KND,2015,4,24
KND,KND,2015,10,2
KND,KND,2015,10,3
KND,KND,2015,10,4
KND,KND,2015,10,7
KND,KND,2015,10,8
KND,KND,2015,10,9
KND,KND,2015,10,10
KND,KND,2015,10,11
KND,KND,2015,10,14
KND,KND,2015,10,15
KND,KND,2015,10,16
KND,KND,2015,10,17
KND,KND,2015,10,18
KND,KND,2015,10,21
KND,KND,2015,10,22
KND,KND,2015,10,23
KND,KND,2015,10,24
KND,KND,2015,10,29
KND,KND,2015,10,30
KND,KND,2015,10,31
LAU,LAU,1998,8,14
LAU,LAU,1998,8,15
LAU,LAU,1998,8,16
LAU,LAU,1998,8,19
LAU,LAU,1998,8,21
LAU,LAU,1998,8,22
LAU,LAU,1998,8,23
LAU,LAU,1998,8,27
LAU,LAU,1998,8,28
LAU,LAU,1998,10,14
LAU,LAU,1998,10,15
LAU,LAU,1998,10,16
LAU,LAU,1998,10,17
LAU,LAU,1998,10,18
LAU,LAU,1998,10,21
LAU,LAU,1998,10,22
LAU,LAU,1998,10,23
LAU,LAU,1998,10,24
LAU,LAU,1998,10,25
LAU,LAU,1998,10,28
LAU,LAU,1998,10,29
LAU,LAU,1998,10,30
LAU,LAU,1998,10,31
LAU,LAU,1998,11,1
LAU,LAU,1998,11,3
LAU,LAU,1998,11,5
LAU,LAU,1998,11,6
LAU,LAU,1998,11,7
LAU,LAU,1998,11,8
LAU,LAU,1998,11,11
LAU,LAU,1998,11,12
LAU,LAU,1998,11,13
LAU,LAU,1998,11,14
LAU,LAU,1998,11,15
LAU,LAU,1998,11,18
LAU,LAU,1998,11,19
LAU,LAU,1998,11,20
LAU,LAU,1998,11,21
LAU,LAU,1998,11,22
LAU,LAU,1998,11,25
LAU,LAU,1998,11,26
LAU,LAU,1998,11,27
LAU,LAU,1998,11,28
LAU,LAU,1998,11,29
LAU,LAU,1998,12,2
LAU,LAU,1998,12,3
LAU,LAU,1998,12,4
LAU,LAU,1998,12,5
LAU,LAU,1998,12,6
LAU,LAU,1998,12,9
LAU,LAU,1998,12,10
LAU,LAU,1998,12,11
LAU,LAU,1998,12,12
LAU,LAU,1998,12,13
LAU,LAU,1998,12,16
LAU,LAU,1998,12,17
LAU,LAU,1998,12,18
LAU,LAU,1998,12,19
LAU,LAU,1998,12,20
LAU,LAU,1998,12,26
LAU,LAU,1998,12,27
LAU,LAU,1998,12,30
LAU,LAU,1999,6,23
LAU,LAU,1999,6,24
LAU,LAU,1999,6,25
LAU,LAU,1999,6,26
LAU,LAU,1999,6,30
LAU,LAU,1999,7,1
LAU,LAU,1999,7,2
LAU,LAU,1999,7,3
LAU,LAU,1999,7,4
LAU,LAU,1999,7,5
LAU,LAU,1999,7,8
LAU,LAU,1999,7,9
LAU,LAU,1999,7,10
LAU,LAU,1999,7,11
LAU,LAU,1999,7,14
LAU,LAU,1999,7,16
LAU,LAU,1999,7,18
LAU,LAU,1999,7,21
LAU,LAU,1999,7,22
LAU,LAU,1999,7,23
LAU,LAU,1999,7,24
LAU,LAU,1999,7,25
LAU,LAU,1999,7,28
LAU,LAU,1999,7,29
LAU,LAU,1999,7,30
LAU,LAU,1999,7,31
LAU,LAU,1999,8,1
LAU,LAU,1999,8,4
LAU,LAU,1999,8,5
LAU,LAU,1999,8,8
LAU,LAU,1999,8,11
LAU,LAU,1999,8,15
LAU,LAU,1999,8,18
LAU,LAU,1999,8,19
LAU,LAU,1999,8,20
LAU,LAU,1999,8,21
LAU,LAU,1999,8,22
LAU,LAU,1999,8,25
LAU,LAU,1999,8,26
LAU,LAU,1999,10,13
LAU,LAU,1999,10,14
LAU,LAU,1999,10,15
LAU,LAU,1999,10,16
LAU,LAU,1999,10,17
LAU,LAU,1999,10,20
LAU,LAU,1999,10,21
LAU,LAU,1999,10,22
LAU,LAU,1999,10,23
LAU,LAU,1999,10,24
LAU,LAU,1999,10,27
LAU,LAU,1999,10,28
LAU,LAU,1999,10,29
LAU,LAU,1999,10,30
LAU,LAU,1999,10,31
LAU,LAU,1999,11,2
LAU,LAU,1999,11,4
LAU,LAU,1999,11,5
LAU,LAU,1999,11,6
LAU,LAU,1999,11,7
LAU,LAU,1999,11,10
LAU,LAU,1999,11,11
LAU,LAU,1999,11,12
LAU,LAU,1999,11,13
LAU,LAU,1999,11,14
LAU,LAU,1999,11,18
LAU,LAU,1999,11,19
LAU,LAU,1999,11,24
LAU,LAU,1999,11,25
LAU,LAU,1999,11,26
LAU,LAU,1999,11,27
LAU,LAU,1999,11,28
LAU,LAU,1999,12,1
LAU,LAU,1999,12,3
LAU,LAU,1999,12,4
LAU,LAU,1999,12,5
LAU,LAU,1999,12,8
LAU,LAU,1999,12,9
LAU,LAU,1999,12,10
LAU,LAU,1999,12,12
LAU,LAU,1999,12,15
LAU,LAU,1999,12,16
LAU,LAU,1999,12,19
LAU,LAU,1999,12,22
LAU,LAU,1999,12,23
LAU,LAU,1999,12,26
LAU,LAU,1999,12,27
LAU,LAU,1999,12,30
LAU,LAU,2000,7,7
LAU,LAU,2000,7,8
LAU,LAU,2000,7,12
LAU,LAU,2000,7,13
LAU,LAU,2000,7,14
LAU,LAU,2000,7,15
LAU,LAU,2000,7,16
LAU,LAU,2000,7,19
LAU,LAU,2000,7,20
LAU,LAU,2000,7,21
LAU,LAU,2000,7,22
LAU,LAU,2000,7,23
LAU,LAU,2000,7,26
LAU,LAU,2000,7,27
LAU,LAU,2000,7,28
LAU,LAU,2000,7,29
LAU,LAU,2000,7,30
LAU,LAU,2000,8,2
LAU,LAU,2000,8,3
LAU,LAU,2000,8,4
LAU,LAU,2000,8,5
LAU,LAU,2000,8,6
LAU,LAU,2000,8,9
LAU,LAU,2000,8,10
LAU,LAU,2000,8,11
LAU,LAU,2000,8,12
LAU,LAU,2000,8,13
LAU,LAU,2000,8,16
LAU,LAU,2000,8,18
LAU,LAU,2000,8,23
LAU,LAU,2000,8,25
LAU,LAU,2000,10,18
LAU,LAU,2000,10,19
LAU,LAU,2000,10,20
LAU,LAU,2000,10,21
LAU,LAU,2000,10,22
LAU,LAU,2000,10,25
LAU,LAU,2000,10,26
LAU,LAU,2000,10,28
LAU,LAU,2000,10,29
LAU,LAU,2000,11,1
LAU,LAU,2000,11,2
LAU,LAU,2000,11,3
LAU,LAU,2000,11,4
LAU,LAU,2000,11,5
LAU,LAU,2000,11,7
LAU,LAU,2000,11,9
LAU,LAU,2000,11,10
LAU,LAU,2000,11,11
LAU,LAU,2000,11,12
LAU,LAU,2000,11,15
LAU,LAU,2000,11,16
LAU,LAU,2000,11,17
LAU,LAU,2000,11,18
LAU,LAU,2000,11,19
LAU,LAU,2000,11,22
LAU,LAU,2000,11,23
LAU,LAU,2000,11,24
LAU,LAU,2000,11,25
LAU,LAU,2000,11,26
LAU,LAU,2000,11,29
LAU,LAU,2000,11,30
LAU,LAU,2000,12,1
LAU,LAU,2000,12,2
LAU,LAU,2000,12,3
LAU,LAU,2000,12,7
LAU,LAU,2000,12,9
LAU,LAU,2000,12,10
LAU,LAU,2000,12,13
LAU,LAU,2000,12,14
LAU,LAU,2000,12,15
LAU,LAU,2000,12,16
LAU,LAU,2000,12,21
LAU,LAU,2000,12,22
LAU,LAU,2000,12,23
LAU,LAU,2000,12,26
LAU,LAU,2000,12,27
LAU,LAU,2000,12,28
LAU,LAU,2000,12,29
LAU,LAU,2000,12,30
LAU,LAU,2000,12,31
LAU,LAU,2001,1,1
LAU,LAU,2001,1,3
LAU,LAU,2001,1,4
LAU,LAU,2001,1,5
LAU,LAU,2001,1,6
LAU,LAU,2001,1,7
LAU,LAU,2001,1,10
LAU,LAU,2001,1,11
LAU,LAU,2001,1,12
LAU,LAU,2001,1,13
LAU,LAU,2001,1,14
LAU,LAU,2001,1,15
LAU,LAU,2001,1,18
LAU,LAU,2001,1,19
LAU,LAU,2001,1,20
LAU,LAU,2001,1,24
LAU,LAU,2001,1,25
LAU,LAU,2001,1,26
LAU,LAU,2001,1,31
LAU,LAU,2001,2,1
LAU,LAU,2001,2,2
LAU,LAU,2001,2,3
LAU,LAU,2001,2,4
LAU,LAU,2001,2,7
LAU,LAU,2001,2,8
LAU,LAU,2001,2,9
LAU,LAU,2001,2,10
LAU,LAU,2001,2,11
LAU,LAU,2001,2,21
LAU,LAU,2001,2,23
LAU,LAU,2001,2,24
LAU,LAU,2001,2,25
LAU,LAU,2001,2,28
LAU,LAU,2001,3,1
LAU,LAU,2001,3,2
LAU,LAU,2001,3,3
LAU,LAU,2001,3,4
LAU,LAU,2001,3,7
LAU,LAU,2001,3,8
LAU,LAU,2001,3,10
LAU,LAU,2001,3,11
LAU,LAU,2001,3,14
LAU,LAU,2001,3,15
LAU,LAU,2001,3,16
LAU,LAU,2001,3,17
LAU,LAU,2001,3,18
LAU,LAU,2001,3,21
LAU,LAU,2001,3,22
LAU,LAU,2001,3,23
LAU,LAU,2001,3,24
LAU,LAU,2001,3,25
LAU,LAU,2001,10,17
LAU,LAU,2001,10,18
LAU,LAU,2001,10,19
LAU,LAU,2001,10,20
LAU,LAU,2001,10,26
LAU,LAU,2001,10,27
LAU,LAU,2001,11,1
LAU,LAU,2001,11,3
LAU,LAU,2001,11,7
LAU,LAU,2001,11,8
LAU,LAU,2001,11,9
LAU,LAU,2001,11,10
LAU,LAU,2001,11,11
LAU,LAU,2001,11,14
LAU,LAU,2001,11,16
LAU,LAU,2001,11,18
LAU,LAU,2001,11,21
LAU,LAU,2001,11,22
LAU,LAU,2001,11,24
LAU,LAU,2001,11,25
LAU,LAU,2001,11,28
LAU,LAU,2001,11,29
LAU,LAU,2001,11,30
LAU,LAU,2001,12,1
LAU,LAU,2001,12,2
LAU,LAU,2001,12,5
LAU,LAU,2001,12,6
LAU,LAU,2001,12,7
LAU,LAU,2001,12,9
LAU,LAU,2001,12,12
LAU,LAU,2001,12,14
LAU,LAU,2001,12,15
LAU,LAU,2001,12,16
LAU,LAU,2001,12,19
LAU,LAU,2001,12,20
LAU,LAU,2001,12,21
LAU,LAU,2001,12,22
LAU,LAU,2001,12,26
LAU,LAU,2001,12,27
LAU,LAU,2001,12,29
LAU,LAU,2001,12,31
LAU,LAU,2002,1,1
LAU,LAU,2002,1,3
LAU,LAU,2002,1,5
LAU,LAU,2002,1,6
LAU,LAU,2002,1,9
LAU,LAU,2002,1,10
LAU,LAU,2002,1,12
LAU,LAU,2002,1,13
LAU,LAU,2002,1,16
LAU,LAU,2002,1,17
LAU,LAU,2002,1,18
LAU,LAU,2002,1,20
LAU,LAU,2002,1,21
LAU,LAU,2002,1,24
LAU,LAU,2002,1,25
LAU,LAU,2002,1,26
LAU,LAU,2002,1,27
LAU,LAU,2002,1,30
LAU,LAU,2002,1,31
LAU,LAU,2002,2,1
LAU,LAU,2002,2,2
LAU,LAU,2002,2,3
LAU,LAU,2002,2,6
LAU,LAU,2002,2,7
LAU,LAU,2002,2,8
LAU,LAU,2002,2,9
LAU,LAU,2002,2,10
LAU,LAU,2002,2,14
LAU,LAU,2002,2,15
LAU,LAU,2002,2,16
LAU,LAU,2002,2,17
LAU,LAU,2002,2,18
LAU,LAU,2002,2,21
LAU,LAU,2002,2,22
LAU,LAU,2002,2,23
LAU,LAU,2002,2,24
LAU,LAU,2002,2,27
LAU,LAU,2002,2,28
LAU,LAU,2002,3,1
LAU,LAU,2002,3,2
LAU,LAU,2002,3,3
LAU,LAU,2002,3,6
LAU,LAU,2002,3,7
LAU,LAU,2002,3,8
LAU,LAU,2002,3,9
LAU,LAU,2002,3,10
LAU,LAU,2002,3,13
LAU,LAU,2002,3,14
LAU,LAU,2002,3,15
LAU,LAU,2002,3,16
LAU,LAU,2002,3,17
LAU,LAU,2002,3,20
LAU,LAU,2002,3,21
LAU,LAU,2002,3,22
LAU,LAU,2002,3,23
LAU,LAU,2002,3,24
LAU,LAU,2002,3,27
LAU,LAU,2002,3,28
LAU,LAU,2002,3,29
LAU,LAU,2002,3,30
LAU,LAU,2002,7,25
LAU,LAU,2002,7,26
LAU,LAU,2002,7,27
LAU,LAU,2002,7,28
LAU,LAU,2002,7,31
LAU,LAU,2002,8,1
LAU,LAU,2002,8,2
LAU,LAU,2002,8,3
LAU,LAU,2002,8,4
LAU,LAU,2002,8,7
LAU,LAU,2002,8,8
LAU,LAU,2002,8,9
LAU,LAU,2002,8,10
LAU,LAU,2002,8,11
LAU,LAU,2002,8,14
LAU,LAU,2002,8,15
LAU,LAU,2002,8,16
LAU,LAU,2002,8,17
LAU,LAU,2002,8,18
LAU,LAU,2002,8,21
LAU,LAU,2002,8,22
LAU,LAU,2002,8,23
LAU,LAU,2002,10,8
LAU,LAU,2002,10,9
LAU,LAU,2002,10,10
LAU,LAU,2002,10,11
LAU,LAU,2002,10,12
LAU,LAU,2002,10,14
LAU,LAU,2002,10,16
LAU,LAU,2002,10,17
LAU,LAU,2002,10,18
LAU,LAU,2002,10,19
LAU,LAU,2002,10,22
LAU,LAU,2002,10,23
LAU,LAU,2002,10,24
LAU,LAU,2002,10,25
LAU,LAU,2002,10,26
LAU,LAU,2002,10,29
LAU,LAU,2002,10,30
LAU,LAU,2002,10,31
LAU,LAU,2002,11,1
LAU,LAU,2002,11,2
LAU,LAU,2002,11,5
LAU,LAU,2002,11,6
LAU,LAU,2002,11,7
LAU,LAU,2002,11,8
LAU,LAU,2002,11,9
LAU,LAU,2002,11,11
LAU,LAU,2002,11,13
LAU,LAU,2002,11,14
LAU,LAU,2002,11,15
LAU,LAU,2002,11,16
LAU,LAU,2002,11,19
LAU,LAU,2002,11,20
LAU,LAU,2002,11,21
LAU,LAU,2002,11,22
LAU,LAU,2002,11,23
LAU,LAU,2002,11,26
LAU,LAU,2002,11,27
LAU,LAU,2002,11,28
LAU,LAU,2002,11,29
LAU,LAU,2002,11,30
LAU,LAU,2002,12,3
LAU,LAU,2002,12,4
LAU,LAU,2002,12,6
LAU,LAU,2002,12,7
LAU,LAU,2002,12,10
LAU,LAU,2002,12,11
LAU,LAU,2002,12,12
LAU,LAU,2002,12,13
LAU,LAU,2002,12,14
LAU,LAU,2002,12,17
LAU,LAU,2002,12,18
LAU,LAU,2002,12,19
LAU,LAU,2002,12,20
LAU,LAU,2002,12,21
LAU,LAU,2002,12,26
LAU,LAU,2002,12,27
LAU,LAU,2002,12,28
LAU,LAU,2002,12,29
LAU,LAU,2002,12,31
LAU,LAU,2003,1,1
LAU,LAU,2003,1,2
LAU,LAU,2003,1,3
LAU,LAU,2003,1,4
LAU,LAU,2003,1,5
LAU,LAU,2003,1,8
LAU,LAU,2003,1,9
LAU,LAU,2003,1,10
LAU,LAU,2003,1,11
LAU,LAU,2003,1,12
LAU,LAU,2003,1,15
LAU,LAU,2003,1,16
LAU,LAU,2003,1,17
LAU,LAU,2003,1,18
LAU,LAU,2003,1,19
LAU,LAU,2003,1,20
LAU,LAU,2003,1,23
LAU,LAU,2003,1,24
LAU,LAU,2003,1,25
LAU,LAU,2003,1,26
LAU,LAU,2003,1,29
LAU,LAU,2003,1,30
LAU,LAU,2003,1,31
LAU,LAU,2003,2,1
LAU,LAU,2003,2,2
LAU,LAU,2003,2,5
LAU,LAU,2003,2,6
LAU,LAU,2003,2,8
LAU,LAU,2003,2,9
LAU,LAU,2003,2,12
LAU,LAU,2003,2,13
LAU,LAU,2003,2,14
LAU,LAU,2003,2,20
LAU,LAU,2003,2,21
LAU,LAU,2003,2,22
LAU,LAU,2003,2,23
LAU,LAU,2003,2,27
LAU,LAU,2003,3,5
LAU,LAU,2003,3,6
LAU,LAU,2003,3,7
LAU,LAU,2003,3,8
LAU,LAU,2003,3,9
LAU,LAU,2003,3,12
LAU,LAU,2003,3,13
LAU,LAU,2003,3,14
LAU,LAU,2003,3,15
LAU,LAU,2003,3,16
LAU,LAU,2003,3,19
LAU,LAU,2003,3,20
LAU,LAU,2003,3,21
LAU,LAU,2003,3,22
LAU,LAU,2003,3,23
LAU,LAU,2003,3,26
LAU,LAU,2003,3,27
LAU,LAU,2003,3,28
LAU,LAU,2003,3,29
LAU,LAU,2003,3,30
LAU,LAU,2003,7,24
LAU,LAU,2003,7,25
LAU,LAU,2003,7,26
LAU,LAU,2003,7,27
LAU,LAU,2003,7,30
LAU,LAU,2003,7,31
LAU,LAU,2003,8,1
LAU,LAU,2003,8,2
LAU,LAU,2003,8,3
LAU,LAU,2003,8,6
LAU,LAU,2003,8,7
LAU,LAU,2003,8,8
LAU,LAU,2003,8,9
LAU,LAU,2003,8,10
LAU,LAU,2003,8,13
LAU,LAU,2003,8,14
LAU,LAU,2003,8,15
LAU,LAU,2003,8,16
LAU,LAU,2003,8,17
LAU,LAU,2003,8,20
LAU,LAU,2003,8,21
LAU,LAU,2003,8,22
LAU,LAU,2003,10,8
LAU,LAU,2003,10,9
LAU,LAU,2003,10,10
LAU,LAU,2003,10,11
LAU,LAU,2003,10,12
LAU,LAU,2003,10,13
LAU,LAU,2003,10,16
LAU,LAU,2003,10,17
LAU,LAU,2003,10,18
LAU,LAU,2003,10,19
LAU,LAU,2003,10,22
LAU,LAU,2003,10,23
LAU,LAU,2003,10,24
LAU,LAU,2003,10,25
LAU,LAU,2003,10,26
LAU,LAU,2003,10,29
LAU,LAU,2003,10,30
LAU,LAU,2003,10,31
LAU,LAU,2003,11,1
LAU,LAU,2003,11,2
LAU,LAU,2003,11,5
LAU,LAU,2003,11,6
LAU,LAU,2003,11,7
LAU,LAU,2003,11,8
LAU,LAU,2003,11,9
LAU,LAU,2003,11,12
LAU,LAU,2003,11,13
LAU,LAU,2003,11,14
LAU,LAU,2003,11,15
LAU,LAU,2003,11,16
LAU,LAU,2003,11,19
LAU,LAU,2003,11,20
LAU,LAU,2003,11,21
LAU,LAU,2003,11,22
LAU,LAU,2003,11,23
LAU,LAU,2003,11,26
LAU,LAU,2003,11,27
LAU,LAU,2003,11,28
LAU,LAU,2003,11,29
LAU,LAU,2003,11,30
LAU,LAU,2003,12,3
LAU,LAU,2003,12,4
LAU,LAU,2003,12,7
LAU,LAU,2003,12,10
LAU,LAU,2003,12,11
LAU,LAU,2003,12,12
LAU,LAU,2003,12,13
LAU,LAU,2003,12,17
LAU,LAU,2003,12,18
LAU,LAU,2003,12,19
LAU,LAU,2003,12,20
LAU,LAU,2003,12,21
LAU,LAU,2003,12,26
LAU,LAU,2003,12,27
LAU,LAU,2003,12,28
LAU,LAU,2003,12,31
LAU,LAU,2004,1,1
LAU,LAU,2004,1,2
LAU,LAU,2004,1,3
LAU,LAU,2004,1,4
LAU,LAU,2004,1,7
LAU,LAU,2004,1,8
LAU,LAU,2004,1,9
LAU,LAU,2004,1,11
LAU,LAU,2004,1,14
LAU,LAU,2004,1,15
LAU,LAU,2004,1,16
LAU,LAU,2004,1,17
LAU,LAU,2004,1,18
LAU,LAU,2004,1,19
LAU,LAU,2004,1,22
LAU,LAU,2004,1,23
LAU,LAU,2004,1,24
LAU,LAU,2004,1,25
LAU,LAU,2004,1,28
LAU,LAU,2004,1,29
LAU,LAU,2004,1,30
LAU,LAU,2004,1,31
LAU,LAU,2004,2,1
LAU,LAU,2004,2,4
LAU,LAU,2004,2,5
LAU,LAU,2004,2,7
LAU,LAU,2004,2,8
LAU,LAU,2004,2,11
LAU,LAU,2004,2,12
LAU,LAU,2004,2,13
LAU,LAU,2004,2,14
LAU,LAU,2004,2,15
LAU,LAU,2004,2,16
LAU,LAU,2004,2,19
LAU,LAU,2004,2,20
LAU,LAU,2004,2,21
LAU,LAU,2004,2,22
LAU,LAU,2004,2,25
LAU,LAU,2004,2,26
LAU,LAU,2004,2,27
LAU,LAU,2004,2,28
LAU,LAU,2004,2,29
LAU,LAU,2004,3,3
LAU,LAU,2004,3,4
LAU,LAU,2004,3,5
LAU,LAU,2004,3,6
LAU,LAU,2004,3,7
LAU,LAU,2004,3,10
LAU,LAU,2004,3,11
LAU,LAU,2004,3,12
LAU,LAU,2004,3,13
LAU,LAU,2004,3,14
LAU,LAU,2004,3,17
LAU,LAU,2004,3,18
LAU,LAU,2004,3,19
LAU,LAU,2004,3,20
LAU,LAU,2004,3,21
LAU,LAU,2004,3,24
LAU,LAU,2004,3,25
LAU,LAU,2004,3,26
LAU,LAU,2004,3,27
LAU,LAU,2004,3,28
LAU,LAU,2005,1,26
LAU,LAU,2005,1,27
LAU,LAU,2005,1,28
LAU,LAU,2005,1,29
LAU,LAU,2005,2,2
LAU,LAU,2005,2,3
LAU,LAU,2005,2,4
LAU,LAU,2005,2,5
LAU,LAU,2005,2,6
LAU,LAU,2005,2,9
LAU,LAU,2005,2,10
LAU,LAU,2005,2,11
LAU,LAU,2005,2,12
LAU,LAU,2005,2,13
LAU,LAU,2005,2,16
LAU,LAU,2005,2,17
LAU,LAU,2005,2,18
LAU,LAU,2005,2,19
LAU,LAU,2005,2,20
LAU,LAU,2005,2,21
LAU,LAU,2005,2,25
LAU,LAU,2005,2,26
LAU,LAU,2005,2,27
LAU,LAU,2005,3,2
LAU,LAU,2005,3,3
LAU,LAU,2005,3,4
LAU,LAU,2005,3,5
LAU,LAU,2005,3,6
LAU,LAU,2005,3,9
LAU,LAU,2005,3,10
LAU,LAU,2005,3,11
LAU,LAU,2005,3,12
LAU,LAU,2005,3,13
LAU,LAU,2005,3,16
LAU,LAU,2005,3,17
LAU,LAU,2005,3,18
LAU,LAU,2005,3,19
LAU,LAU,2005,3,20
LAU,LAU,2005,3,23
LAU,LAU,2005,3,24
LAU,LAU,2005,3,25
LAU,LAU,2005,3,26
LAU,LAU,2005,3,30
LAU,LAU,2005,3,31
LAU,LAU,2005,4,1
LAU,LAU,2005,4,2
LAU,LAU,2005,4,3
LAU,LAU,2005,4,6
LAU,LAU,2005,4,7
LAU,LAU,2005,4,8
LAU,LAU,2005,4,9
LAU,LAU,2005,4,10
LAU,LAU,2005,4,13
LAU,LAU,2005,4,14
LAU,LAU,2005,4,15
LAU,LAU,2005,4,16
LAU,LAU,2005,4,17
LAU,LAU,2005,9,7
LAU,LAU,2005,9,8
LAU,LAU,2005,9,9
LAU,LAU,2005,9,10
LAU,LAU,2005,9,14
LAU,LAU,2005,9,15
LAU,LAU,2005,9,16
LAU,LAU,2005,9,17
LAU,LAU,2005,9,21
LAU,LAU,2005,9,22
LAU,LAU,2005,9,23
LAU,LAU,2005,9,24
LAU,LAU,2005,9,28
LAU,LAU,2005,9,29
LAU,LAU,2005,9,30
LAU,LAU,2005,10,1
LAU,LAU,2005,10,5
LAU,LAU,2005,10,6
LAU,LAU,2005,10,7
LAU,LAU,2005,10,9
LAU,LAU,2005,10,10
LAU,LAU,2005,10,13
LAU,LAU,2005,10,14
LAU,LAU,2005,10,15
LAU,LAU,2005,10,16
LAU,LAU,2005,10,19
LAU,LAU,2005,10,20
LAU,LAU,2005,10,21
LAU,LAU,2005,10,22
LAU,LAU,2005,10,23
LAU,LAU,2005,10,26
LAU,LAU,2005,10,27
LAU,LAU,2005,10,28
LAU,LAU,2005,10,29
LAU,LAU,2005,10,30
LAU,LAU,2005,11,2
LAU,LAU,2005,11,3
LAU,LAU,2005,11,4
LAU,LAU,2005,11,5
LAU,LAU,2005,11,6
LAU,LAU,2005,11,9
LAU,LAU,2005,11,10
LAU,LAU,2005,11,11
LAU,LAU,2005,11,12
LAU,LAU,2005,11,13
LAU,LAU,2005,11,16
LAU,LAU,2005,11,17
LAU,LAU,2005,11,18
LAU,LAU,2005,11,19
LAU,LAU,2005,11,20
LAU,LAU,2005,11,23
LAU,LAU,2005,11,24
LAU,LAU,2005,11,25
LAU,LAU,2005,11,26
LAU,LAU,2005,11,27
LAU,LAU,2005,11,30
LAU,LAU,2005,12,1
LAU,LAU,2005,12,2
LAU,LAU,2005,12,3
LAU,LAU,2005,12,4
LAU,LAU,2005,12,7
LAU,LAU,2005,12,8
LAU,LAU,2005,12,9
LAU,LAU,2005,12,10
LAU,LAU,2005,12,11
LAU,LAU,2005,12,14
LAU,LAU,2005,12,15
LAU,LAU,2005,12,16
LAU,LAU,2005,12,17
LAU,LAU,2005,12,18
LAU,LAU,2005,12,21
LAU,LAU,2005,12,22
LAU,LAU,2005,12,23
LAU,LAU,2005,12,26
LAU,LAU,2005,12,29
LAU,LAU,2005,12,30
LAU,LAU,2005,12,31
LAU,LAU,2006,1,1
LAU,LAU,2006,1,2
LAU,LAU,2006,1,5
LAU,LAU,2006,1,6
LAU,LAU,2006,1,7
LAU,LAU,2006,1,8
LAU,LAU,2006,1,11
LAU,LAU,2006,1,12
LAU,LAU,2006,1,13
LAU,LAU,2006,1,14
LAU,LAU,2006,1,15
LAU,LAU,2006,1,16
LAU,LAU,2006,1,19
LAU,LAU,2006,1,20
LAU,LAU,2006,1,21
LAU,LAU,2006,1,22
LAU,LAU,2006,1,25
LAU,LAU,2006,1,26
LAU,LAU,2006,1,27
LAU,LAU,2006,1,28
LAU,LAU,2006,1,29
LAU,LAU,2006,2,1
LAU,LAU,2006,2,2
LAU,LAU,2006,2,3
LAU,LAU,2006,2,4
LAU,LAU,2006,2,8
LAU,LAU,2006,2,9
LAU,LAU,2006,2,10
LAU,LAU,2006,2,11
LAU,LAU,2006,2,15
LAU,LAU,2006,2,16
LAU,LAU,2006,2,17
LAU,LAU,2006,2,18
LAU,LAU,2006,2,19
LAU,LAU,2006,2,20
LAU,LAU,2006,2,23
LAU,LAU,2006,2,24
LAU,LAU,2006,2,25
LAU,LAU,2006,2,26
LAU,LAU,2006,3,1
LAU,LAU,2006,3,2
LAU,LAU,2006,3,3
LAU,LAU,2006,3,4
LAU,LAU,2006,3,5
LAU,LAU,2006,3,8
LAU,LAU,2006,3,9
LAU,LAU,2006,3,10
LAU,LAU,2006,3,11
LAU,LAU,2006,3,12
LAU,LAU,2006,3,15
LAU,LAU,2006,3,16
LAU,LAU,2006,3,17
LAU,LAU,2006,3,18
LAU,LAU,2006,3,19
LAU,LAU,2006,3,22
LAU,LAU,2006,3,23
LAU,LAU,2006,3,24
LAU,LAU,2006,3,25
LAU,LAU,2006,3,26
LAU,LAU,2006,3,29
LAU,LAU,2006,3,30
LAU,LAU,2006,3,31
LAU,LAU,2006,4,1
LAU,LAU,2006,4,2
LAU,LAU,2006,4,5
LAU,LAU,2006,4,6
LAU,LAU,2006,4,7
LAU,LAU,2006,4,8
LAU,LAU,2006,4,9
LAU,LAU,2006,4,12
LAU,LAU,2006,4,13
LAU,LAU,2006,4,14
LAU,LAU,2006,4,15
LAU,LAU,2006,8,16
LAU,LAU,2006,8,17
LAU,LAU,2006,8,18
LAU,LAU,2006,8,19
LAU,LAU,2006,8,20
LAU,LAU,2006,8,23
LAU,LAU,2006,8,24
LAU,LAU,2006,8,25
LAU,LAU,2006,9,6
LAU,LAU,2006,9,7
LAU,LAU,2006,9,8
LAU,LAU,2006,9,9
LAU,LAU,2006,9,13
LAU,LAU,2006,9,14
LAU,LAU,2006,9,15
LAU,LAU,2006,9,16
LAU,LAU,2006,9,20
LAU,LAU,2006,9,21
LAU,LAU,2006,9,22
LAU,LAU,2006,9,23
LAU,LAU,2006,9,27
LAU,LAU,2006,9,28
LAU,LAU,2006,9,29
LAU,LAU,2006,9,30
LAU,LAU,2006,10,4
LAU,LAU,2006,10,5
LAU,LAU,2006,10,6
LAU,LAU,2006,10,7
LAU,LAU,2006,10,9
LAU,LAU,2006,10,11
LAU,LAU,2006,10,12
LAU,LAU,2006,10,13
LAU,LAU,2006,10,14
LAU,LAU,2006,10,18
LAU,LAU,2006,10,19
LAU,LAU,2006,10,20
LAU,LAU,2006,10,21
LAU,LAU,2006,10,25
LAU,LAU,2006,10,26
LAU,LAU,2006,10,27
LAU,LAU,2006,10,28
LAU,LAU,2006,11,1
LAU,LAU,2006,11,2
LAU,LAU,2006,11,3
LAU,LAU,2006,11,4
LAU,LAU,2006,11,8
LAU,LAU,2006,11,9
LAU,LAU,2006,11,10
LAU,LAU,2006,11,11
LAU,LAU,2006,11,15
LAU,LAU,2006,11,16
LAU,LAU,2006,11,17
LAU,LAU,2006,11,18
LAU,LAU,2006,11,22
LAU,LAU,2006,11,23
LAU,LAU,2006,11,24
LAU,LAU,2006,11,25
LAU,LAU,2006,11,26
LAU,LAU,2006,11,29
LAU,LAU,2006,11,30
LAU,LAU,2006,12,1
LAU,LAU,2006,12,2
LAU,LAU,2006,12,3
LAU,LAU,2006,12,6
LAU,LAU,2006,12,7
LAU,LAU,2006,12,8
LAU,LAU,2006,12,9
LAU,LAU,2006,12,10
LAU,LAU,2006,12,13
LAU,LAU,2006,12,14
LAU,LAU,2006,12,15
LAU,LAU,2006,12,16
LAU,LAU,2006,12,17
LAU,LAU,2006,12,20
LAU,LAU,2006,12,21
LAU,LAU,2006,12,22
LAU,LAU,2006,12,23
LAU,LAU,2006,12,27
LAU,LAU,2006,12,28
LAU,LAU,2006,12,29
LAU,LAU,2006,12,30
LAU,LAU,2007,1,1
LAU,LAU,2007,1,3
LAU,LAU,2007,1,4
LAU,LAU,2007,1,5
LAU,LAU,2007,1,6
LAU,LAU,2007,1,7
LAU,LAU,2007,1,10
LAU,LAU,2007,1,11
LAU,LAU,2007,1,12
LAU,LAU,2007,1,13
LAU,LAU,2007,1,14
LAU,LAU,2007,1,17
LAU,LAU,2007,1,18
LAU,LAU,2007,1,19
LAU,LAU,2007,1,20
LAU,LAU,2007,1,21
LAU,LAU,2007,1,24
LAU,LAU,2007,1,25
LAU,LAU,2007,1,26
LAU,LAU,2007,1,27
LAU,LAU,2007,1,28
LAU,LAU,2007,1,31
LAU,LAU,2007,2,1
LAU,LAU,2007,2,2
LAU,LAU,2007,2,3
LAU,LAU,2007,2,4
LAU,LAU,2007,2,7
LAU,LAU,2007,2,8
LAU,LAU,2007,2,9
LAU,LAU,2007,2,10
LAU,LAU,2007,2,11
LAU,LAU,2007,2,15
LAU,LAU,2007,2,16
LAU,LAU,2007,2,17
LAU,LAU,2007,2,18
LAU,LAU,2007,2,19
LAU,LAU,2007,2,22
LAU,LAU,2007,2,23
LAU,LAU,2007,2,24
LAU,LAU,2007,2,28
LAU,LAU,2007,3,1
LAU,LAU,2007,3,2
LAU,LAU,2007,3,3
LAU,LAU,2007,3,4
LAU,LAU,2007,3,8
LAU,LAU,2007,3,9
LAU,LAU,2007,3,10
LAU,LAU,2007,3,11
LAU,LAU,2007,3,14
LAU,LAU,2007,3,15
LAU,LAU,2007,3,16
LAU,LAU,2007,3,17
LAU,LAU,2007,3,18
LAU,LAU,2007,3,21
LAU,LAU,2007,3,22
LAU,LAU,2007,3,23
LAU,LAU,2007,3,24
LAU,LAU,2007,3,25
LAU,LAU,2007,3,28
LAU,LAU,2007,3,29
LAU,LAU,2007,3,30
LAU,LAU,2007,3,31
LAU,LAU,2007,4,1
LAU,LAU,2007,4,4
LAU,LAU,2007,4,5
LAU,LAU,2007,4,6
LAU,LAU,2007,4,7
LAU,LAU,2007,4,11
LAU,LAU,2007,4,12
LAU,LAU,2007,4,13
LAU,LAU,2007,4,14
LAU,LAU,2007,8,10
LAU,LAU,2007,8,11
LAU,LAU,2007,8,12
LAU,LAU,2007,8,15
LAU,LAU,2007,8,16
LAU,LAU,2007,8,17
LAU,LAU,2007,8,18
LAU,LAU,2007,8,19
LAU,LAU,2007,8,22
LAU,LAU,2007,8,23
LAU,LAU,2007,9,5
LAU,LAU,2007,9,6
LAU,LAU,2007,9,7
LAU,LAU,2007,9,8
LAU,LAU,2007,9,12
LAU,LAU,2007,9,13
LAU,LAU,2007,9,14
LAU,LAU,2007,9,15
LAU,LAU,2007,9,19
LAU,LAU,2007,9,20
LAU,LAU,2007,9,21
LAU,LAU,2007,9,22
LAU,LAU,2007,9,26
LAU,LAU,2007,9,27
LAU,LAU,2007,9,28
LAU,LAU,2007,9,29
LAU,LAU,2007,10,3
LAU,LAU,2007,10,4
LAU,LAU,2007,10,5
LAU,LAU,2007,10,6
LAU,LAU,2007,10,8
LAU,LAU,2007,10,11
LAU,LAU,2007,10,12
LAU,LAU,2007,10,13
LAU,LAU,2007,10,17
LAU,LAU,2007,10,18
LAU,LAU,2007,10,19
LAU,LAU,2007,10,20
LAU,LAU,2007,10,24
LAU,LAU,2007,10,25
LAU,LAU,2007,10,26
LAU,LAU,2007,10,27
LAU,LAU,2007,10,31
LAU,LAU,2007,11,1
LAU,LAU,2007,11,3
LAU,LAU,2007,11,7
LAU,LAU,2007,11,8
LAU,LAU,2007,11,9
LAU,LAU,2007,11,10
LAU,LAU,2007,11,14
LAU,LAU,2007,11,15
LAU,LAU,2007,11,16
LAU,LAU,2007,11,17
LAU,LAU,2007,11,22
LAU,LAU,2007,11,23
LAU,LAU,2007,11,29
LAU,LAU,2007,11,30
LAU,LAU,2007,12,6
LAU,LAU,2007,12,7
LAU,LAU,2007,12,13
LAU,LAU,2007,12,14
LAU,LAU,2007,12,20
LAU,LAU,2007,12,21
LAU,LAU,2007,12,22
LAU,LAU,2007,12,26
LAU,LAU,2007,12,27
LAU,LAU,2007,12,28
LAU,LAU,2007,12,29
LAU,LAU,2008,1,1
LAU,LAU,2008,1,2
LAU,LAU,2008,1,3
LAU,LAU,2008,1,4
LAU,LAU,2008,1,5
LAU,LAU,2008,1,9
LAU,LAU,2008,1,10
LAU,LAU,2008,1,11
LAU,LAU,2008,1,12
LAU,LAU,2008,1,17
LAU,LAU,2008,1,18
LAU,LAU,2008,1,19
LAU,LAU,2008,1,21
LAU,LAU,2008,1,23
LAU,LAU,2008,1,24
LAU,LAU,2008,1,25
LAU,LAU,2008,1,26
LAU,LAU,2008,1,30
LAU,LAU,2008,1,31
LAU,LAU,2008,2,1
LAU,LAU,2008,2,2
LAU,LAU,2008,2,6
LAU,LAU,2008,2,7
LAU,LAU,2008,2,8
LAU,LAU,2008,2,9
LAU,LAU,2008,2,14
LAU,LAU,2008,2,15
LAU,LAU,2008,2,16
LAU,LAU,2008,2,18
LAU,LAU,2008,2,20
LAU,LAU,2008,2,21
LAU,LAU,2008,2,23
LAU,LAU,2008,2,28
LAU,LAU,2008,2,29
LAU,LAU,2008,3,1
LAU,LAU,2008,3,2
LAU,LAU,2008,3,6
LAU,LAU,2008,3,7
LAU,LAU,2008,3,8
LAU,LAU,2008,3,9
LAU,LAU,2008,3,13
LAU,LAU,2008,3,14
LAU,LAU,2008,3,15
LAU,LAU,2008,3,16
LAU,LAU,2008,3,20
LAU,LAU,2008,3,21
LAU,LAU,2008,3,22
LAU,LAU,2008,3,27
LAU,LAU,2008,3,28
LAU,LAU,2008,3,29
LAU,LAU,2008,3,30
LAU,LAU,2008,4,3
LAU,LAU,2008,4,4
LAU,LAU,2008,4,5
LAU,LAU,2008,4,6
LAU,LAU,2008,4,10
LAU,LAU,2008,4,11
LAU,LAU,2008,4,12
LAU,LAU,2008,4,13
LAU,LAU,2008,8,8
LAU,LAU,2008,8,9
LAU,LAU,2008,8,10
LAU,LAU,2008,8,13
LAU,LAU,2008,8,14
LAU,LAU,2008,8,15
LAU,LAU,2008,8,16
LAU,LAU,2008,8,17
LAU,LAU,2008,8,20
LAU,LAU,2008,8,21
LAU,LAU,2008,9,4
LAU,LAU,2008,9,5
LAU,LAU,2008,9,6
LAU,LAU,2008,9,10
LAU,LAU,2008,9,11
LAU,LAU,2008,9,12
LAU,LAU,2008,9,13
LAU,LAU,2008,9,17
LAU,LAU,2008,9,18
LAU,LAU,2008,9,19
LAU,LAU,2008,9,20
LAU,LAU,2008,9,24
LAU,LAU,2008,9,25
LAU,LAU,2008,9,26
LAU,LAU,2008,9,27
LAU,LAU,2008,10,1
LAU,LAU,2008,10,2
LAU,LAU,2008,10,3
LAU,LAU,2008,10,4
LAU,LAU,2008,10,9
LAU,LAU,2008,10,10
LAU,LAU,2008,10,11
LAU,LAU,2008,10,13
LAU,LAU,2008,10,15
LAU,LAU,2008,10,16
LAU,LAU,2008,10,17
LAU,LAU,2008,10,18
LAU,LAU,2008,10,22
LAU,LAU,2008,10,23
LAU,LAU,2008,10,24
LAU,LAU,2008,10,25
LAU,LAU,2008,10,29
LAU,LAU,2008,10,30
LAU,LAU,2008,10,31
LAU,LAU,2008,11,1
LAU,LAU,2008,11,5
LAU,LAU,2008,11,6
LAU,LAU,2008,11,7
LAU,LAU,2008,11,8
LAU,LAU,2008,11,12
LAU,LAU,2008,11,13
LAU,LAU,2008,11,14
LAU,LAU,2008,11,15
LAU,LAU,2008,11,19
LAU,LAU,2008,11,20
LAU,LAU,2008,11,21
LAU,LAU,2008,11,22
LAU,LAU,2008,11,26
LAU,LAU,2008,11,27
LAU,LAU,2008,11,28
LAU,LAU,2008,11,29
LAU,LAU,2008,12,3
LAU,LAU,2008,12,4
LAU,LAU,2008,12,5
LAU,LAU,2008,12,6
LAU,LAU,2008,12,10
LAU,LAU,2008,12,11
LAU,LAU,2008,12,12
LAU,LAU,2008,12,13
LAU,LAU,2008,12,17
LAU,LAU,2008,12,18
LAU,LAU,2008,12,19
LAU,LAU,2008,12,20
LAU,LAU,2008,12,26
LAU,LAU,2008,12,27
LAU,LAU,2009,1,1
LAU,LAU,2009,1,2
LAU,LAU,2009,1,3
LAU,LAU,2009,1,7
LAU,LAU,2009,1,8
LAU,LAU,2009,1,9
LAU,LAU,2009,1,10
LAU,LAU,2009,1,15
LAU,LAU,2009,1,16
LAU,LAU,2009,1,17
LAU,LAU,2009,1,19
LAU,LAU,2009,1,21
LAU,LAU,2009,1,22
LAU,LAU,2009,1,23
LAU,LAU,2009,1,24
LAU,LAU,2009,1,29
LAU,LAU,2009,1,30
LAU,LAU,2009,1,31
LAU,LAU,2009,2,4
LAU,LAU,2009,2,5
LAU,LAU,2009,2,6
LAU,LAU,2009,2,7
LAU,LAU,2009,2,12
LAU,LAU,2009,2,13
LAU,LAU,2009,2,14
LAU,LAU,2009,2,16
LAU,LAU,2009,2,18
LAU,LAU,2009,2,19
LAU,LAU,2009,2,20
LAU,LAU,2009,2,21
LAU,LAU,2009,2,25
LAU,LAU,2009,2,26
LAU,LAU,2009,2,27
LAU,LAU,2009,2,28
LAU,LAU,2009,3,4
LAU,LAU,2009,3,5
LAU,LAU,2009,3,6
LAU,LAU,2009,3,7
LAU,LAU,2009,3,11
LAU,LAU,2009,3,12
LAU,LAU,2009,3,13
LAU,LAU,2009,3,14
LAU,LAU,2009,3,18
LAU,LAU,2009,3,19
LAU,LAU,2009,3,20
LAU,LAU,2009,3,21
LAU,LAU,2009,3,25
LAU,LAU,2009,3,26
LAU,LAU,2009,3,27
LAU,LAU,2009,3,28
LAU,LAU,2009,4,1
LAU,LAU,2009,4,2
LAU,LAU,2009,4,3
LAU,LAU,2009,4,4
LAU,LAU,2009,4,8
LAU,LAU,2009,4,9
LAU,LAU,2009,4,10
LAU,LAU,2009,4,11
LAU,LAU,2009,8,1
LAU,LAU,2009,8,2
LAU,LAU,2009,8,7
LAU,LAU,2009,8,8
LAU,LAU,2009,8,9
LAU,LAU,2009,8,14
LAU,LAU,2009,8,15
LAU,LAU,2009,8,16
LAU,LAU,2009,8,21
LAU,LAU,2009,8,22
LAU,LAU,2009,8,23
LAU,LAU,2009,9,12
LAU,LAU,2009,9,16
LAU,LAU,2009,9,17
LAU,LAU,2009,9,18
LAU,LAU,2009,9,19
LAU,LAU,2009,9,23
LAU,LAU,2009,9,24
LAU,LAU,2009,9,25
LAU,LAU,2009,9,26
LAU,LAU,2009,9,30
LAU,LAU,2009,10,1
LAU,LAU,2009,10,2
LAU,LAU,2009,10,3
LAU,LAU,2009,10,8
LAU,LAU,2009,10,9
LAU,LAU,2009,10,10
LAU,LAU,2009,10,12
LAU,LAU,2009,10,14
LAU,LAU,2009,10,15
LAU,LAU,2009,10,16
LAU,LAU,2009,10,17
LAU,LAU,2009,10,21
LAU,LAU,2009,10,22
LAU,LAU,2009,10,23
LAU,LAU,2009,10,24
LAU,LAU,2009,10,28
LAU,LAU,2009,10,29
LAU,LAU,2009,10,30
LAU,LAU,2009,10,31
LAU,LAU,2009,11,4
LAU,LAU,2009,11,5
LAU,LAU,2009,11,6
LAU,LAU,2009,11,7
LAU,LAU,2009,11,11
LAU,LAU,2009,11,12
LAU,LAU,2009,11,13
LAU,LAU,2009,11,14
LAU,LAU,2009,11,18
LAU,LAU,2009,11,19
LAU,LAU,2009,11,20
LAU,LAU,2009,11,21
LAU,LAU,2009,11,25
LAU,LAU,2009,11,26
LAU,LAU,2009,11,27
LAU,LAU,2009,11,28
LAU,LAU,2009,12,2
LAU,LAU,2009,12,3
LAU,LAU,2009,12,4
LAU,LAU,2009,12,5
LAU,LAU,2009,12,9
LAU,LAU,2009,12,10
LAU,LAU,2009,12,11
LAU,LAU,2009,12,12
LAU,LAU,2009,12,16
LAU,LAU,2009,12,17
LAU,LAU,2009,12,18
LAU,LAU,2010,1,23
LAU,LAU,2010,1,27
LAU,LAU,2010,1,28
LAU,LAU,2010,1,29
LAU,LAU,2010,2,3
LAU,LAU,2010,2,4
LAU,LAU,2010,2,13
LAU,LAU,2010,2,15
LAU,LAU,2010,2,18
LAU,LAU,2010,2,19
LAU,LAU,2010,2,20
LAU,LAU,2010,2,24
LAU,LAU,2010,2,25
LAU,LAU,2010,2,27
LAU,LAU,2010,3,3
LAU,LAU,2010,3,4
LAU,LAU,2010,3,5
LAU,LAU,2010,3,6
LAU,LAU,2010,3,10
LAU,LAU,2010,3,11
LAU,LAU,2010,3,12
LAU,LAU,2010,3,13
LAU,LAU,2010,3,17
LAU,LAU,2010,3,18
LAU,LAU,2010,3,19
LAU,LAU,2010,3,20
LAU,LAU,2010,3,24
LAU,LAU,2010,3,25
LAU,LAU,2010,3,26
LAU,LAU,2010,3,27
LAU,LAU,2010,3,31
LAU,LAU,2010,4,1
LAU,LAU,2010,4,2
LAU,LAU,2010,4,3
LAU,LAU,2010,4,7
LAU,LAU,2010,4,8
LAU,LAU,2010,4,9
LAU,LAU,2010,4,10
LAU,LAU,2010,7,31
LAU,LAU,2010,8,1
LAU,LAU,2010,8,6
LAU,LAU,2010,8,7
LAU,LAU,2010,8,8
LAU,LAU,2010,8,13
LAU,LAU,2010,8,14
LAU,LAU,2010,8,15
LAU,LAU,2010,8,20
LAU,LAU,2010,8,21
LAU,LAU,2010,8,22
LAU,LAU,2010,9,11
LAU,LAU,2010,9,15
LAU,LAU,2010,9,16
LAU,LAU,2010,9,17
LAU,LAU,2010,9,18
LAU,LAU,2010,9,22
LAU,LAU,2010,9,23
LAU,LAU,2010,9,24
LAU,LAU,2010,9,25
LAU,LAU,2010,9,29
LAU,LAU,2010,9,30
LAU,LAU,2010,10,1
LAU,LAU,2010,10,2
LAU,LAU,2010,10,6
LAU,LAU,2010,10,7
LAU,LAU,2010,10,8
LAU,LAU,2010,10,9
LAU,LAU,2010,10,11
LAU,LAU,2010,10,14
LAU,LAU,2010,10,15
LAU,LAU,2010,10,16
LAU,LAU,2010,10,20
LAU,LAU,2010,10,21
LAU,LAU,2010,10,22
LAU,LAU,2010,10,23
LAU,LAU,2010,10,27
LAU,LAU,2010,10,28
LAU,LAU,2010,10,29
LAU,LAU,2010,10,30
LAU,LAU,2010,11,3
LAU,LAU,2010,11,4
LAU,LAU,2010,11,5
LAU,LAU,2010,11,6
LAU,LAU,2010,11,10
LAU,LAU,2010,11,11
LAU,LAU,2010,11,12
LAU,LAU,2010,11,13
LAU,LAU,2010,11,17
LAU,LAU,2010,11,18
LAU,LAU,2010,11,19
LAU,LAU,2010,11,20
LAU,LAU,2010,11,24
LAU,LAU,2010,11,25
LAU,LAU,2010,11,26
LAU,LAU,2010,11,27
LAU,LAU,2010,12,1
LAU,LAU,2010,12,2
LAU,LAU,2010,12,3
LAU,LAU,2010,12,4
LAU,LAU,2010,12,8
LAU,LAU,2010,12,9
LAU,LAU,2010,12,10
LAU,LAU,2010,12,11
LAU,LAU,2010,12,15
LAU,LAU,2010,12,16
LAU,LAU,2010,12,17
LAU,LAU,2010,12,18
LAU,LAU,2011,1,1
LAU,LAU,2011,1,5
LAU,LAU,2011,1,6
LAU,LAU,2011,1,7
LAU,LAU,2011,1,8
LAU,LAU,2011,1,12
LAU,LAU,2011,1,13
LAU,LAU,2011,1,14
LAU,LAU,2011,1,15
LAU,LAU,2011,1,17
LAU,LAU,2011,1,20
LAU,LAU,2011,1,21
LAU,LAU,2011,1,22
LAU,LAU,2011,1,28
LAU,LAU,2011,1,29
LAU,LAU,2011,2,2
LAU,LAU,2011,2,3
LAU,LAU,2011,2,4
LAU,LAU,2011,2,5
LAU,LAU,2011,2,9
LAU,LAU,2011,2,10
LAU,LAU,2011,2,11
LAU,LAU,2011,2,12
LAU,LAU,2011,2,16
LAU,LAU,2011,2,17
LAU,LAU,2011,2,18
LAU,LAU,2011,2,19
LAU,LAU,2011,2,21
LAU,LAU,2011,2,24
LAU,LAU,2011,2,25
LAU,LAU,2011,2,26
LAU,LAU,2011,3,2
LAU,LAU,2011,3,3
LAU,LAU,2011,3,4
LAU,LAU,2011,3,5
LAU,LAU,2011,3,9
LAU,LAU,2011,3,10
LAU,LAU,2011,3,11
LAU,LAU,2011,3,12
LAU,LAU,2011,3,16
LAU,LAU,2011,3,17
LAU,LAU,2011,3,18
LAU,LAU,2011,3,19
LAU,LAU,2011,3,23
LAU,LAU,2011,3,24
LAU,LAU,2011,3,25
LAU,LAU,2011,3,26
LAU,LAU,2011,9,9
LAU,LAU,2011,9,10
LAU,LAU,2011,9,14
LAU,LAU,2011,9,15
LAU,LAU,2011,9,16
LAU,LAU,2011,9,17
LAU,LAU,2011,9,21
LAU,LAU,2011,9,22
LAU,LAU,2011,9,23
LAU,LAU,2011,9,24
LAU,LAU,2011,9,28
LAU,LAU,2011,9,29
LAU,LAU,2011,9,30
LAU,LAU,2011,10,1
LAU,LAU,2011,10,5
LAU,LAU,2011,10,6
LAU,LAU,2011,10,7
LAU,LAU,2011,10,8
LAU,LAU,2011,10,10
LAU,LAU,2011,10,11
LAU,LAU,2011,10,13
LAU,LAU,2011,10,14
LAU,LAU,2011,10,15
LAU,LAU,2011,10,18
LAU,LAU,2011,10,19
LAU,LAU,2011,10,20
LAU,LAU,2011,10,21
LAU,LAU,2011,10,22
LAU,LAU,2011,10,25
LAU,LAU,2011,10,26
LAU,LAU,2011,10,27
LAU,LAU,2011,10,28
LAU,LAU,2011,10,29
LAU,LAU,2011,11,1
LAU,LAU,2011,11,2
LAU,LAU,2011,11,3
LAU,LAU,2011,11,4
LAU,LAU,2011,11,5
LAU,LAU,2011,11,8
LAU,LAU,2011,11,9
LAU,LAU,2011,11,10
LAU,LAU,2011,11,11
LAU,LAU,2011,11,12
LAU,LAU,2011,11,15
LAU,LAU,2011,11,16
LAU,LAU,2011,11,17
LAU,LAU,2011,11,18
LAU,LAU,2011,11,19
LAU,LAU,2011,11,22
LAU,LAU,2011,11,23
LAU,LAU,2011,11,24
LAU,LAU,2011,11,25
LAU,LAU,2011,11,26
LAU,LAU,2011,11,29
LAU,LAU,2011,11,30
LAU,LAU,2011,12,1
LAU,LAU,2011,12,2
LAU,LAU,2011,12,3
LAU,LAU,2011,12,6
LAU,LAU,2011,12,7
LAU,LAU,2011,12,8
LAU,LAU,2011,12,9
LAU,LAU,2011,12,10
LAU,LAU,2011,12,13
LAU,LAU,2011,12,14
LAU,LAU,2011,12,15
LAU,LAU,2011,12,16
LAU,LAU,2011,12,17
LAU,LAU,2012,1,4
LAU,LAU,2012,1,5
LAU,LAU,2012,1,6
LAU,LAU,2012,1,7
LAU,LAU,2012,1,11
LAU,LAU,2012,1,12
LAU,LAU,2012,1,13
LAU,LAU,2012,1,14
LAU,LAU,2012,1,16
LAU,LAU,2012,1,19
LAU,LAU,2012,1,20
LAU,LAU,2012,1,21
LAU,LAU,2012,1,25
LAU,LAU,2012,1,26
LAU,LAU,2012,1,27
LAU,LAU,2012,1,28
LAU,LAU,2012,2,1
LAU,LAU,2012,2,2
LAU,LAU,2012,2,3
LAU,LAU,2012,2,4
LAU,LAU,2012,2,8
LAU,LAU,2012,2,9
LAU,LAU,2012,2,10
LAU,LAU,2012,2,11
LAU,LAU,2012,2,15
LAU,LAU,2012,2,16
LAU,LAU,2012,2,17
LAU,LAU,2012,2,18
LAU,LAU,2012,2,20
LAU,LAU,2012,2,23
LAU,LAU,2012,2,24
LAU,LAU,2012,2,25
LAU,LAU,2012,2,29
LAU,LAU,2012,3,1
LAU,LAU,2012,3,2
LAU,LAU,2012,3,3
LAU,LAU,2012,3,7
LAU,LAU,2012,3,8
LAU,LAU,2012,3,9
LAU,LAU,2012,3,10
LAU,LAU,2012,3,14
LAU,LAU,2012,3,15
LAU,LAU,2012,3,16
LAU,LAU,2012,3,17
LAU,LAU,2012,3,21
LAU,LAU,2012,3,22
LAU,LAU,2012,3,23
LAU,LAU,2012,3,24
LAU,LAU,2012,9,5
LAU,LAU,2012,9,6
LAU,LAU,2012,9,7
LAU,LAU,2012,9,8
LAU,LAU,2012,9,12
LAU,LAU,2012,9,13
LAU,LAU,2012,9,14
LAU,LAU,2012,9,15
LAU,LAU,2012,9,19
LAU,LAU,2012,9,20
LAU,LAU,2012,9,21
LAU,LAU,2012,9,22
LAU,LAU,2012,9,26
LAU,LAU,2012,9,27
LAU,LAU,2012,9,28
LAU,LAU,2012,9,29
LAU,LAU,2012,10,3
LAU,LAU,2012,10,4
LAU,LAU,2012,10,5
LAU,LAU,2012,10,6
LAU,LAU,2012,10,8
LAU,LAU,2012,10,11
LAU,LAU,2012,10,12
LAU,LAU,2012,10,13
LAU,LAU,2012,10,17
LAU,LAU,2012,10,18
LAU,LAU,2012,10,19
LAU,LAU,2012,10,20
LAU,LAU,2012,10,24
LAU,LAU,2012,10,25
LAU,LAU,2012,10,26
LAU,LAU,2012,10,27
LAU,LAU,2012,10,31
LAU,LAU,2012,11,1
LAU,LAU,2012,11,2
LAU,LAU,2012,11,3
LAU,LAU,2012,11,7
LAU,LAU,2012,11,8
LAU,LAU,2012,11,9
LAU,LAU,2012,11,10
LAU,LAU,2012,11,14
LAU,LAU,2012,11,15
LAU,LAU,2012,11,16
LAU,LAU,2012,11,17
LAU,LAU,2012,11,21
LAU,LAU,2012,11,22
LAU,LAU,2012,11,23
LAU,LAU,2012,11,24
LAU,LAU,2012,11,28
LAU,LAU,2012,11,29
LAU,LAU,2012,11,30
LAU,LAU,2012,12,1
LAU,LAU,2012,12,5
LAU,LAU,2012,12,6
LAU,LAU,2012,12,7
LAU,LAU,2012,12,8
LAU,LAU,2012,12,12
LAU,LAU,2012,12,13
LAU,LAU,2012,12,14
LAU,LAU,2012,12,15
LAU,LAU,2012,12,19
LAU,LAU,2012,12,20
LAU,LAU,2012,12,21
LAU,LAU,2012,12,22
LAU,LAU,2012,12,26
LAU,LAU,2012,12,27
LAU,LAU,2012,12,28
LAU,LAU,2012,12,29
LAU,LAU,2012,12,31
LAU,LAU,2013,1,1
LAU,LAU,2013,1,4
LAU,LAU,2013,1,5
LAU,LAU,2013,1,9
LAU,LAU,2013,1,10
LAU,LAU,2013,1,11
LAU,LAU,2013,1,12
LAU,LAU,2013,1,16
LAU,LAU,2013,1,17
LAU,LAU,2013,1,18
LAU,LAU,2013,1,19
LAU,LAU,2013,1,21
LAU,LAU,2013,1,24
LAU,LAU,2013,1,25
LAU,LAU,2013,1,26
LAU,LAU,2013,1,30
LAU,LAU,2013,1,31
LAU,LAU,2013,2,1
LAU,LAU,2013,2,2
LAU,LAU,2013,2,6
LAU,LAU,2013,2,7
LAU,LAU,2013,2,8
LAU,LAU,2013,2,9
LAU,LAU,2013,2,13
LAU,LAU,2013,2,14
LAU,LAU,2013,2,15
LAU,LAU,2013,2,16
LAU,LAU,2013,2,18
LAU,LAU,2013,2,21
LAU,LAU,2013,2,22
LAU,LAU,2013,2,23
LAU,LAU,2013,2,27
LAU,LAU,2013,2,28
LAU,LAU,2013,3,1
LAU,LAU,2013,3,2
LAU,LAU,2013,3,7
LAU,LAU,2013,3,8
LAU,LAU,2013,3,9
LAU,LAU,2013,3,13
LAU,LAU,2013,3,14
LAU,LAU,2013,3,15
LAU,LAU,2013,3,16
LAU,LAU,2013,3,20
LAU,LAU,2013,3,21
LAU,LAU,2013,3,22
LAU,LAU,2013,3,23
LAU,LAU,2013,3,27
LAU,LAU,2013,3,28
LAU,LAU,2013,3,29
LAU,LAU,2013,3,30
LAU,LAU,2013,9,19
LAU,LAU,2013,9,20
LAU,LAU,2013,9,21
LAU,LAU,2013,9,25
LAU,LAU,2013,9,26
LAU,LAU,2013,9,27
LAU,LAU,2013,9,28
LAU,LAU,2013,10,2
LAU,LAU,2013,10,3
LAU,LAU,2013,10,4
LAU,LAU,2013,10,5
LAU,LAU,2013,10,9
LAU,LAU,2013,10,10
LAU,LAU,2013,10,11
LAU,LAU,2013,10,12
LAU,LAU,2013,10,14
LAU,LAU,2013,10,17
LAU,LAU,2013,10,18
LAU,LAU,2013,10,19
LAU,LAU,2013,10,23
LAU,LAU,2013,10,24
LAU,LAU,2013,10,25
LAU,LAU,2013,10,26
LAU,LAU,2013,10,30
LAU,LAU,2013,10,31
LAU,LAU,2013,11,1
LAU,LAU,2013,11,2
LAU,LAU,2013,11,6
LAU,LAU,2013,11,7
LAU,LAU,2013,11,8
LAU,LAU,2013,11,9
LAU,LAU,2013,11,13
LAU,LAU,2013,11,14
LAU,LAU,2013,11,15
LAU,LAU,2013,11,16
LAU,LAU,2013,11,20
LAU,LAU,2013,11,21
LAU,LAU,2013,11,22
LAU,LAU,2013,11,23
LAU,LAU,2013,11,27
LAU,LAU,2013,11,28
LAU,LAU,2013,11,29
LAU,LAU,2013,11,30
LAU,LAU,2013,12,4
LAU,LAU,2013,12,5
LAU,LAU,2013,12,6
LAU,LAU,2013,12,7
LAU,LAU,2013,12,11
LAU,LAU,2013,12,12
LAU,LAU,2013,12,13
LAU,LAU,2013,12,14
LAU,LAU,2013,12,18
LAU,LAU,2013,12,19
LAU,LAU,2013,12,20
LAU,LAU,2013,12,21
LAU,LAU,2013,12,26
LAU,LAU,2013,12,27
LAU,LAU,2013,12,28
LAU,LAU,2013,12,31
LAU,LAU,2014,1,1
LAU,LAU,2014,1,2
LAU,LAU,2014,1,4
LAU,LAU,2014,1,8
LAU,LAU,2014,1,9
LAU,LAU,2014,1,15
LAU,LAU,2014,1,16
LAU,LAU,2014,1,18
LAU,LAU,2014,1,20
LAU,LAU,2014,1,23
LAU,LAU,2014,1,25
LAU,LAU,2014,1,29
LAU,LAU,2014,1,30
LAU,LAU,2014,2,1
LAU,LAU,2014,2,5
LAU,LAU,2014,2,6
LAU,LAU,2014,2,8
LAU,LAU,2014,2,12
LAU,LAU,2014,2,17
LAU,LAU,2014,2,19
LAU,LAU,2014,2,20
LAU,LAU,2014,2,22
LAU,LAU,2014,2,26
LAU,LAU,2014,2,27
LAU,LAU,2014,2,28
LAU,LAU,2014,3,1
LAU,LAU,2014,3,5
LAU,LAU,2014,3,6
LAU,LAU,2014,3,7
LAU,LAU,2014,3,8
LAU,LAU,2014,3,12
LAU,LAU,2014,3,13
LAU,LAU,2014,3,14
LAU,LAU,2014,3,15
LAU,LAU,2014,3,19
LAU,LAU,2014,3,20
LAU,LAU,2014,3,21
LAU,LAU,2014,3,22
LAU,LAU,2014,3,26
LAU,LAU,2014,3,27
LAU,LAU,2014,3,28
LAU,LAU,2014,3,29
LAU,LAU,2014,9,5
LAU,LAU,2014,9,6
LAU,LAU,2014,9,10
LAU,LAU,2014,9,11
LAU,LAU,2014,9,12
LAU,LAU,2014,9,13
LAU,LAU,2014,9,17
LAU,LAU,2014,9,18
LAU,LAU,2014,9,19
LAU,LAU,2014,9,20
LAU,LAU,2014,9,24
LAU,LAU,2014,9,25
LAU,LAU,2014,9,26
LAU,LAU,2014,9,27
LAU,LAU,2014,10,1
LAU,LAU,2014,10,2
LAU,LAU,2014,10,3
LAU,LAU,2014,10,4
LAU,LAU,2014,10,8
LAU,LAU,2014,10,9
LAU,LAU,2014,10,10
LAU,LAU,2014,10,11
LAU,LAU,2014,10,13
LAU,LAU,2014,10,16
LAU,LAU,2014,10,17
LAU,LAU,2014,10,18
LAU,LAU,2014,10,22
LAU,LAU,2014,10,23
LAU,LAU,2014,10,24
LAU,LAU,2014,10,25
LAU,LAU,2014,10,29
LAU,LAU,2014,10,30
LAU,LAU,2014,10,31
LAU,LAU,2014,11,1
LAU,LAU,2014,11,5
LAU,LAU,2014,11,6
LAU,LAU,2014,11,7
LAU,LAU,2014,11,8
LAU,LAU,2014,11,12
LAU,LAU,2014,11,13
LAU,LAU,2014,11,14
LAU,LAU,2014,11,15
LAU,LAU,2014,11,19
LAU,LAU,2014,11,20
LAU,LAU,2014,11,21
LAU,LAU,2014,11,22
LAU,LAU,2014,11,26
LAU,LAU,2014,11,27
LAU,LAU,2014,11,28
LAU,LAU,2014,11,29
LAU,LAU,2015,3,28
LAU,LAU,2015,3,29
LAU,LAU,2015,7,4
LAU,LAU,2015,7,5
LAU,LAU,2015,7,10
LAU,LAU,2015,7,11
LAU,LAU,2015,7,12
LAU,LAU,2015,7,17
LAU,LAU,2015,7,18
LAU,LAU,2015,7,19
LAU,LAU,2015,7,24
LAU,LAU,2015,7,25
LAU,LAU,2015,7,26
LAU,LAU,2015,7,31
LAU,LAU,2015,8,1
LAU,LAU,2015,8,2
LAU,LAU,2015,8,7
LAU,LAU,2015,8,8
LAU,LAU,2015,8,9
LAU,LAU,2015,8,14
LAU,LAU,2015,8,15
LAU,LAU,2015,8,16
LAU,LAU,2015,8,21
LAU,LAU,2015,8,22
LAU,LAU,2015,8,23
LAU,LAU,2015,9,12
LAU,LAU,2015,9,13
LAU,LAU,2015,9,18
LAU,LAU,2015,9,19
LAU,LAU,2015,9,20
LAU,LAU,2015,9,25
LAU,LAU,2015,9,26
LAU,LAU,2015,9,27
LAU,LAU,2015,10,2
LAU,LAU,2015,10,3
LAU,LAU,2015,10,4
LAU,LAU,2015,10,9
LAU,LAU,2015,10,10
LAU,LAU,2015,10,11
LAU,LAU,2015,10,16
LAU,LAU,2015,10,17
LAU,LAU,2015,10,18
LAU,LAU,2015,10,23
LAU,LAU,2015,10,24
LAU,LAU,2015,10,25
LAU,LAU,2015,10,30
LAU,LAU,2015,10,31
LAU,LAU,2015,11,1
LAU,LAU,2015,11,6
LAU,LAU,2015,11,7
LAU,LAU,2015,11,8
LAU,LAU,2015,11,11
LAU,LAU,2015,11,14
LAU,LAU,2015,11,15
LAU,LAU,2015,11,21
LAU,LAU,2015,11,22
LDN,LDN,1998,8,14
LDN,LDN,1998,8,15
LDN,LDN,1998,8,16
LDN,LDN,1998,8,21
LDN,LDN,1998,8,22
LDN,LDN,1998,8,23
LDN,LDN,1998,8,27
LDN,LDN,1998,8,28
LDN,LDN,1998,8,29
LDN,LDN,1998,8,30
LDN,LDN,1998,9,3
LDN,LDN,1998,9,4
LDN,LDN,1998,9,5
LDN,LDN,1998,9,6
LDN,LDN,1998,9,7
LDN,LDN,1998,9,10
LDN,LDN,1998,9,11
LDN,LDN,1998,9,12
LDN,LDN,1998,9,13
LDN,LDN,1998,9,17
LDN,LDN,1998,9,18
LDN,LDN,1998,9,19
LDN,LDN,1998,9,20
LDN,LDN,1998,9,24
LDN,LDN,1998,9,25
LDN,LDN,1998,9,26
LDN,LDN,1998,9,27
LDN,LDN,1998,10,1
LDN,LDN,1998,10,2
LDN,LDN,1998,10,3
LDN,LDN,1998,10,4
LDN,LDN,1998,10,8
LDN,LDN,1998,10,9
LDN,LDN,1998,10,10
LDN,LDN,1998,10,11
LDN,LDN,1998,10,15
LDN,LDN,1998,10,16
LDN,LDN,1998,10,17
LDN,LDN,1998,10,18
LDN,LDN,1998,10,22
LDN,LDN,1998,10,23
LDN,LDN,1998,10,24
LDN,LDN,1998,10,25
LDN,LDN,1998,10,29
LDN,LDN,1998,10,30
LDN,LDN,1998,10,31
LDN,LDN,1998,11,1
LDN,LDN,1998,11,5
LDN,LDN,1998,11,6
LDN,LDN,1998,11,7
LDN,LDN,1998,11,8
LDN,LDN,1998,11,12
LDN,LDN,1998,11,13
LDN,LDN,1998,11,14
LDN,LDN,1998,11,15
LDN,LDN,1998,11,20
LDN,LDN,1998,11,21
LDN,LDN,1998,11,22
LDN,LDN,1999,6,25
LDN,LDN,1999,6,26
LDN,LDN,1999,7,2
LDN,LDN,1999,7,3
LDN,LDN,1999,7,4
LDN,LDN,1999,7,5
LDN,LDN,1999,7,9
LDN,LDN,1999,7,10
LDN,LDN,1999,7,11
LDN,LDN,1999,7,16
LDN,LDN,1999,7,18
LDN,LDN,1999,7,22
LDN,LDN,1999,7,23
LDN,LDN,1999,7,24
LDN,LDN,1999,7,25
LDN,LDN,1999,7,29
LDN,LDN,1999,7,30
LDN,LDN,1999,7,31
LDN,LDN,1999,8,1
LDN,LDN,1999,8,5
LDN,LDN,1999,8,8
LDN,LDN,1999,8,15
LDN,LDN,1999,8,19
LDN,LDN,1999,8,20
LDN,LDN,1999,8,21
LDN,LDN,1999,8,22
LDN,LDN,1999,8,26
LDN,LDN,1999,8,29
LDN,LDN,1999,9,2
LDN,LDN,1999,9,3
LDN,LDN,1999,9,4
LDN,LDN,1999,9,5
LDN,LDN,1999,9,6
LDN,LDN,1999,9,9
LDN,LDN,1999,9,10
LDN,LDN,1999,9,11
LDN,LDN,1999,9,12
LDN,LDN,1999,9,16
LDN,LDN,1999,9,17
LDN,LDN,1999,9,18
LDN,LDN,1999,9,19
LDN,LDN,1999,9,23
LDN,LDN,1999,9,24
LDN,LDN,1999,9,25
LDN,LDN,1999,9,26
LDN,LDN,1999,9,30
LDN,LDN,1999,10,1
LDN,LDN,1999,10,2
LDN,LDN,1999,10,3
LDN,LDN,1999,10,8
LDN,LDN,1999,10,9
LDN,LDN,1999,10,10
LDN,LDN,1999,10,11
LDN,LDN,1999,10,14
LDN,LDN,1999,10,15
LDN,LDN,1999,10,16
LDN,LDN,1999,10,17
LDN,LDN,1999,10,21
LDN,LDN,1999,10,22
LDN,LDN,1999,10,23
LDN,LDN,1999,10,24
LDN,LDN,1999,10,28
LDN,LDN,1999,10,29
LDN,LDN,1999,10,30
LDN,LDN,1999,10,31
LDN,LDN,1999,11,4
LDN,LDN,1999,11,5
LDN,LDN,1999,11,6
LDN,LDN,1999,11,7
LDN,LDN,1999,11,12
LDN,LDN,1999,11,13
LDN,LDN,1999,11,14
LDN,LDN,2000,7,7
LDN,LDN,2000,7,8
LDN,LDN,2000,7,13
LDN,LDN,2000,7,14
LDN,LDN,2000,7,15
LDN,LDN,2000,7,16
LDN,LDN,2000,7,20
LDN,LDN,2000,7,21
LDN,LDN,2000,7,22
LDN,LDN,2000,7,23
LDN,LDN,2000,7,27
LDN,LDN,2000,7,28
LDN,LDN,2000,7,29
LDN,LDN,2000,7,30
LDN,LDN,2000,8,3
LDN,LDN,2000,8,5
LDN,LDN,2000,8,6
LDN,LDN,2000,8,10
LDN,LDN,2000,8,12
LDN,LDN,2000,8,13
LDN,LDN,2000,8,18
LDN,LDN,2000,8,24
LDN,LDN,2000,8,25
LDN,LDN,2000,8,26
LDN,LDN,2000,8,31
LDN,LDN,2000,9,1
LDN,LDN,2000,9,2
LDN,LDN,2000,9,3
LDN,LDN,2000,9,4
LDN,LDN,2000,9,8
LDN,LDN,2000,9,9
LDN,LDN,2000,9,10
LDN,LDN,2000,9,14
LDN,LDN,2000,9,15
LDN,LDN,2000,9,16
LDN,LDN,2000,9,18
LDN,LDN,2000,9,21
LDN,LDN,2000,9,22
LDN,LDN,2000,9,23
LDN,LDN,2000,9,24
LDN,LDN,2000,9,25
LDN,LDN,2000,9,28
LDN,LDN,2000,9,29
LDN,LDN,2000,9,30
LDN,LDN,2000,10,1
LDN,LDN,2000,10,7
LDN,LDN,2000,10,8
LDN,LDN,2000,10,12
LDN,LDN,2000,10,13
LDN,LDN,2000,10,14
LDN,LDN,2000,10,15
LDN,LDN,2000,10,19
LDN,LDN,2000,10,20
LDN,LDN,2000,10,21
LDN,LDN,2000,10,22
LDN,LDN,2000,10,26
LDN,LDN,2000,10,27
LDN,LDN,2000,10,28
LDN,LDN,2000,10,29
LDN,LDN,2000,11,2
LDN,LDN,2000,11,3
LDN,LDN,2000,11,4
LDN,LDN,2000,11,5
LDN,LDN,2000,11,10
LDN,LDN,2000,11,11
LDN,LDN,2000,11,12
LDN,LDN,2001,6,30
LDN,LDN,2001,7,1
LDN,LDN,2001,7,4
LDN,LDN,2001,7,7
LDN,LDN,2001,7,8
LDN,LDN,2001,7,13
LDN,LDN,2001,7,14
LDN,LDN,2001,7,15
LDN,LDN,2001,7,19
LDN,LDN,2001,7,20
LDN,LDN,2001,7,21
LDN,LDN,2001,7,28
LDN,LDN,2001,8,6
LDN,LDN,2001,8,9
LDN,LDN,2001,8,10
LDN,LDN,2001,8,11
LDN,LDN,2001,8,12
LDN,LDN,2001,8,17
LDN,LDN,2001,8,18
LDN,LDN,2001,8,19
LDN,LDN,2001,8,20
LDN,LDN,2001,8,23
LDN,LDN,2001,8,24
LDN,LDN,2001,8,25
LDN,LDN,2001,8,26
LDN,LDN,2001,8,27
LDN,LDN,2001,8,31
LDN,LDN,2001,9,1
LDN,LDN,2001,9,2
LDN,LDN,2001,9,3
LDN,LDN,2001,9,6
LDN,LDN,2001,9,7
LDN,LDN,2001,9,8
LDN,LDN,2001,9,9
LDN,LDN,2001,9,10
LDN,LDN,2001,9,13
LDN,LDN,2001,9,14
LDN,LDN,2001,9,15
LDN,LDN,2001,9,17
LDN,LDN,2001,9,20
LDN,LDN,2001,9,21
LDN,LDN,2001,9,22
LDN,LDN,2001,9,23
LDN,LDN,2001,9,28
LDN,LDN,2001,9,29
LDN,LDN,2001,9,30
LDN,LDN,2001,10,1
LDN,LDN,2001,10,4
LDN,LDN,2001,10,5
LDN,LDN,2001,10,6
LDN,LDN,2001,10,7
LDN,LDN,2001,10,8
LDN,LDN,2001,10,11
LDN,LDN,2001,10,12
LDN,LDN,2001,10,13
LDN,LDN,2001,10,14
LDN,LDN,2001,10,15
LDN,LDN,2001,10,18
LDN,LDN,2001,10,20
LDN,LDN,2001,10,22
LDN,LDN,2001,10,26
LDN,LDN,2001,10,28
LDN,LDN,2001,10,29
LDN,LDN,2001,11,1
LDN,LDN,2001,11,3
LDN,LDN,2001,11,4
LDN,LDN,2001,11,9
LDN,LDN,2001,11,10
LDN,LDN,2001,11,11
LDN,LDN,2002,6,28
LDN,LDN,2002,6,29
LDN,LDN,2002,6,30
LDN,LDN,2002,7,4
LDN,LDN,2002,7,5
LDN,LDN,2002,7,6
LDN,LDN,2002,7,7
LDN,LDN,2002,7,11
LDN,LDN,2002,7,12
LDN,LDN,2002,7,13
LDN,LDN,2002,7,14
LDN,LDN,2002,7,18
LDN,LDN,2002,7,19
LDN,LDN,2002,7,20
LDN,LDN,2002,7,21
LDN,LDN,2002,7,25
LDN,LDN,2002,7,26
LDN,LDN,2002,7,27
LDN,LDN,2002,7,28
LDN,LDN,2002,8,1
LDN,LDN,2002,8,2
LDN,LDN,2002,8,3
LDN,LDN,2002,8,4
LDN,LDN,2002,8,8
LDN,LDN,2002,8,9
LDN,LDN,2002,8,10
LDN,LDN,2002,8,11
LDN,LDN,2002,8,15
LDN,LDN,2002,8,16
LDN,LDN,2002,8,17
LDN,LDN,2002,8,18
LDN,LDN,2002,8,22
LDN,LDN,2002,8,23
LDN,LDN,2002,8,24
LDN,LDN,2002,8,25
LDN,LDN,2002,8,29
LDN,LDN,2002,8,30
LDN,LDN,2002,8,31
LDN,LDN,2002,9,1
LDN,LDN,2002,9,2
LDN,LDN,2002,9,5
LDN,LDN,2002,9,6
LDN,LDN,2002,9,7
LDN,LDN,2002,9,8
LDN,LDN,2002,9,12
LDN,LDN,2002,9,13
LDN,LDN,2002,9,14
LDN,LDN,2002,9,15
LDN,LDN,2002,9,19
LDN,LDN,2002,9,20
LDN,LDN,2002,9,21
LDN,LDN,2002,9,22
LDN,LDN,2002,9,26
LDN,LDN,2002,9,27
LDN,LDN,2002,9,28
LDN,LDN,2002,9,29
LDN,LDN,2002,10,3
LDN,LDN,2002,10,4
LDN,LDN,2002,10,5
LDN,LDN,2002,10,6
LDN,LDN,2002,10,10
LDN,LDN,2002,10,11
LDN,LDN,2002,10,12
LDN,LDN,2002,10,13
LDN,LDN,2002,10,17
LDN,LDN,2002,10,18
LDN,LDN,2002,10,19
LDN,LDN,2002,10,20
LDN,LDN,2002,10,24
LDN,LDN,2002,10,25
LDN,LDN,2002,10,26
LDN,LDN,2002,10,27
LDN,LDN,2002,10,31
LDN,LDN,2002,11,1
LDN,LDN,2002,11,2
LDN,LDN,2002,11,3
LDN,LDN,2002,11,7
LDN,LDN,2002,11,8
LDN,LDN,2002,11,9
LDN,LDN,2002,11,10
LDN,LDN,2003,6,27
LDN,LDN,2003,6,28
LDN,LDN,2003,6,29
LDN,LDN,2003,7,3
LDN,LDN,2003,7,4
LDN,LDN,2003,7,5
LDN,LDN,2003,7,6
LDN,LDN,2003,7,10
LDN,LDN,2003,7,11
LDN,LDN,2003,7,12
LDN,LDN,2003,7,13
LDN,LDN,2003,7,17
LDN,LDN,2003,7,18
LDN,LDN,2003,7,19
LDN,LDN,2003,7,20
LDN,LDN,2003,7,24
LDN,LDN,2003,7,25
LDN,LDN,2003,7,26
LDN,LDN,2003,7,27
LDN,LDN,2003,7,31
LDN,LDN,2003,8,1
LDN,LDN,2003,8,2
LDN,LDN,2003,8,3
LDN,LDN,2003,8,7
LDN,LDN,2003,8,8
LDN,LDN,2003,8,9
LDN,LDN,2003,8,10
LDN,LDN,2003,8,14
LDN,LDN,2003,8,15
LDN,LDN,2003,8,16
LDN,LDN,2003,8,17
LDN,LDN,2003,8,21
LDN,LDN,2003,8,22
LDN,LDN,2003,8,23
LDN,LDN,2003,8,24
LDN,LDN,2003,8,28
LDN,LDN,2003,8,29
LDN,LDN,2003,8,30
LDN,LDN,2003,8,31
LDN,LDN,2003,9,1
LDN,LDN,2003,9,4
LDN,LDN,2003,9,5
LDN,LDN,2003,9,6
LDN,LDN,2003,9,7
LDN,LDN,2003,9,11
LDN,LDN,2003,9,12
LDN,LDN,2003,9,13
LDN,LDN,2003,9,14
LDN,LDN,2003,9,18
LDN,LDN,2003,9,19
LDN,LDN,2003,9,20
LDN,LDN,2003,9,21
LDN,LDN,2003,9,25
LDN,LDN,2003,9,26
LDN,LDN,2003,9,27
LDN,LDN,2003,9,28
LDN,LDN,2003,10,2
LDN,LDN,2003,10,3
LDN,LDN,2003,10,4
LDN,LDN,2003,10,5
LDN,LDN,2003,10,9
LDN,LDN,2003,10,10
LDN,LDN,2003,10,11
LDN,LDN,2003,10,12
LDN,LDN,2003,10,16
LDN,LDN,2003,10,17
LDN,LDN,2003,10,18
LDN,LDN,2003,10,19
LDN,LDN,2003,10,23
LDN,LDN,2003,10,24
LDN,LDN,2003,10,25
LDN,LDN,2003,10,26
LDN,LDN,2003,10,30
LDN,LDN,2003,10,31
LDN,LDN,2003,11,1
LDN,LDN,2003,11,2
LDN,LDN,2003,11,6
LDN,LDN,2003,11,7
LDN,LDN,2003,11,8
LDN,LDN,2003,11,9
LDN,LDN,2004,5,14
LDN,LDN,2004,5,15
LDN,LDN,2004,5,16
LDN,LDN,2004,5,20
LDN,LDN,2004,5,21
LDN,LDN,2004,5,22
LDN,LDN,2004,5,23
LDN,LDN,2004,5,27
LDN,LDN,2004,5,28
LDN,LDN,2004,5,29
LDN,LDN,2004,5,30
LDN,LDN,2004,5,31
LDN,LDN,2004,6,3
LDN,LDN,2004,6,4
LDN,LDN,2004,6,5
LDN,LDN,2004,6,6
LDN,LDN,2004,6,10
LDN,LDN,2004,6,11
LDN,LDN,2004,6,12
LDN,LDN,2004,6,13
LDN,LDN,2004,6,17
LDN,LDN,2004,6,18
LDN,LDN,2004,6,19
LDN,LDN,2004,6,20
LDN,LDN,2004,6,24
LDN,LDN,2004,6,25
LDN,LDN,2004,6,26
LDN,LDN,2004,6,27
LDN,LDN,2004,7,1
LDN,LDN,2004,7,2
LDN,LDN,2004,7,3
LDN,LDN,2004,7,4
LDN,LDN,2004,7,5
LDN,LDN,2004,7,8
LDN,LDN,2004,7,9
LDN,LDN,2004,7,10
LDN,LDN,2004,7,11
LDN,LDN,2004,7,15
LDN,LDN,2004,7,16
LDN,LDN,2004,7,17
LDN,LDN,2004,7,18
LDN,LDN,2004,7,22
LDN,LDN,2004,7,23
LDN,LDN,2004,7,24
LDN,LDN,2004,7,25
LDN,LDN,2004,7,29
LDN,LDN,2004,7,30
LDN,LDN,2004,7,31
LDN,LDN,2004,8,1
LDN,LDN,2004,8,5
LDN,LDN,2004,8,6
LDN,LDN,2004,8,7
LDN,LDN,2004,8,8
LDN,LDN,2004,8,12
LDN,LDN,2004,8,13
LDN,LDN,2004,8,14
LDN,LDN,2004,8,15
LDN,LDN,2004,8,19
LDN,LDN,2004,8,20
LDN,LDN,2004,8,21
LDN,LDN,2004,8,22
LDN,LDN,2004,8,26
LDN,LDN,2004,8,27
LDN,LDN,2004,8,28
LDN,LDN,2004,8,29
LDN,LDN,2004,9,2
LDN,LDN,2004,9,3
LDN,LDN,2004,9,4
LDN,LDN,2004,9,5
LDN,LDN,2004,9,6
LDN,LDN,2004,9,9
LDN,LDN,2004,9,10
LDN,LDN,2004,9,11
LDN,LDN,2004,9,12
LDN,LDN,2004,9,16
LDN,LDN,2004,9,17
LDN,LDN,2004,9,18
LDN,LDN,2004,9,19
LDN,LDN,2004,9,23
LDN,LDN,2004,9,24
LDN,LDN,2004,9,25
LDN,LDN,2004,9,26
LDN,LDN,2004,9,30
LDN,LDN,2004,10,1
LDN,LDN,2004,10,2
LDN,LDN,2004,10,3
LDN,LDN,2004,10,7
LDN,LDN,2004,10,8
LDN,LDN,2004,10,9
LDN,LDN,2004,10,10
LDN,LDN,2004,10,14
LDN,LDN,2004,10,15
LDN,LDN,2004,10,16
LDN,LDN,2004,10,17
LDN,LDN,2004,10,21
LDN,LDN,2004,10,22
LDN,LDN,2004,10,23
LDN,LDN,2004,10,24
LDN,LDN,2004,10,28
LDN,LDN,2004,10,29
LDN,LDN,2004,10,30
LDN,LDN,2004,10,31
LDN,LDN,2004,11,14
LDN,LDN,2004,11,18
LDN,LDN,2004,11,19
LDN,LDN,2004,11,20
LDN,LDN,2004,11,21
LDN,LDN,2004,11,25
LDN,LDN,2004,11,26
LDN,LDN,2004,11,27
LDN,LDN,2004,11,28
LDN,LDN,2004,12,2
LDN,LDN,2004,12,3
LDN,LDN,2004,12,4
LDN,LDN,2004,12,5
LDN,LDN,2004,12,9
LDN,LDN,2004,12,10
LDN,LDN,2004,12,11
LDN,LDN,2004,12,12
LDN,LDN,2005,4,29
LDN,LDN,2005,4,30
LDN,LDN,2005,5,1
LDN,LDN,2005,5,6
LDN,LDN,2005,5,7
LDN,LDN,2005,5,8
LDN,LDN,2005,5,12
LDN,LDN,2005,5,13
LDN,LDN,2005,5,14
LDN,LDN,2005,5,15
LDN,LDN,2005,5,19
LDN,LDN,2005,5,20
LDN,LDN,2005,5,21
LDN,LDN,2005,5,22
LDN,LDN,2005,5,26
LDN,LDN,2005,5,27
LDN,LDN,2005,5,28
LDN,LDN,2005,5,29
LDN,LDN,2005,5,30
LDN,LDN,2005,6,3
LDN,LDN,2005,6,4
LDN,LDN,2005,6,5
LDN,LDN,2005,6,9
LDN,LDN,2005,6,10
LDN,LDN,2005,6,11
LDN,LDN,2005,6,12
LDN,LDN,2005,6,16
LDN,LDN,2005,6,17
LDN,LDN,2005,6,18
LDN,LDN,2005,6,19
LDN,LDN,2005,6,23
LDN,LDN,2005,6,24
LDN,LDN,2005,6,25
LDN,LDN,2005,6,26
LDN,LDN,2005,6,30
LDN,LDN,2005,7,1
LDN,LDN,2005,7,2
LDN,LDN,2005,7,3
LDN,LDN,2005,7,4
LDN,LDN,2005,7,8
LDN,LDN,2005,7,9
LDN,LDN,2005,7,10
LDN,LDN,2005,7,14
LDN,LDN,2005,7,15
LDN,LDN,2005,7,16
LDN,LDN,2005,7,17
LDN,LDN,2005,7,21
LDN,LDN,2005,7,22
LDN,LDN,2005,7,23
LDN,LDN,2005,7,24
LDN,LDN,2005,7,28
LDN,LDN,2005,7,29
LDN,LDN,2005,7,30
LDN,LDN,2005,7,31
LDN,LDN,2005,8,4
LDN,LDN,2005,8,5
LDN,LDN,2005,8,6
LDN,LDN,2005,8,7
LDN,LDN,2005,8,11
LDN,LDN,2005,8,12
LDN,LDN,2005,8,13
LDN,LDN,2005,8,14
LDN,LDN,2005,8,18
LDN,LDN,2005,8,19
LDN,LDN,2005,8,20
LDN,LDN,2005,8,21
LDN,LDN,2005,8,25
LDN,LDN,2005,8,26
LDN,LDN,2005,8,27
LDN,LDN,2005,8,28
LDN,LDN,2005,9,1
LDN,LDN,2005,9,2
LDN,LDN,2005,9,3
LDN,LDN,2005,9,4
LDN,LDN,2005,9,5
LDN,LDN,2005,9,9
LDN,LDN,2005,9,10
LDN,LDN,2005,9,11
LDN,LDN,2005,9,15
LDN,LDN,2005,9,16
LDN,LDN,2005,9,17
LDN,LDN,2005,9,18
LDN,LDN,2005,9,22
LDN,LDN,2005,9,23
LDN,LDN,2005,9,29
LDN,LDN,2005,9,30
LDN,LDN,2005,10,1
LDN,LDN,2005,10,2
LDN,LDN,2005,10,7
LDN,LDN,2005,10,8
LDN,LDN,2005,10,9
LDN,LDN,2006,5,5
LDN,LDN,2006,5,6
LDN,LDN,2006,5,7
LDN,LDN,2006,5,12
LDN,LDN,2006,5,13
LDN,LDN,2006,5,14
LDN,LDN,2006,5,19
LDN,LDN,2006,5,20
LDN,LDN,2006,5,21
LDN,LDN,2006,5,26
LDN,LDN,2006,5,27
LDN,LDN,2006,5,28
LDN,LDN,2006,5,29
LDN,LDN,2006,6,2
LDN,LDN,2006,6,3
LDN,LDN,2006,6,4
LDN,LDN,2006,6,8
LDN,LDN,2006,6,9
LDN,LDN,2006,6,10
LDN,LDN,2006,6,11
LDN,LDN,2006,6,15
LDN,LDN,2006,6,16
LDN,LDN,2006,6,17
LDN,LDN,2006,6,18
LDN,LDN,2006,6,22
LDN,LDN,2006,6,23
LDN,LDN,2006,6,24
LDN,LDN,2006,6,25
LDN,LDN,2006,6,30
LDN,LDN,2006,7,1
LDN,LDN,2006,7,2
LDN,LDN,2006,7,3
LDN,LDN,2006,7,4
LDN,LDN,2006,7,7
LDN,LDN,2006,7,8
LDN,LDN,2006,7,9
LDN,LDN,2006,7,13
LDN,LDN,2006,7,14
LDN,LDN,2006,7,15
LDN,LDN,2006,7,16
LDN,LDN,2006,7,20
LDN,LDN,2006,7,21
LDN,LDN,2006,7,22
LDN,LDN,2006,7,23
LDN,LDN,2006,7,27
LDN,LDN,2006,7,28
LDN,LDN,2006,7,29
LDN,LDN,2006,7,30
LDN,LDN,2006,8,3
LDN,LDN,2006,8,4
LDN,LDN,2006,8,5
LDN,LDN,2006,8,6
LDN,LDN,2006,8,10
LDN,LDN,2006,8,11
LDN,LDN,2006,8,12
LDN,LDN,2006,8,13
LDN,LDN,2006,8,17
LDN,LDN,2006,8,18
LDN,LDN,2006,8,19
LDN,LDN,2006,8,20
LDN,LDN,2006,8,24
LDN,LDN,2006,8,25
LDN,LDN,2006,8,26
LDN,LDN,2006,8,27
LDN,LDN,2006,9,1
LDN,LDN,2006,9,2
LDN,LDN,2006,9,3
LDN,LDN,2006,9,4
LDN,LDN,2006,9,7
LDN,LDN,2006,9,8
LDN,LDN,2006,9,9
LDN,LDN,2006,9,10
LDN,LDN,2006,9,14
LDN,LDN,2006,9,15
LDN,LDN,2006,9,16
LDN,LDN,2006,9,17
LDN,LDN,2006,9,21
LDN,LDN,2006,9,22
LDN,LDN,2006,9,23
LDN,LDN,2006,9,24
LDN,LDN,2006,9,28
LDN,LDN,2006,9,29
LDN,LDN,2006,9,30
LDN,LDN,2006,10,1
LDN,LDN,2006,10,5
LDN,LDN,2006,10,6
LDN,LDN,2006,10,7
LDN,LDN,2006,10,8
LDN,LDN,2006,10,12
LDN,LDN,2006,10,13
LDN,LDN,2006,10,14
LDN,LDN,2006,10,20
LDN,LDN,2006,10,21
LDN,LDN,2007,1,21
LDN,LDN,2007,1,22
LDN,LDN,2007,1,23
LDN,LDN,2007,1,27
LDN,LDN,2007,1,28
LDN,LDN,2007,1,29
LDN,LDN,2007,1,30
LDN,LDN,2007,2,3
LDN,LDN,2007,2,4
LDN,LDN,2007,2,5
LDN,LDN,2007,2,6
LDN,LDN,2007,2,10
LDN,LDN,2007,2,11
LDN,LDN,2007,2,12
LDN,LDN,2007,2,13
LDN,LDN,2007,2,17
LDN,LDN,2007,2,18
LDN,LDN,2007,2,19
LDN,LDN,2007,2,20
LDN,LDN,2007,2,24
LDN,LDN,2007,2,25
LDN,LDN,2007,2,26
LDN,LDN,2007,2,27
LDN,LDN,2007,3,3
LDN,LDN,2007,3,4
LDN,LDN,2007,3,5
LDN,LDN,2007,3,6
LDN,LDN,2007,3,10
LDN,LDN,2007,3,11
LDN,LDN,2007,3,12
LDN,LDN,2007,3,13
LDN,LDN,2007,3,17
LDN,LDN,2007,3,18
LDN,LDN,2007,3,19
LDN,LDN,2007,3,20
LDN,LDN,2007,3,24
LDN,LDN,2007,3,25
LDN,LDN,2007,3,26
LDN,LDN,2007,3,27
LDN,LDN,2007,5,4
LDN,LDN,2007,5,5
LDN,LDN,2007,5,11
LDN,LDN,2007,5,12
LDN,LDN,2007,5,13
LDN,LDN,2007,5,17
LDN,LDN,2007,5,18
LDN,LDN,2007,5,19
LDN,LDN,2007,5,20
LDN,LDN,2007,5,25
LDN,LDN,2007,5,26
LDN,LDN,2007,5,27
LDN,LDN,2007,5,28
LDN,LDN,2007,5,31
LDN,LDN,2007,6,1
LDN,LDN,2007,6,2
LDN,LDN,2007,6,3
LDN,LDN,2007,6,7
LDN,LDN,2007,6,8
LDN,LDN,2007,6,9
LDN,LDN,2007,6,10
LDN,LDN,2007,6,14
LDN,LDN,2007,6,15
LDN,LDN,2007,6,16
LDN,LDN,2007,6,17
LDN,LDN,2007,6,21
LDN,LDN,2007,6,22
LDN,LDN,2007,6,23
LDN,LDN,2007,6,24
LDN,LDN,2007,6,29
LDN,LDN,2007,6,30
LDN,LDN,2007,7,1
LDN,LDN,2007,7,4
LDN,LDN,2007,7,5
LDN,LDN,2007,7,7
LDN,LDN,2007,7,8
LDN,LDN,2007,7,12
LDN,LDN,2007,7,13
LDN,LDN,2007,7,14
LDN,LDN,2007,7,15
LDN,LDN,2007,7,19
LDN,LDN,2007,7,20
LDN,LDN,2007,7,21
LDN,LDN,2007,7,22
LDN,LDN,2007,7,26
LDN,LDN,2007,7,27
LDN,LDN,2007,7,28
LDN,LDN,2007,7,29
LDN,LDN,2007,8,2
LDN,LDN,2007,8,3
LDN,LDN,2007,8,4
LDN,LDN,2007,8,5
LDN,LDN,2007,8,9
LDN,LDN,2007,8,10
LDN,LDN,2007,8,11
LDN,LDN,2007,8,12
LDN,LDN,2007,8,16
LDN,LDN,2007,8,17
LDN,LDN,2007,8,18
LDN,LDN,2007,8,19
LDN,LDN,2007,8,23
LDN,LDN,2007,8,24
LDN,LDN,2007,8,25
LDN,LDN,2007,8,26
LDN,LDN,2007,8,31
LDN,LDN,2007,9,1
LDN,LDN,2007,9,2
LDN,LDN,2007,9,3
LDN,LDN,2007,9,6
LDN,LDN,2007,9,7
LDN,LDN,2007,9,8
LDN,LDN,2007,9,12
LDN,LDN,2007,9,13
LDN,LDN,2007,9,14
LDN,LDN,2007,9,15
LDN,LDN,2007,9,19
LDN,LDN,2007,9,20
LDN,LDN,2007,9,21
LDN,LDN,2007,9,22
LDN,LDN,2007,9,26
LDN,LDN,2007,9,27
LDN,LDN,2007,9,28
LDN,LDN,2007,9,29
LDN,LDN,2007,10,4
LDN,LDN,2007,10,5
LDN,LDN,2007,10,6
LDN,LDN,2007,10,11
LDN,LDN,2007,10,12
LDN,LDN,2007,10,13
LDN,LDN,2007,10,19
LDN,LDN,2007,10,20
LDN,LDN,2008,1,12
LDN,LDN,2008,1,13
LDN,LDN,2008,1,14
LDN,LDN,2008,1,15
LDN,LDN,2008,1,19
LDN,LDN,2008,1,20
LDN,LDN,2008,1,21
LDN,LDN,2008,1,22
LDN,LDN,2008,1,26
LDN,LDN,2008,1,27
LDN,LDN,2008,1,28
LDN,LDN,2008,1,29
LDN,LDN,2008,2,2
LDN,LDN,2008,2,3
LDN,LDN,2008,2,4
LDN,LDN,2008,2,5
LDN,LDN,2008,2,9
LDN,LDN,2008,2,10
LDN,LDN,2008,2,11
LDN,LDN,2008,2,12
LDN,LDN,2008,2,16
LDN,LDN,2008,2,17
LDN,LDN,2008,2,18
LDN,LDN,2008,2,19
LDN,LDN,2008,2,23
LDN,LDN,2008,2,24
LDN,LDN,2008,2,25
LDN,LDN,2008,2,26
LDN,LDN,2008,3,1
LDN,LDN,2008,3,2
LDN,LDN,2008,3,3
LDN,LDN,2008,3,4
LDN,LDN,2008,3,8
LDN,LDN,2008,3,9
LDN,LDN,2008,3,10
LDN,LDN,2008,3,11
LDN,LDN,2008,3,15
LDN,LDN,2008,3,16
LDN,LDN,2008,3,17
LDN,LDN,2008,3,18
LDN,LDN,2008,5,17
LDN,LDN,2008,5,18
LDN,LDN,2008,5,24
LDN,LDN,2008,5,25
LDN,LDN,2008,5,31
LDN,LDN,2008,6,1
LDN,LDN,2008,6,5
LDN,LDN,2008,6,6
LDN,LDN,2008,6,7
LDN,LDN,2008,6,8
LDN,LDN,2008,6,12
LDN,LDN,2008,6,13
LDN,LDN,2008,6,14
LDN,LDN,2008,6,15
LDN,LDN,2008,6,19
LDN,LDN,2008,6,20
LDN,LDN,2008,6,21
LDN,LDN,2008,6,22
LDN,LDN,2008,6,26
LDN,LDN,2008,6,27
LDN,LDN,2008,6,28
LDN,LDN,2008,6,29
LDN,LDN,2008,7,3
LDN,LDN,2008,7,4
LDN,LDN,2008,7,5
LDN,LDN,2008,7,6
LDN,LDN,2008,7,10
LDN,LDN,2008,7,11
LDN,LDN,2008,7,12
LDN,LDN,2008,7,13
LDN,LDN,2008,7,17
LDN,LDN,2008,7,18
LDN,LDN,2008,7,19
LDN,LDN,2008,7,20
LDN,LDN,2008,7,24
LDN,LDN,2008,7,25
LDN,LDN,2008,7,26
LDN,LDN,2008,7,27
LDN,LDN,2008,7,31
LDN,LDN,2008,8,1
LDN,LDN,2008,8,2
LDN,LDN,2008,8,3
LDN,LDN,2008,8,7
LDN,LDN,2008,8,8
LDN,LDN,2008,8,9
LDN,LDN,2008,8,10
LDN,LDN,2008,8,14
LDN,LDN,2008,8,15
LDN,LDN,2008,8,16
LDN,LDN,2008,8,17
LDN,LDN,2008,8,21
LDN,LDN,2008,8,22
LDN,LDN,2008,8,23
LDN,LDN,2008,8,24
LDN,LDN,2008,8,29
LDN,LDN,2008,8,30
LDN,LDN,2008,8,31
LDN,LDN,2008,9,1
LDN,LDN,2008,9,4
LDN,LDN,2008,9,5
LDN,LDN,2008,9,6
LDN,LDN,2008,9,7
LDN,LDN,2008,9,11
LDN,LDN,2008,9,12
LDN,LDN,2008,9,13
LDN,LDN,2008,9,14
LDN,LDN,2008,9,18
LDN,LDN,2008,9,19
LDN,LDN,2008,9,20
LDN,LDN,2008,9,21
LDN,LDN,2008,9,25
LDN,LDN,2008,9,26
LDN,LDN,2008,9,27
LDN,LDN,2008,9,28
LDN,LDN,2008,10,2
LDN,LDN,2008,10,3
LDN,LDN,2008,10,4
LDN,LDN,2008,10,5
LDN,LDN,2008,10,9
LDN,LDN,2008,10,10
LDN,LDN,2008,10,11
LDN,LDN,2008,10,12
LDN,LDN,2008,10,16
LDN,LDN,2008,10,17
LDN,LDN,2008,10,18
LDN,LDN,2009,1,10
LDN,LDN,2009,1,11
LDN,LDN,2009,1,12
LDN,LDN,2009,1,13
LDN,LDN,2009,1,17
LDN,LDN,2009,1,18
LDN,LDN,2009,1,19
LDN,LDN,2009,1,20
LDN,LDN,2009,1,24
LDN,LDN,2009,1,25
LDN,LDN,2009,1,26
LDN,LDN,2009,1,27
LDN,LDN,2009,1,31
LDN,LDN,2009,2,1
LDN,LDN,2009,2,2
LDN,LDN,2009,2,3
LDN,LDN,2009,2,7
LDN,LDN,2009,2,8
LDN,LDN,2009,2,9
LDN,LDN,2009,2,10
LDN,LDN,2009,2,14
LDN,LDN,2009,2,15
LDN,LDN,2009,2,16
LDN,LDN,2009,2,17
LDN,LDN,2009,2,21
LDN,LDN,2009,2,22
LDN,LDN,2009,2,23
LDN,LDN,2009,2,24
LDN,LDN,2009,2,28
LDN,LDN,2009,3,1
LDN,LDN,2009,3,2
LDN,LDN,2009,3,3
LDN,LDN,2009,3,7
LDN,LDN,2009,3,8
LDN,LDN,2009,3,9
LDN,LDN,2009,3,10
LDN,LDN,2009,3,14
LDN,LDN,2009,3,15
LDN,LDN,2009,3,16
LDN,LDN,2009,3,17
LDN,LDN,2009,5,15
LDN,LDN,2009,5,16
LDN,LDN,2009,5,17
LDN,LDN,2009,5,22
LDN,LDN,2009,5,23
LDN,LDN,2009,5,24
LDN,LDN,2009,5,25
LDN,LDN,2009,5,28
LDN,LDN,2009,5,29
LDN,LDN,2009,5,30
LDN,LDN,2009,5,31
LDN,LDN,2009,6,4
LDN,LDN,2009,6,5
LDN,LDN,2009,6,6
LDN,LDN,2009,6,7
LDN,LDN,2009,6,11
LDN,LDN,2009,6,12
LDN,LDN,2009,6,13
LDN,LDN,2009,6,14
LDN,LDN,2009,6,18
LDN,LDN,2009,6,19
LDN,LDN,2009,6,20
LDN,LDN,2009,6,21
LDN,LDN,2009,6,25
LDN,LDN,2009,6,26
LDN,LDN,2009,6,27
LDN,LDN,2009,6,28
LDN,LDN,2009,7,2
LDN,LDN,2009,7,3
LDN,LDN,2009,7,4
LDN,LDN,2009,7,5
LDN,LDN,2009,7,9
LDN,LDN,2009,7,10
LDN,LDN,2009,7,11
LDN,LDN,2009,7,12
LDN,LDN,2009,7,16
LDN,LDN,2009,7,17
LDN,LDN,2009,7,18
LDN,LDN,2009,7,19
LDN,LDN,2009,7,23
LDN,LDN,2009,7,24
LDN,LDN,2009,7,25
LDN,LDN,2009,7,26
LDN,LDN,2009,7,30
LDN,LDN,2009,7,31
LDN,LDN,2009,8,1
LDN,LDN,2009,8,2
LDN,LDN,2009,8,6
LDN,LDN,2009,8,7
LDN,LDN,2009,8,8
LDN,LDN,2009,8,9
LDN,LDN,2009,8,13
LDN,LDN,2009,8,14
LDN,LDN,2009,8,15
LDN,LDN,2009,8,16
LDN,LDN,2009,8,20
LDN,LDN,2009,8,21
LDN,LDN,2009,8,22
LDN,LDN,2009,8,23
LDN,LDN,2009,8,27
LDN,LDN,2009,8,28
LDN,LDN,2009,8,29
LDN,LDN,2009,8,30
LDN,LDN,2009,9,4
LDN,LDN,2009,9,5
LDN,LDN,2009,9,6
LDN,LDN,2009,9,7
LDN,LDN,2009,9,10
LDN,LDN,2009,9,11
LDN,LDN,2009,9,12
LDN,LDN,2009,9,13
LDN,LDN,2009,9,17
LDN,LDN,2009,9,18
LDN,LDN,2009,9,19
LDN,LDN,2009,9,20
LDN,LDN,2009,9,24
LDN,LDN,2009,9,25
LDN,LDN,2009,9,26
LDN,LDN,2009,9,27
LDN,LDN,2009,10,1
LDN,LDN,2009,10,2
LDN,LDN,2009,10,3
LDN,LDN,2009,10,4
LDN,LDN,2010,1,11
LDN,LDN,2010,1,12
LDN,LDN,2010,1,16
LDN,LDN,2010,1,17
LDN,LDN,2010,1,18
LDN,LDN,2010,1,19
LDN,LDN,2010,1,23
LDN,LDN,2010,1,24
LDN,LDN,2010,1,25
LDN,LDN,2010,1,26
LDN,LDN,2010,1,30
LDN,LDN,2010,1,31
LDN,LDN,2010,2,1
LDN,LDN,2010,2,2
LDN,LDN,2010,2,6
LDN,LDN,2010,2,7
LDN,LDN,2010,2,8
LDN,LDN,2010,2,9
LDN,LDN,2010,2,13
LDN,LDN,2010,2,14
LDN,LDN,2010,2,15
LDN,LDN,2010,2,16
LDN,LDN,2010,2,20
LDN,LDN,2010,2,21
LDN,LDN,2010,2,22
LDN,LDN,2010,2,23
LDN,LDN,2010,2,27
LDN,LDN,2010,2,28
LDN,LDN,2010,3,1
LDN,LDN,2010,3,2
LDN,LDN,2010,3,6
LDN,LDN,2010,3,7
LDN,LDN,2010,3,8
LDN,LDN,2010,3,9
LDN,LDN,2010,3,13
LDN,LDN,2010,3,14
LDN,LDN,2010,3,15
LDN,LDN,2010,3,16
LDN,LDN,2010,3,17
LDN,LDN,2010,3,20
LDN,LDN,2010,3,21
LDN,LDN,2010,3,22
LDN,LDN,2010,3,23
LDN,LDN,2010,3,24
LDN,LDN,2010,5,1
LDN,LDN,2010,5,2
LDN,LDN,2010,5,8
LDN,LDN,2010,5,9
LDN,LDN,2010,5,13
LDN,LDN,2010,5,14
LDN,LDN,2010,5,15
LDN,LDN,2010,5,16
LDN,LDN,2010,5,20
LDN,LDN,2010,5,21
LDN,LDN,2010,5,22
LDN,LDN,2010,5,23
LDN,LDN,2010,5,28
LDN,LDN,2010,5,29
LDN,LDN,2010,5,30
LDN,LDN,2010,5,31
LDN,LDN,2010,6,3
LDN,LDN,2010,6,4
LDN,LDN,2010,6,5
LDN,LDN,2010,6,6
LDN,LDN,2010,6,10
LDN,LDN,2010,6,11
LDN,LDN,2010,6,12
LDN,LDN,2010,6,13
LDN,LDN,2010,6,17
LDN,LDN,2010,6,18
LDN,LDN,2010,6,19
LDN,LDN,2010,6,20
LDN,LDN,2010,6,24
LDN,LDN,2010,6,25
LDN,LDN,2010,6,26
LDN,LDN,2010,6,27
LDN,LDN,2010,7,1
LDN,LDN,2010,7,2
LDN,LDN,2010,7,3
LDN,LDN,2010,7,4
LDN,LDN,2010,7,8
LDN,LDN,2010,7,9
LDN,LDN,2010,7,10
LDN,LDN,2010,7,11
LDN,LDN,2010,7,15
LDN,LDN,2010,7,16
LDN,LDN,2010,7,17
LDN,LDN,2010,7,18
LDN,LDN,2010,7,22
LDN,LDN,2010,7,23
LDN,LDN,2010,7,24
LDN,LDN,2010,7,25
LDN,LDN,2010,7,29
LDN,LDN,2010,7,30
LDN,LDN,2010,7,31
LDN,LDN,2010,8,1
LDN,LDN,2010,8,5
LDN,LDN,2010,8,6
LDN,LDN,2010,8,7
LDN,LDN,2010,8,8
LDN,LDN,2010,8,12
LDN,LDN,2010,8,13
LDN,LDN,2010,8,14
LDN,LDN,2010,8,15
LDN,LDN,2010,8,19
LDN,LDN,2010,8,20
LDN,LDN,2010,8,21
LDN,LDN,2010,8,22
LDN,LDN,2010,8,26
LDN,LDN,2010,8,27
LDN,LDN,2010,8,28
LDN,LDN,2010,8,29
LDN,LDN,2010,9,3
LDN,LDN,2010,9,4
LDN,LDN,2010,9,5
LDN,LDN,2010,9,6
LDN,LDN,2010,9,9
LDN,LDN,2010,9,10
LDN,LDN,2010,9,11
LDN,LDN,2010,9,12
LDN,LDN,2010,9,16
LDN,LDN,2010,9,17
LDN,LDN,2010,9,18
LDN,LDN,2010,9,19
LDN,LDN,2010,9,23
LDN,LDN,2010,9,24
LDN,LDN,2010,9,25
LDN,LDN,2010,9,26
LDN,LDN,2011,1,8
LDN,LDN,2011,1,9
LDN,LDN,2011,1,10
LDN,LDN,2011,1,15
LDN,LDN,2011,1,16
LDN,LDN,2011,1,17
LDN,LDN,2011,1,18
LDN,LDN,2011,1,22
LDN,LDN,2011,1,23
LDN,LDN,2011,1,24
LDN,LDN,2011,1,25
LDN,LDN,2011,1,29
LDN,LDN,2011,1,30
LDN,LDN,2011,1,31
LDN,LDN,2011,2,1
LDN,LDN,2011,2,6
LDN,LDN,2011,2,7
LDN,LDN,2011,2,8
LDN,LDN,2011,2,12
LDN,LDN,2011,2,13
LDN,LDN,2011,2,14
LDN,LDN,2011,2,15
LDN,LDN,2011,2,19
LDN,LDN,2011,2,20
LDN,LDN,2011,2,21
LDN,LDN,2011,2,22
LDN,LDN,2011,2,26
LDN,LDN,2011,2,27
LDN,LDN,2011,2,28
LDN,LDN,2011,3,1
LDN,LDN,2011,3,5
LDN,LDN,2011,3,6
LDN,LDN,2011,3,7
LDN,LDN,2011,3,8
LDN,LDN,2011,3,12
LDN,LDN,2011,3,13
LDN,LDN,2011,3,14
LDN,LDN,2011,3,15
LDN,LDN,2011,3,16
LDN,LDN,2011,3,19
LDN,LDN,2011,3,20
LDN,LDN,2011,3,21
LDN,LDN,2011,3,22
LDN,LDN,2011,3,23
LDN,LDN,2011,5,6
LDN,LDN,2011,5,7
LDN,LDN,2011,5,8
LDN,LDN,2011,5,12
LDN,LDN,2011,5,13
LDN,LDN,2011,5,14
LDN,LDN,2011,5,15
LDN,LDN,2011,5,19
LDN,LDN,2011,5,20
LDN,LDN,2011,5,21
LDN,LDN,2011,5,22
LDN,LDN,2011,5,27
LDN,LDN,2011,5,28
LDN,LDN,2011,5,29
LDN,LDN,2011,5,30
LDN,LDN,2011,6,2
LDN,LDN,2011,6,3
LDN,LDN,2011,6,4
LDN,LDN,2011,6,5
LDN,LDN,2011,6,9
LDN,LDN,2011,6,10
LDN,LDN,2011,6,11
LDN,LDN,2011,6,12
LDN,LDN,2011,6,16
LDN,LDN,2011,6,17
LDN,LDN,2011,6,18
LDN,LDN,2011,6,19
LDN,LDN,2011,6,23
LDN,LDN,2011,6,24
LDN,LDN,2011,6,25
LDN,LDN,2011,6,26
LDN,LDN,2011,7,1
LDN,LDN,2011,7,2
LDN,LDN,2011,7,3
LDN,LDN,2011,7,4
LDN,LDN,2011,7,7
LDN,LDN,2011,7,8
LDN,LDN,2011,7,9
LDN,LDN,2011,7,10
LDN,LDN,2011,7,14
LDN,LDN,2011,7,15
LDN,LDN,2011,7,16
LDN,LDN,2011,7,17
LDN,LDN,2011,7,21
LDN,LDN,2011,7,22
LDN,LDN,2011,7,23
LDN,LDN,2011,7,24
LDN,LDN,2011,7,28
LDN,LDN,2011,7,29
LDN,LDN,2011,7,30
LDN,LDN,2011,7,31
LDN,LDN,2011,8,4
LDN,LDN,2011,8,5
LDN,LDN,2011,8,6
LDN,LDN,2011,8,7
LDN,LDN,2011,8,11
LDN,LDN,2011,8,12
LDN,LDN,2011,8,13
LDN,LDN,2011,8,14
LDN,LDN,2011,8,18
LDN,LDN,2011,8,19
LDN,LDN,2011,8,20
LDN,LDN,2011,8,21
LDN,LDN,2011,8,25
LDN,LDN,2011,8,26
LDN,LDN,2011,8,27
LDN,LDN,2011,8,28
LDN,LDN,2011,9,1
LDN,LDN,2011,9,2
LDN,LDN,2011,9,3
LDN,LDN,2011,9,4
LDN,LDN,2011,9,5
LDN,LDN,2011,9,8
LDN,LDN,2011,9,9
LDN,LDN,2011,9,10
LDN,LDN,2011,9,11
LDN,LDN,2011,9,15
LDN,LDN,2011,9,16
LDN,LDN,2011,9,17
LDN,LDN,2011,9,18
LDN,LDN,2011,9,22
LDN,LDN,2011,9,23
LDN,LDN,2011,9,24
LDN,LDN,2011,9,25
LDN,LDN,2012,1,7
LDN,LDN,2012,1,8
LDN,LDN,2012,1,9
LDN,LDN,2012,1,10
LDN,LDN,2012,1,14
LDN,LDN,2012,1,15
LDN,LDN,2012,1,16
LDN,LDN,2012,1,17
LDN,LDN,2012,1,21
LDN,LDN,2012,1,22
LDN,LDN,2012,1,23
LDN,LDN,2012,1,24
LDN,LDN,2012,1,28
LDN,LDN,2012,1,29
LDN,LDN,2012,1,30
LDN,LDN,2012,1,31
LDN,LDN,2012,2,4
LDN,LDN,2012,2,5
LDN,LDN,2012,2,6
LDN,LDN,2012,2,7
LDN,LDN,2012,2,11
LDN,LDN,2012,2,12
LDN,LDN,2012,2,13
LDN,LDN,2012,2,14
LDN,LDN,2012,2,18
LDN,LDN,2012,2,19
LDN,LDN,2012,2,20
LDN,LDN,2012,2,21
LDN,LDN,2012,2,25
LDN,LDN,2012,2,26
LDN,LDN,2012,2,27
LDN,LDN,2012,2,28
LDN,LDN,2012,3,3
LDN,LDN,2012,3,4
LDN,LDN,2012,3,5
LDN,LDN,2012,3,6
LDN,LDN,2012,3,10
LDN,LDN,2012,3,11
LDN,LDN,2012,3,12
LDN,LDN,2012,3,13
LDN,LDN,2012,3,14
LDN,LDN,2012,3,17
LDN,LDN,2012,3,18
LDN,LDN,2012,3,19
LDN,LDN,2012,3,20
LDN,LDN,2012,3,21
LDN,LDN,2012,5,4
LDN,LDN,2012,5,5
LDN,LDN,2012,5,6
LDN,LDN,2012,5,10
LDN,LDN,2012,5,11
LDN,LDN,2012,5,12
LDN,LDN,2012,5,13
LDN,LDN,2012,5,17
LDN,LDN,2012,5,18
LDN,LDN,2012,5,19
LDN,LDN,2012,5,20
LDN,LDN,2012,5,25
LDN,LDN,2012,5,26
LDN,LDN,2012,5,27
LDN,LDN,2012,5,28
LDN,LDN,2012,5,31
LDN,LDN,2012,6,1
LDN,LDN,2012,6,2
LDN,LDN,2012,6,3
LDN,LDN,2012,6,7
LDN,LDN,2012,6,8
LDN,LDN,2012,6,9
LDN,LDN,2012,6,10
LDN,LDN,2012,6,14
LDN,LDN,2012,6,15
LDN,LDN,2012,6,16
LDN,LDN,2012,6,17
LDN,LDN,2012,6,21
LDN,LDN,2012,6,22
LDN,LDN,2012,6,23
LDN,LDN,2012,6,24
LDN,LDN,2012,6,28
LDN,LDN,2012,6,29
LDN,LDN,2012,6,30
LDN,LDN,2012,7,1
LDN,LDN,2012,7,4
LDN,LDN,2012,7,5
LDN,LDN,2012,7,6
LDN,LDN,2012,7,7
LDN,LDN,2012,7,8
LDN,LDN,2012,7,12
LDN,LDN,2012,7,13
LDN,LDN,2012,7,14
LDN,LDN,2012,7,15
LDN,LDN,2012,7,19
LDN,LDN,2012,7,20
LDN,LDN,2012,7,21
LDN,LDN,2012,7,22
LDN,LDN,2012,7,26
LDN,LDN,2012,7,27
LDN,LDN,2012,7,28
LDN,LDN,2012,7,29
LDN,LDN,2012,8,2
LDN,LDN,2012,8,3
LDN,LDN,2012,8,4
LDN,LDN,2012,8,5
LDN,LDN,2012,8,9
LDN,LDN,2012,8,10
LDN,LDN,2012,8,11
LDN,LDN,2012,8,12
LDN,LDN,2012,8,16
LDN,LDN,2012,8,17
LDN,LDN,2012,8,18
LDN,LDN,2012,8,19
LDN,LDN,2012,8,23
LDN,LDN,2012,8,24
LDN,LDN,2012,8,25
LDN,LDN,2012,8,26
LDN,LDN,2012,8,31
LDN,LDN,2012,9,1
LDN,LDN,2012,9,2
LDN,LDN,2012,9,3
LDN,LDN,2012,9,6
LDN,LDN,2012,9,7
LDN,LDN,2012,9,8
LDN,LDN,2012,9,9
LDN,LDN,2012,9,13
LDN,LDN,2012,9,14
LDN,LDN,2012,9,15
LDN,LDN,2012,9,16
LDN,LDN,2012,9,20
LDN,LDN,2012,9,21
LDN,LDN,2012,9,22
LDN,LDN,2012,9,23
LDN,LDN,2013,1,12
LDN,LDN,2013,1,13
LDN,LDN,2013,1,14
LDN,LDN,2013,1,19
LDN,LDN,2013,1,20
LDN,LDN,2013,1,21
LDN,LDN,2013,1,22
LDN,LDN,2013,1,26
LDN,LDN,2013,1,27
LDN,LDN,2013,1,28
LDN,LDN,2013,1,29
LDN,LDN,2013,2,2
LDN,LDN,2013,2,3
LDN,LDN,2013,2,4
LDN,LDN,2013,2,5
LDN,LDN,2013,2,9
LDN,LDN,2013,2,10
LDN,LDN,2013,2,11
LDN,LDN,2013,2,12
LDN,LDN,2013,2,16
LDN,LDN,2013,2,17
LDN,LDN,2013,2,18
LDN,LDN,2013,2,19
LDN,LDN,2013,2,23
LDN,LDN,2013,2,24
LDN,LDN,2013,2,25
LDN,LDN,2013,2,26
LDN,LDN,2013,3,2
LDN,LDN,2013,3,3
LDN,LDN,2013,3,4
LDN,LDN,2013,3,5
LDN,LDN,2013,3,9
LDN,LDN,2013,3,10
LDN,LDN,2013,3,11
LDN,LDN,2013,3,12
LDN,LDN,2013,3,16
LDN,LDN,2013,3,17
LDN,LDN,2013,3,18
LDN,LDN,2013,3,19
LDN,LDN,2013,3,20
LDN,LDN,2013,3,23
LDN,LDN,2013,3,24
LDN,LDN,2013,3,25
LDN,LDN,2013,3,26
LDN,LDN,2013,3,27
LDN,LDN,2013,5,3
LDN,LDN,2013,5,4
LDN,LDN,2013,5,5
LDN,LDN,2013,5,9
LDN,LDN,2013,5,10
LDN,LDN,2013,5,11
LDN,LDN,2013,5,12
LDN,LDN,2013,5,16
LDN,LDN,2013,5,17
LDN,LDN,2013,5,18
LDN,LDN,2013,5,19
LDN,LDN,2013,5,24
LDN,LDN,2013,5,25
LDN,LDN,2013,5,26
LDN,LDN,2013,5,27
LDN,LDN,2013,5,30
LDN,LDN,2013,5,31
LDN,LDN,2013,6,1
LDN,LDN,2013,6,2
LDN,LDN,2013,6,6
LDN,LDN,2013,6,7
LDN,LDN,2013,6,8
LDN,LDN,2013,6,9
LDN,LDN,2013,6,13
LDN,LDN,2013,6,14
LDN,LDN,2013,6,15
LDN,LDN,2013,6,16
LDN,LDN,2013,6,20
LDN,LDN,2013,6,21
LDN,LDN,2013,6,22
LDN,LDN,2013,6,23
LDN,LDN,2013,6,27
LDN,LDN,2013,6,28
LDN,LDN,2013,6,29
LDN,LDN,2013,6,30
LDN,LDN,2013,7,4
LDN,LDN,2013,7,5
LDN,LDN,2013,7,6
LDN,LDN,2013,7,7
LDN,LDN,2013,7,11
LDN,LDN,2013,7,12
LDN,LDN,2013,7,13
LDN,LDN,2013,7,14
LDN,LDN,2013,7,18
LDN,LDN,2013,7,19
LDN,LDN,2013,7,20
LDN,LDN,2013,7,21
LDN,LDN,2013,7,25
LDN,LDN,2013,7,26
LDN,LDN,2013,7,27
LDN,LDN,2013,7,28
LDN,LDN,2013,8,1
LDN,LDN,2013,8,2
LDN,LDN,2013,8,3
LDN,LDN,2013,8,4
LDN,LDN,2013,8,8
LDN,LDN,2013,8,9
LDN,LDN,2013,8,10
LDN,LDN,2013,8,11
LDN,LDN,2013,8,15
LDN,LDN,2013,8,16
LDN,LDN,2013,8,17
LDN,LDN,2013,8,18
LDN,LDN,2013,8,22
LDN,LDN,2013,8,23
LDN,LDN,2013,8,24
LDN,LDN,2013,8,25
LDN,LDN,2013,8,29
LDN,LDN,2013,8,30
LDN,LDN,2013,8,31
LDN,LDN,2013,9,1
LDN,LDN,2013,9,2
LDN,LDN,2013,9,5
LDN,LDN,2013,9,6
LDN,LDN,2013,9,7
LDN,LDN,2013,9,8
LDN,LDN,2013,9,12
LDN,LDN,2013,9,13
LDN,LDN,2013,9,14
LDN,LDN,2013,9,15
LDN,LDN,2013,9,19
LDN,LDN,2013,9,20
LDN,LDN,2013,9,21
LDN,LDN,2013,9,22
LDN,LDN,2014,1,11
LDN,LDN,2014,1,12
LDN,LDN,2014,1,13
LDN,LDN,2014,1,14
LDN,LDN,2014,1,18
LDN,LDN,2014,1,19
LDN,LDN,2014,1,20
LDN,LDN,2014,1,21
LDN,LDN,2014,1,25
LDN,LDN,2014,1,26
LDN,LDN,2014,1,27
LDN,LDN,2014,1,28
LDN,LDN,2014,2,1
LDN,LDN,2014,2,2
LDN,LDN,2014,2,3
LDN,LDN,2014,2,4
LDN,LDN,2014,2,8
LDN,LDN,2014,2,9
LDN,LDN,2014,2,10
LDN,LDN,2014,2,11
LDN,LDN,2014,2,15
LDN,LDN,2014,2,16
LDN,LDN,2014,2,17
LDN,LDN,2014,2,18
LDN,LDN,2014,2,22
LDN,LDN,2014,2,23
LDN,LDN,2014,2,24
LDN,LDN,2014,2,25
LDN,LDN,2014,3,1
LDN,LDN,2014,3,2
LDN,LDN,2014,3,3
LDN,LDN,2014,3,4
LDN,LDN,2014,3,8
LDN,LDN,2014,3,9
LDN,LDN,2014,3,10
LDN,LDN,2014,3,11
LDN,LDN,2014,3,15
LDN,LDN,2014,3,16
LDN,LDN,2014,3,17
LDN,LDN,2014,3,18
LDN,LDN,2014,3,19
LDN,LDN,2014,3,22
LDN,LDN,2014,3,23
LDN,LDN,2014,3,24
LDN,LDN,2014,3,25
LDN,LDN,2014,3,26
LDN,LDN,2014,5,2
LDN,LDN,2014,5,3
LDN,LDN,2014,5,4
LDN,LDN,2014,5,8
LDN,LDN,2014,5,9
LDN,LDN,2014,5,10
LDN,LDN,2014,5,11
LDN,LDN,2014,5,15
LDN,LDN,2014,5,16
LDN,LDN,2014,5,17
LDN,LDN,2014,5,18
LDN,LDN,2014,5,23
LDN,LDN,2014,5,24
LDN,LDN,2014,5,25
LDN,LDN,2014,5,26
LDN,LDN,2014,5,29
LDN,LDN,2014,5,30
LDN,LDN,2014,5,31
LDN,LDN,2014,6,1
LDN,LDN,2014,6,5
LDN,LDN,2014,6,6
LDN,LDN,2014,6,7
LDN,LDN,2014,6,8
LDN,LDN,2014,6,12
LDN,LDN,2014,6,13
LDN,LDN,2014,6,14
LDN,LDN,2014,6,15
LDN,LDN,2014,6,19
LDN,LDN,2014,6,20
LDN,LDN,2014,6,21
LDN,LDN,2014,6,22
LDN,LDN,2014,6,26
LDN,LDN,2014,6,27
LDN,LDN,2014,6,28
LDN,LDN,2014,6,29
LDN,LDN,2014,7,3
LDN,LDN,2014,7,4
LDN,LDN,2014,7,5
LDN,LDN,2014,7,6
LDN,LDN,2014,7,10
LDN,LDN,2014,7,11
LDN,LDN,2014,7,12
LDN,LDN,2014,7,13
LDN,LDN,2014,7,17
LDN,LDN,2014,7,18
LDN,LDN,2014,7,19
LDN,LDN,2014,7,20
LDN,LDN,2014,7,24
LDN,LDN,2014,7,25
LDN,LDN,2014,7,26
LDN,LDN,2014,7,27
LDN,LDN,2014,7,31
LDN,LDN,2014,8,1
LDN,LDN,2014,8,2
LDN,LDN,2014,8,3
LDN,LDN,2014,8,7
LDN,LDN,2014,8,8
LDN,LDN,2014,8,9
LDN,LDN,2014,8,10
LDN,LDN,2014,8,14
LDN,LDN,2014,8,15
LDN,LDN,2014,8,16
LDN,LDN,2014,8,17
LDN,LDN,2014,8,21
LDN,LDN,2014,8,22
LDN,LDN,2014,8,23
LDN,LDN,2014,8,24
LDN,LDN,2014,8,28
LDN,LDN,2014,8,29
LDN,LDN,2014,8,30
LDN,LDN,2014,8,31
LDN,LDN,2014,9,1
LDN,LDN,2014,9,4
LDN,LDN,2014,9,5
LDN,LDN,2014,9,6
LDN,LDN,2014,9,7
LDN,LDN,2014,9,11
LDN,LDN,2014,9,12
LDN,LDN,2014,9,13
LDN,LDN,2014,9,14
LDN,LDN,2014,9,18
LDN,LDN,2014,9,19
LDN,LDN,2014,9,20
LDN,LDN,2014,9,21
LDN,LDN,2015,1,17
LDN,LDN,2015,1,18
LDN,LDN,2015,1,19
LDN,LDN,2015,1,20
LDN,LDN,2015,1,24
LDN,LDN,2015,1,25
LDN,LDN,2015,1,26
LDN,LDN,2015,1,27
LDN,LDN,2015,1,31
LDN,LDN,2015,2,1
LDN,LDN,2015,2,2
LDN,LDN,2015,2,3
LDN,LDN,2015,2,7
LDN,LDN,2015,2,8
LDN,LDN,2015,2,9
LDN,LDN,2015,2,10
LDN,LDN,2015,2,14
LDN,LDN,2015,2,15
LDN,LDN,2015,2,16
LDN,LDN,2015,2,17
LDN,LDN,2015,2,21
LDN,LDN,2015,2,22
LDN,LDN,2015,2,28
LDN,LDN,2015,3,1
LDN,LDN,2015,3,2
LDN,LDN,2015,3,3
LDN,LDN,2015,3,7
LDN,LDN,2015,3,8
LDN,LDN,2015,3,10
LDN,LDN,2015,3,14
LDN,LDN,2015,3,15
LDN,LDN,2015,3,16
LDN,LDN,2015,3,17
LDN,LDN,2015,3,18
LDN,LDN,2015,3,21
LDN,LDN,2015,3,22
LDN,LDN,2015,3,23
LDN,LDN,2015,3,24
LDN,LDN,2015,3,25
LDN,LDN,2015,5,1
LDN,LDN,2015,5,2
LDN,LDN,2015,5,6
LDN,LDN,2015,5,7
LDN,LDN,2015,5,8
LDN,LDN,2015,5,9
LDN,LDN,2015,5,13
LDN,LDN,2015,5,14
LDN,LDN,2015,5,15
LDN,LDN,2015,5,16
LDN,LDN,2015,5,20
LDN,LDN,2015,5,21
LDN,LDN,2015,5,22
LDN,LDN,2015,5,23
LDN,LDN,2015,5,25
LDN,LDN,2015,5,27
LDN,LDN,2015,5,28
LDN,LDN,2015,5,29
LDN,LDN,2015,5,30
LDN,LDN,2015,6,3
LDN,LDN,2015,6,4
LDN,LDN,2015,6,5
LDN,LDN,2015,6,6
LDN,LDN,2015,6,10
LDN,LDN,2015,6,11
LDN,LDN,2015,6,12
LDN,LDN,2015,6,13
LDN,LDN,2015,6,17
LDN,LDN,2015,6,18
LDN,LDN,2015,6,19
LDN,LDN,2015,6,20
LDN,LDN,2015,6,24
LDN,LDN,2015,6,25
LDN,LDN,2015,6,26
LDN,LDN,2015,6,27
LDN,LDN,2015,7,1
LDN,LDN,2015,7,2
LDN,LDN,2015,7,3
LDN,LDN,2015,7,4
LDN,LDN,2015,7,8
LDN,LDN,2015,7,9
LDN,LDN,2015,7,10
LDN,LDN,2015,7,11
LDN,LDN,2015,7,15
LDN,LDN,2015,7,16
LDN,LDN,2015,7,17
LDN,LDN,2015,7,18
LDN,LDN,2015,7,22
LDN,LDN,2015,7,23
LDN,LDN,2015,7,24
LDN,LDN,2015,7,25
LDN,LDN,2015,7,29
LDN,LDN,2015,7,30
LDN,LDN,2015,7,31
LDN,LDN,2015,8,1
LDN,LDN,2015,8,5
LDN,LDN,2015,8,6
LDN,LDN,2015,8,7
LDN,LDN,2015,8,8
LDN,LDN,2015,8,12
LDN,LDN,2015,8,13
LDN,LDN,2015,8,14
LDN,LDN,2015,8,15
LDN,LDN,2015,8,19
LDN,LDN,2015,8,20
LDN,LDN,2015,8,21
LDN,LDN,2015,8,22
LDN,LDN,2015,8,26
LDN,LDN,2015,8,27
LDN,LDN,2015,8,28
LDN,LDN,2015,8,29
LDN,LDN,2015,9,2
LDN,LDN,2015,9,3
LDN,LDN,2015,9,4
LDN,LDN,2015,9,5
LDN,LDN,2015,9,7
LDN,LDN,2015,9,9
LDN,LDN,2015,9,10
LDN,LDN,2015,9,11
LDN,LDN,2015,9,12
LDN,LDN,2015,9,16
LDN,LDN,2015,9,17
LDN,LDN,2015,9,18
LDN,LDN,2015,9,19
LON,LON,1999,4,16
LON,LON,1999,4,17
LON,LON,1999,4,18
LON,LON,1999,4,21
LON,LON,1999,4,22
LON,LON,1999,4,23
LON,LON,1999,4,24
LON,LON,1999,4,25
LON,LON,1999,4,28
LON,LON,1999,4,29
LON,LON,1999,4,30
LON,LON,1999,5,1
LON,LON,1999,5,2
LON,LON,1999,5,5
LON,LON,1999,5,6
LON,LON,1999,5,7
LON,LON,1999,5,8
LON,LON,1999,5,9
LON,LON,1999,5,12
LON,LON,1999,5,13
LON,LON,1999,5,14
LON,LON,1999,5,15
LON,LON,1999,5,16
LON,LON,1999,5,19
LON,LON,1999,5,20
LON,LON,1999,5,22
LON,LON,1999,5,23
LON,LON,1999,5,26
LON,LON,1999,5,27
LON,LON,1999,5,28
LON,LON,1999,5,29
LON,LON,1999,5,30
LON,LON,1999,5,31
LON,LON,1999,6,4
LON,LON,1999,6,5
LON,LON,1999,6,6
LON,LON,1999,6,10
LON,LON,1999,6,11
LON,LON,1999,6,12
LON,LON,1999,6,13
LON,LON,1999,6,16
LON,LON,1999,6,17
LON,LON,1999,6,18
LON,LON,1999,6,19
LON,LON,1999,6,23
LON,LON,1999,6,24
LON,LON,1999,6,25
LON,LON,1999,6,26
LON,LON,1999,6,30
LON,LON,1999,7,1
LON,LON,1999,7,2
LON,LON,1999,7,3
LON,LON,1999,7,4
LON,LON,1999,7,5
LON,LON,1999,7,9
LON,LON,1999,7,10
LON,LON,1999,7,11
LON,LON,1999,7,14
LON,LON,1999,7,16
LON,LON,1999,7,18
LON,LON,1999,7,21
LON,LON,1999,7,22
LON,LON,1999,7,23
LON,LON,1999,7,24
LON,LON,1999,7,25
LON,LON,2000,4,13
LON,LON,2000,4,14
LON,LON,2000,4,15
LON,LON,2000,4,16
LON,LON,2000,4,19
LON,LON,2000,4,20
LON,LON,2000,4,21
LON,LON,2000,4,22
LON,LON,2000,4,23
LON,LON,2000,4,26
LON,LON,2000,4,27
LON,LON,2000,4,28
LON,LON,2000,4,29
LON,LON,2000,4,30
LON,LON,2000,5,3
LON,LON,2000,5,4
LON,LON,2000,5,5
LON,LON,2000,5,6
LON,LON,2000,5,7
LON,LON,2000,5,11
LON,LON,2000,5,14
LON,LON,2000,5,17
LON,LON,2000,5,18
LON,LON,2000,5,19
LON,LON,2000,5,20
LON,LON,2000,5,21
LON,LON,2000,5,24
LON,LON,2000,5,25
LON,LON,2000,5,26
LON,LON,2000,5,27
LON,LON,2000,5,28
LON,LON,2000,5,29
LON,LON,2000,6,2
LON,LON,2000,6,3
LON,LON,2000,6,4
LON,LON,2000,6,7
LON,LON,2000,6,8
LON,LON,2000,6,9
LON,LON,2000,6,10
LON,LON,2000,6,11
LON,LON,2000,6,14
LON,LON,2000,7,7
LON,LON,2000,7,8
LON,LON,2000,7,12
LON,LON,2000,7,13
LON,LON,2000,7,14
LON,LON,2000,7,15
LON,LON,2000,7,16
LON,LON,2000,7,19
LON,LON,2000,7,20
LON,LON,2000,7,21
LON,LON,2000,7,22
LON,LON,2000,7,23
LON,LON,2001,4,5
LON,LON,2001,4,6
LON,LON,2001,4,7
LON,LON,2001,4,8
LON,LON,2001,4,11
LON,LON,2001,4,12
LON,LON,2001,4,13
LON,LON,2001,4,14
LON,LON,2001,4,15
LON,LON,2001,4,18
LON,LON,2001,4,19
LON,LON,2001,4,20
LON,LON,2001,4,21
LON,LON,2001,4,22
LON,LON,2001,4,26
LON,LON,2001,4,29
LON,LON,2001,5,2
LON,LON,2001,5,3
LON,LON,2001,5,4
LON,LON,2001,5,5
LON,LON,2001,5,6
LON,LON,2001,5,9
LON,LON,2001,5,10
LON,LON,2001,5,11
LON,LON,2001,5,12
LON,LON,2001,5,13
LON,LON,2001,5,17
LON,LON,2001,5,18
LON,LON,2001,5,20
LON,LON,2001,5,23
LON,LON,2001,5,24
LON,LON,2001,5,25
LON,LON,2001,5,26
LON,LON,2001,5,27
LON,LON,2001,5,28
LON,LON,2001,6,1
LON,LON,2001,6,3
LON,LON,2001,6,6
LON,LON,2001,6,7
LON,LON,2001,6,8
LON,LON,2001,6,13
LON,LON,2001,6,14
LON,LON,2001,6,15
LON,LON,2001,6,16
LON,LON,2001,6,17
LON,LON,2001,6,20
LON,LON,2001,6,21
LON,LON,2001,6,22
LON,LON,2001,6,23
LON,LON,2001,6,24
LON,LON,2001,6,28
LON,LON,2001,6,30
LON,LON,2001,7,1
LON,LON,2001,7,3
LON,LON,2001,7,4
LON,LON,2001,7,7
LON,LON,2001,7,8
LON,LON,2001,7,11
LON,LON,2001,7,13
LON,LON,2001,7,14
LON,LON,2001,7,15
LON,LON,2002,4,4
LON,LON,2002,4,5
LON,LON,2002,4,7
LON,LON,2002,4,11
LON,LON,2002,4,12
LON,LON,2002,4,13
LON,LON,2002,4,14
LON,LON,2002,4,18
LON,LON,2002,4,19
LON,LON,2002,4,21
LON,LON,2002,4,25
LON,LON,2002,4,26
LON,LON,2002,4,28
LON,LON,2002,5,15
LON,LON,2002,5,16
LON,LON,2002,5,17
LON,LON,2002,5,18
LON,LON,2002,5,19
LON,LON,2002,5,22
LON,LON,2002,5,23
LON,LON,2002,5,24
LON,LON,2002,5,25
LON,LON,2002,5,26
LON,LON,2002,5,27
LON,LON,2002,5,31
LON,LON,2002,6,1
LON,LON,2002,6,2
LON,LON,2002,6,5
LON,LON,2002,6,6
LON,LON,2002,6,7
LON,LON,2002,6,8
LON,LON,2002,6,9
LON,LON,2002,6,12
LON,LON,2002,6,13
LON,LON,2002,6,14
LON,LON,2002,6,15
LON,LON,2002,6,16
LON,LON,2002,6,19
LON,LON,2002,6,21
LON,LON,2002,6,22
LON,LON,2002,6,23
LON,LON,2002,6,26
LON,LON,2002,6,27
LON,LON,2002,6,28
LON,LON,2002,6,29
LON,LON,2002,6,30
LON,LON,2002,7,3
LON,LON,2002,7,4
LON,LON,2002,7,5
LON,LON,2002,7,6
LON,LON,2002,7,7
LON,LON,2002,7,10
LON,LON,2002,7,11
LON,LON,2002,7,12
LON,LON,2002,7,13
LON,LON,2002,7,14
LON,LON,2003,4,3
LON,LON,2003,4,4
LON,LON,2003,4,5
LON,LON,2003,4,6
LON,LON,2003,4,10
LON,LON,2003,4,11
LON,LON,2003,4,12
LON,LON,2003,4,13
LON,LON,2003,4,17
LON,LON,2003,4,18
LON,LON,2003,4,19
LON,LON,2003,4,20
LON,LON,2003,4,24
LON,LON,2003,4,25
LON,LON,2003,4,26
LON,LON,2003,4,27
LON,LON,2003,4,30
LON,LON,2003,5,1
LON,LON,2003,5,2
LON,LON,2003,5,3
LON,LON,2003,5,4
LON,LON,2003,5,7
LON,LON,2003,5,8
LON,LON,2003,5,9
LON,LON,2003,5,10
LON,LON,2003,5,11
LON,LON,2003,5,14
LON,LON,2003,5,15
LON,LON,2003,5,16
LON,LON,2003,5,17
LON,LON,2003,5,18
LON,LON,2003,5,21
LON,LON,2003,5,22
LON,LON,2003,5,23
LON,LON,2003,5,24
LON,LON,2003,5,25
LON,LON,2003,5,26
LON,LON,2003,5,30
LON,LON,2003,5,31
LON,LON,2003,6,1
LON,LON,2003,6,4
LON,LON,2003,6,5
LON,LON,2003,6,6
LON,LON,2003,6,7
LON,LON,2003,6,8
LON,LON,2003,6,11
LON,LON,2003,6,12
LON,LON,2003,6,13
LON,LON,2003,6,14
LON,LON,2003,6,15
LON,LON,2003,6,18
LON,LON,2003,6,19
LON,LON,2003,6,20
LON,LON,2003,6,21
LON,LON,2003,6,22
LON,LON,2003,6,25
LON,LON,2003,6,26
LON,LON,2003,6,27
LON,LON,2003,6,28
LON,LON,2003,6,29
LON,LON,2003,7,2
LON,LON,2003,7,3
LON,LON,2003,7,4
LON,LON,2003,7,5
LON,LON,2003,7,6
LON,LON,2003,7,9
LON,LON,2003,7,10
LON,LON,2003,7,11
LON,LON,2003,7,12
LON,LON,2003,7,13
LON,LON,2004,4,15
LON,LON,2004,4,16
LON,LON,2004,4,17
LON,LON,2004,4,18
LON,LON,2004,4,21
LON,LON,2004,4,22
LON,LON,2004,4,23
LON,LON,2004,4,24
LON,LON,2004,4,25
LON,LON,2004,4,28
LON,LON,2004,4,29
LON,LON,2004,4,30
LON,LON,2004,5,1
LON,LON,2004,5,2
LON,LON,2004,5,5
LON,LON,2004,5,6
LON,LON,2004,5,7
LON,LON,2004,5,8
LON,LON,2004,5,9
LON,LON,2004,5,12
LON,LON,2004,5,13
LON,LON,2004,5,14
LON,LON,2004,5,15
LON,LON,2004,5,16
LON,LON,2004,5,19
LON,LON,2004,5,20
LON,LON,2004,5,21
LON,LON,2004,5,22
LON,LON,2004,5,23
LON,LON,2004,5,26
LON,LON,2004,5,27
LON,LON,2004,5,28
LON,LON,2004,5,29
LON,LON,2004,5,30
LON,LON,2004,5,31
LON,LON,2004,6,4
LON,LON,2004,6,5
LON,LON,2004,6,6
LON,LON,2004,6,9
LON,LON,2004,6,10
LON,LON,2004,6,11
LON,LON,2004,6,12
LON,LON,2004,6,13
LON,LON,2004,6,16
LON,LON,2004,6,17
LON,LON,2004,6,18
LON,LON,2004,6,19
LON,LON,2004,6,20
LON,LON,2004,6,23
LON,LON,2004,6,24
LON,LON,2004,6,25
LON,LON,2004,6,26
LON,LON,2004,6,27
LON,LON,2004,6,30
LON,LON,2004,7,1
LON,LON,2004,7,2
LON,LON,2004,7,3
LON,LON,2004,7,4
LON,LON,2004,7,5
LON,LON,2004,7,8
LON,LON,2004,7,9
LON,LON,2004,7,10
LON,LON,2004,7,11
LON,LON,2004,10,1
LON,LON,2004,10,2
LON,LON,2004,10,3
LON,LON,2004,10,7
LON,LON,2004,10,8
LON,LON,2004,10,9
LON,LON,2004,10,10
LON,LON,2004,10,14
LON,LON,2004,10,15
LON,LON,2004,10,16
LON,LON,2004,10,17
LON,LON,2004,10,21
LON,LON,2004,10,22
LON,LON,2004,10,23
LON,LON,2004,10,24
LON,LON,2004,10,28
LON,LON,2004,10,29
LON,LON,2004,10,30
LON,LON,2004,10,31
LON,LON,2005,4,14
LON,LON,2005,4,15
LON,LON,2005,4,16
LON,LON,2005,4,17
LON,LON,2005,4,20
LON,LON,2005,4,21
LON,LON,2005,4,22
LON,LON,2005,4,23
LON,LON,2005,4,24
LON,LON,2005,4,27
LON,LON,2005,4,28
LON,LON,2005,4,29
LON,LON,2005,4,30
LON,LON,2005,5,1
LON,LON,2005,5,4
LON,LON,2005,5,5
LON,LON,2005,5,6
LON,LON,2005,5,7
LON,LON,2005,5,8
LON,LON,2005,5,11
LON,LON,2005,5,12
LON,LON,2005,5,13
LON,LON,2005,5,14
LON,LON,2005,5,15
LON,LON,2005,5,18
LON,LON,2005,5,19
LON,LON,2005,5,20
LON,LON,2005,5,21
LON,LON,2005,5,22
LON,LON,2005,5,25
LON,LON,2005,5,26
LON,LON,2005,5,27
LON,LON,2005,5,28
LON,LON,2005,5,29
LON,LON,2005,5,30
LON,LON,2005,6,3
LON,LON,2005,6,4
LON,LON,2005,6,5
LON,LON,2005,6,8
LON,LON,2005,6,9
LON,LON,2005,6,10
LON,LON,2005,6,11
LON,LON,2005,6,12
LON,LON,2005,6,15
LON,LON,2005,6,16
LON,LON,2005,6,17
LON,LON,2005,6,18
LON,LON,2005,6,19
LON,LON,2005,6,22
LON,LON,2005,6,23
LON,LON,2005,6,24
LON,LON,2005,6,25
LON,LON,2005,6,26
LON,LON,2005,6,29
LON,LON,2005,6,30
LON,LON,2005,7,1
LON,LON,2005,7,2
LON,LON,2005,7,3
LON,LON,2005,7,4
LON,LON,2005,7,8
LON,LON,2005,7,9
LON,LON,2005,7,10
LON,LON,2005,7,13
LON,LON,2005,7,14
LON,LON,2005,7,15
LON,LON,2005,7,16
LON,LON,2005,7,17
LON,LON,2005,10,1
LON,LON,2005,10,5
LON,LON,2005,10,6
LON,LON,2005,10,7
LON,LON,2005,10,8
LON,LON,2005,10,12
LON,LON,2005,10,13
LON,LON,2005,10,14
LON,LON,2005,10,15
LON,LON,2005,10,19
LON,LON,2005,10,20
LON,LON,2005,10,21
LON,LON,2005,10,22
LON,LON,2005,10,26
LON,LON,2005,10,27
LON,LON,2005,10,28
LON,LON,2005,10,29
LON,LON,2005,11,2
LON,LON,2005,11,3
LON,LON,2005,11,4
LON,LON,2005,11,5
LON,LON,2005,11,9
LON,LON,2005,11,10
LON,LON,2005,11,11
LON,LON,2005,11,12
LON,LON,2005,11,16
LON,LON,2005,11,17
LON,LON,2005,11,18
LON,LON,2005,11,19
LON,LON,2005,11,25
LON,LON,2005,11,26
LON,LON,2005,11,27
LON,LON,2006,4,13
LON,LON,2006,4,14
LON,LON,2006,4,15
LON,LON,2006,4,16
LON,LON,2006,4,19
LON,LON,2006,4,20
LON,LON,2006,4,21
LON,LON,2006,4,22
LON,LON,2006,4,23
LON,LON,2006,4,26
LON,LON,2006,4,27
LON,LON,2006,4,28
LON,LON,2006,4,29
LON,LON,2006,4,30
LON,LON,2006,5,3
LON,LON,2006,5,4
LON,LON,2006,5,5
LON,LON,2006,5,6
LON,LON,2006,5,7
LON,LON,2006,5,10
LON,LON,2006,5,11
LON,LON,2006,5,12
LON,LON,2006,5,13
LON,LON,2006,5,14
LON,LON,2006,5,17
LON,LON,2006,5,18
LON,LON,2006,5,19
LON,LON,2006,5,20
LON,LON,2006,5,21
LON,LON,2006,5,25
LON,LON,2006,5,26
LON,LON,2006,5,27
LON,LON,2006,5,28
LON,LON,2006,5,29
LON,LON,2006,6,2
LON,LON,2006,6,3
LON,LON,2006,6,4
LON,LON,2006,6,8
LON,LON,2006,6,9
LON,LON,2006,6,10
LON,LON,2006,6,11
LON,LON,2006,6,15
LON,LON,2006,6,16
LON,LON,2006,6,17
LON,LON,2006,6,18
LON,LON,2006,6,22
LON,LON,2006,6,23
LON,LON,2006,6,24
LON,LON,2006,6,25
LON,LON,2006,6,29
LON,LON,2006,6,30
LON,LON,2006,7,1
LON,LON,2006,7,2
LON,LON,2006,7,3
LON,LON,2006,7,4
LON,LON,2006,7,7
LON,LON,2006,7,8
LON,LON,2006,7,9
LON,LON,2006,7,13
LON,LON,2006,7,14
LON,LON,2006,7,15
LON,LON,2006,7,16
LON,LON,2006,7,20
LON,LON,2006,7,21
LON,LON,2006,7,22
LON,LON,2006,7,23
LON,LON,2007,4,12
LON,LON,2007,4,13
LON,LON,2007,4,14
LON,LON,2007,4,15
LON,LON,2007,4,19
LON,LON,2007,4,20
LON,LON,2007,4,21
LON,LON,2007,4,22
LON,LON,2007,4,26
LON,LON,2007,4,27
LON,LON,2007,4,28
LON,LON,2007,4,29
LON,LON,2007,5,3
LON,LON,2007,5,4
LON,LON,2007,5,5
LON,LON,2007,5,6
LON,LON,2007,5,10
LON,LON,2007,5,11
LON,LON,2007,5,12
LON,LON,2007,5,13
LON,LON,2007,5,17
LON,LON,2007,5,18
LON,LON,2007,5,19
LON,LON,2007,5,20
LON,LON,2007,5,24
LON,LON,2007,5,25
LON,LON,2007,5,26
LON,LON,2007,5,27
LON,LON,2007,5,28
LON,LON,2007,5,31
LON,LON,2007,6,1
LON,LON,2007,6,2
LON,LON,2007,6,3
LON,LON,2007,6,7
LON,LON,2007,6,8
LON,LON,2007,6,9
LON,LON,2007,6,10
LON,LON,2007,6,14
LON,LON,2007,6,15
LON,LON,2007,6,16
LON,LON,2007,6,17
LON,LON,2007,6,21
LON,LON,2007,6,22
LON,LON,2007,6,23
LON,LON,2007,6,24
LON,LON,2007,6,28
LON,LON,2007,6,29
LON,LON,2007,6,30
LON,LON,2007,7,1
LON,LON,2007,7,3
LON,LON,2007,7,4
LON,LON,2007,7,5
LON,LON,2007,7,6
LON,LON,2007,7,7
LON,LON,2007,7,8
LON,LON,2007,7,12
LON,LON,2007,7,13
LON,LON,2007,7,14
LON,LON,2007,7,15
LON,LON,2007,7,19
LON,LON,2007,7,20
LON,LON,2007,7,21
LON,LON,2007,7,22
LON,LON,2007,7,26
LON,LON,2007,7,27
LON,LON,2007,7,28
LON,LON,2007,7,29
LON,LON,2008,4,10
LON,LON,2008,4,11
LON,LON,2008,4,12
LON,LON,2008,4,13
LON,LON,2008,4,17
LON,LON,2008,4,18
LON,LON,2008,4,19
LON,LON,2008,4,20
LON,LON,2008,4,24
LON,LON,2008,4,25
LON,LON,2008,4,26
LON,LON,2008,4,27
LON,LON,2008,5,1
LON,LON,2008,5,2
LON,LON,2008,5,3
LON,LON,2008,5,4
LON,LON,2008,5,8
LON,LON,2008,5,9
LON,LON,2008,5,10
LON,LON,2008,5,11
LON,LON,2008,5,15
LON,LON,2008,5,16
LON,LON,2008,5,17
LON,LON,2008,5,18
LON,LON,2008,5,22
LON,LON,2008,5,23
LON,LON,2008,5,24
LON,LON,2008,5,25
LON,LON,2008,5,26
LON,LON,2008,5,29
LON,LON,2008,5,30
LON,LON,2008,5,31
LON,LON,2008,6,1
LON,LON,2008,6,5
LON,LON,2008,6,6
LON,LON,2008,6,7
LON,LON,2008,6,8
LON,LON,2008,6,12
LON,LON,2008,6,13
LON,LON,2008,6,14
LON,LON,2008,6,15
LON,LON,2008,6,19
LON,LON,2008,6,20
LON,LON,2008,6,21
LON,LON,2008,6,22
LON,LON,2008,6,26
LON,LON,2008,6,27
LON,LON,2008,6,28
LON,LON,2008,6,29
LON,LON,2008,7,3
LON,LON,2008,7,4
LON,LON,2008,7,5
LON,LON,2008,7,6
LON,LON,2008,7,10
LON,LON,2008,7,11
LON,LON,2008,7,12
LON,LON,2008,7,13
LON,LON,2008,7,17
LON,LON,2008,7,18
LON,LON,2008,7,19
LON,LON,2008,7,20
LON,LON,2008,7,24
LON,LON,2008,7,25
LON,LON,2008,7,26
LON,LON,2008,7,27
LON,LON,2009,4,9
LON,LON,2009,4,10
LON,LON,2009,4,11
LON,LON,2009,4,12
LON,LON,2009,4,16
LON,LON,2009,4,17
LON,LON,2009,4,18
LON,LON,2009,4,19
LON,LON,2009,4,23
LON,LON,2009,4,24
LON,LON,2009,4,25
LON,LON,2009,4,26
LON,LON,2009,4,30
LON,LON,2009,5,1
LON,LON,2009,5,2
LON,LON,2009,5,3
LON,LON,2009,5,7
LON,LON,2009,5,8
LON,LON,2009,5,9
LON,LON,2009,5,10
LON,LON,2009,5,14
LON,LON,2009,5,15
LON,LON,2009,5,16
LON,LON,2009,5,17
LON,LON,2009,5,21
LON,LON,2009,5,22
LON,LON,2009,5,23
LON,LON,2009,5,24
LON,LON,2009,5,25
LON,LON,2009,5,28
LON,LON,2009,5,29
LON,LON,2009,5,30
LON,LON,2009,5,31
LON,LON,2009,6,4
LON,LON,2009,6,5
LON,LON,2009,6,6
LON,LON,2009,6,7
LON,LON,2009,6,11
LON,LON,2009,6,12
LON,LON,2009,6,13
LON,LON,2009,6,14
LON,LON,2009,6,18
LON,LON,2009,6,19
LON,LON,2009,6,20
LON,LON,2009,6,21
LON,LON,2009,6,25
LON,LON,2009,6,26
LON,LON,2009,6,27
LON,LON,2009,6,28
LON,LON,2009,7,2
LON,LON,2009,7,3
LON,LON,2009,7,4
LON,LON,2009,7,5
LON,LON,2009,7,9
LON,LON,2009,7,10
LON,LON,2009,7,11
LON,LON,2009,7,12
LON,LON,2009,7,16
LON,LON,2009,7,17
LON,LON,2009,7,18
LON,LON,2009,7,19
LON,LON,2009,7,23
LON,LON,2009,7,24
LON,LON,2009,7,25
LON,LON,2009,7,26
LON,LON,2010,4,8
LON,LON,2010,4,9
LON,LON,2010,4,10
LON,LON,2010,4,11
LON,LON,2010,4,15
LON,LON,2010,4,16
LON,LON,2010,4,17
LON,LON,2010,4,18
LON,LON,2010,4,22
LON,LON,2010,4,23
LON,LON,2010,4,24
LON,LON,2010,4,25
LON,LON,2010,4,29
LON,LON,2010,4,30
LON,LON,2010,5,1
LON,LON,2010,5,2
LON,LON,2010,5,6
LON,LON,2010,5,7
LON,LON,2010,5,8
LON,LON,2010,5,9
LON,LON,2010,5,13
LON,LON,2010,5,14
LON,LON,2010,5,15
LON,LON,2010,5,16
LON,LON,2010,5,20
LON,LON,2010,5,21
LON,LON,2010,5,22
LON,LON,2010,5,23
LON,LON,2010,5,27
LON,LON,2010,5,28
LON,LON,2010,5,29
LON,LON,2010,5,30
LON,LON,2010,5,31
LON,LON,2010,6,4
LON,LON,2010,6,5
LON,LON,2010,6,6
LON,LON,2010,6,10
LON,LON,2010,6,11
LON,LON,2010,6,12
LON,LON,2010,6,13
LON,LON,2010,6,17
LON,LON,2010,6,18
LON,LON,2010,6,19
LON,LON,2010,6,20
LON,LON,2010,6,24
LON,LON,2010,6,25
LON,LON,2010,6,26
LON,LON,2010,6,27
LON,LON,2010,7,1
LON,LON,2010,7,2
LON,LON,2010,7,3
LON,LON,2010,7,4
LON,LON,2010,7,8
LON,LON,2010,7,9
LON,LON,2010,7,10
LON,LON,2010,7,11
LON,LON,2010,7,15
LON,LON,2010,7,16
LON,LON,2010,7,17
LON,LON,2010,7,18
LON,LON,2011,4,14
LON,LON,2011,4,15
LON,LON,2011,4,16
LON,LON,2011,4,17
LON,LON,2011,4,21
LON,LON,2011,4,22
LON,LON,2011,4,23
LON,LON,2011,4,24
LON,LON,2011,4,28
LON,LON,2011,4,29
LON,LON,2011,4,30
LON,LON,2011,5,1
LON,LON,2011,5,5
LON,LON,2011,5,6
LON,LON,2011,5,7
LON,LON,2011,5,8
LON,LON,2011,5,12
LON,LON,2011,5,13
LON,LON,2011,5,14
LON,LON,2011,5,15
LON,LON,2011,5,19
LON,LON,2011,5,20
LON,LON,2011,5,21
LON,LON,2011,5,22
LON,LON,2011,5,26
LON,LON,2011,5,27
LON,LON,2011,5,28
LON,LON,2011,5,29
LON,LON,2011,5,30
LON,LON,2011,6,3
LON,LON,2011,6,4
LON,LON,2011,6,5
LON,LON,2011,6,9
LON,LON,2011,6,10
LON,LON,2011,6,11
LON,LON,2011,6,12
LON,LON,2011,6,16
LON,LON,2011,6,17
LON,LON,2011,6,18
LON,LON,2011,6,19
LON,LON,2011,6,23
LON,LON,2011,6,24
LON,LON,2011,6,25
LON,LON,2011,6,26
LON,LON,2011,6,30
LON,LON,2011,7,1
LON,LON,2011,7,2
LON,LON,2011,7,3
LON,LON,2011,7,4
LON,LON,2011,7,8
LON,LON,2011,7,9
LON,LON,2011,7,10
LON,LON,2012,4,12
LON,LON,2012,4,13
LON,LON,2012,4,14
LON,LON,2012,4,15
LON,LON,2012,4,19
LON,LON,2012,4,20
LON,LON,2012,4,21
LON,LON,2012,4,22
LON,LON,2012,4,26
LON,LON,2012,4,27
LON,LON,2012,4,28
LON,LON,2012,4,29
LON,LON,2012,5,3
LON,LON,2012,5,4
LON,LON,2012,5,5
LON,LON,2012,5,6
LON,LON,2012,5,10
LON,LON,2012,5,11
LON,LON,2012,5,12
LON,LON,2012,5,13
LON,LON,2012,5,17
LON,LON,2012,5,18
LON,LON,2012,5,19
LON,LON,2012,5,20
LON,LON,2012,5,24
LON,LON,2012,5,25
LON,LON,2012,5,26
LON,LON,2012,5,27
LON,LON,2012,5,28
LON,LON,2012,6,1
LON,LON,2012,6,2
LON,LON,2012,6,3
LON,LON,2012,6,7
LON,LON,2012,6,8
LON,LON,2012,6,9
LON,LON,2012,6,10
LON,LON,2012,6,14
LON,LON,2012,6,15
LON,LON,2012,6,16
LON,LON,2012,6,17
LON,LON,2012,6,21
LON,LON,2012,6,22
LON,LON,2012,6,23
LON,LON,2012,6,24
LON,LON,2012,6,28
LON,LON,2012,6,29
LON,LON,2012,6,30
LON,LON,2012,7,1
LON,LON,2012,7,3
LON,LON,2012,7,4
LON,LON,2012,7,6
LON,LON,2012,7,7
LON,LON,2012,7,8
LON,LON,2013,4,11
LON,LON,2013,4,12
LON,LON,2013,4,13
LON,LON,2013,4,14
LON,LON,2013,4,18
LON,LON,2013,4,19
LON,LON,2013,4,20
LON,LON,2013,4,21
LON,LON,2013,4,25
LON,LON,2013,4,26
LON,LON,2013,4,27
LON,LON,2013,4,28
LON,LON,2013,5,2
LON,LON,2013,5,3
LON,LON,2013,5,4
LON,LON,2013,5,5
LON,LON,2013,5,9
LON,LON,2013,5,10
LON,LON,2013,5,11
LON,LON,2013,5,12
LON,LON,2013,5,16
LON,LON,2013,5,17
LON,LON,2013,5,18
LON,LON,2013,5,19
LON,LON,2013,5,23
LON,LON,2013,5,24
LON,LON,2013,5,25
LON,LON,2013,5,26
LON,LON,2013,5,27
LON,LON,2013,5,31
LON,LON,2013,6,1
LON,LON,2013,6,2
LON,LON,2013,6,6
LON,LON,2013,6,7
LON,LON,2013,6,8
LON,LON,2013,6,9
LON,LON,2013,6,13
LON,LON,2013,6,14
LON,LON,2013,6,15
LON,LON,2013,6,16
LON,LON,2013,6,20
LON,LON,2013,6,21
LON,LON,2013,6,22
LON,LON,2013,6,27
LON,LON,2013,6,28
LON,LON,2013,6,29
LON,LON,2013,7,3
LON,LON,2013,7,4
LON,LON,2013,7,5
LON,LON,2013,7,6
LON,LON,2014,4,10
LON,LON,2014,4,11
LON,LON,2014,4,12
LON,LON,2014,4,17
LON,LON,2014,4,18
LON,LON,2014,4,19
LON,LON,2014,4,24
LON,LON,2014,4,25
LON,LON,2014,4,26
LON,LON,2014,4,27
LON,LON,2014,5,1
LON,LON,2014,5,2
LON,LON,2014,5,3
LON,LON,2014,5,4
LON,LON,2014,5,8
LON,LON,2014,5,9
LON,LON,2014,5,10
LON,LON,2014,5,11
LON,LON,2014,5,15
LON,LON,2014,5,16
LON,LON,2014,5,17
LON,LON,2014,5,18
LON,LON,2014,5,22
LON,LON,2014,5,23
LON,LON,2014,5,24
LON,LON,2014,5,25
LON,LON,2014,5,26
LON,LON,2014,5,30
LON,LON,2014,5,31
LON,LON,2014,6,1
LON,LON,2014,6,5
LON,LON,2014,6,6
LON,LON,2014,6,7
LON,LON,2014,6,8
LON,LON,2014,6,12
LON,LON,2014,6,13
LON,LON,2014,6,14
LON,LON,2014,6,15
LON,LON,2014,6,19
LON,LON,2014,6,20
LON,LON,2014,6,21
LON,LON,2014,6,26
LON,LON,2014,6,27
LON,LON,2014,6,28
LON,LON,2014,7,3
LON,LON,2014,7,4
LON,LON,2014,7,5
LON,LON,2014,7,10
LON,LON,2014,7,11
LON,LON,2014,7,12
LON,LON,2015,4,9
LON,LON,2015,4,10
LON,LON,2015,4,11
LON,LON,2015,4,12
LON,LON,2015,4,17
LON,LON,2015,4,18
LON,LON,2015,4,19
LON,LON,2015,4,23
LON,LON,2015,4,24
LON,LON,2015,4,25
LON,LON,2015,4,26
LON,LON,2015,5,1
LON,LON,2015,5,2
LON,LON,2015,5,3
LON,LON,2015,5,8
LON,LON,2015,5,9
LON,LON,2015,5,10
LON,LON,2015,5,15
LON,LON,2015,5,16
LON,LON,2015,5,17
LON,LON,2015,5,22
LON,LON,2015,5,23
LON,LON,2015,5,24
LON,LON,2015,5,25
LON,LON,2015,5,29
LON,LON,2015,5,30
LON,LON,2015,5,31
LON,LON,2015,6,5
LON,LON,2015,6,6
LON,LON,2015,6,7
LON,LON,2015,6,12
LON,LON,2015,6,13
LON,LON,2015,6,14
LON,LON,2015,6,18
LON,LON,2015,6,19
LON,LON,2015,6,20
LON,LON,2015,6,21
LON,LON,2015,6,26
LON,LON,2015,6,27
LON,LON,2015,6,28
LON,LON,2015,7,3
LON,LON,2015,7,4
LON,LON,2015,7,5
LON,LON,2015,7,10
LON,LON,2015,7,11
LON,LON,2015,7,12
LON,LON,2015,7,16
LON,LON,2015,7,17
LON,LON,2015,7,18
LON,LON,2015,7,19
LOS,LOS,1998,8,14
LOS,LOS,1998,8,15
LOS,LOS,1998,8,16
LOS,LOS,1998,8,20
LOS,LOS,1998,8,21
LOS,LOS,1998,8,22
LOS,LOS,1998,8,23
LOS,LOS,1998,8,27
LOS,LOS,1998,8,28
LOS,LOS,1998,8,29
LOS,LOS,1998,8,30
LOS,LOS,1998,9,3
LOS,LOS,1998,9,4
LOS,LOS,1998,9,5
LOS,LOS,1998,9,6
LOS,LOS,1998,9,10
LOS,LOS,1998,9,11
LOS,LOS,1998,9,12
LOS,LOS,1998,9,13
LOS,LOS,1998,9,17
LOS,LOS,1998,9,18
LOS,LOS,1998,9,19
LOS,LOS,1998,9,20
LOS,LOS,1998,9,24
LOS,LOS,1998,9,25
LOS,LOS,1998,9,27
LOS,LOS,1998,10,1
LOS,LOS,1998,10,2
LOS,LOS,1998,10,3
LOS,LOS,1998,10,4
LOS,LOS,1998,10,8
LOS,LOS,1998,10,9
LOS,LOS,1998,10,10
LOS,LOS,1998,10,11
LOS,LOS,1998,10,15
LOS,LOS,1998,10,16
LOS,LOS,1998,10,17
LOS,LOS,1998,10,18
LOS,LOS,1998,10,22
LOS,LOS,1998,10,23
LOS,LOS,1998,10,24
LOS,LOS,1998,10,25
LOS,LOS,1998,10,29
LOS,LOS,1998,10,30
LOS,LOS,1998,10,31
LOS,LOS,1998,11,1
LOS,LOS,1998,11,5
LOS,LOS,1998,11,6
LOS,LOS,1998,11,7
LOS,LOS,1998,11,8
LOS,LOS,1998,11,12
LOS,LOS,1998,11,13
LOS,LOS,1998,11,14
LOS,LOS,1998,11,15
LOS,LOS,1998,11,19
LOS,LOS,1998,11,20
LOS,LOS,1998,11,21
LOS,LOS,1998,11,22
LOS,LOS,1998,11,27
LOS,LOS,1998,11,28
LOS,LOS,1998,11,29
LOS,LOS,1998,12,3
LOS,LOS,1998,12,4
LOS,LOS,1998,12,5
LOS,LOS,1998,12,6
LOS,LOS,1998,12,12
LOS,LOS,1998,12,13
LOS,LOS,1998,12,17
LOS,LOS,1998,12,18
LOS,LOS,1998,12,19
LOS,LOS,1998,12,20
LOS,LOS,1999,4,16
LOS,LOS,1999,4,17
LOS,LOS,1999,4,18
LOS,LOS,1999,4,23
LOS,LOS,1999,4,24
LOS,LOS,1999,4,25
LOS,LOS,1999,4,28
LOS,LOS,1999,4,30
LOS,LOS,1999,5,1
LOS,LOS,1999,5,2
LOS,LOS,1999,5,5
LOS,LOS,1999,5,7
LOS,LOS,1999,5,8
LOS,LOS,1999,5,9
LOS,LOS,1999,5,12
LOS,LOS,1999,5,14
LOS,LOS,1999,5,15
LOS,LOS,1999,5,16
LOS,LOS,1999,5,19
LOS,LOS,1999,5,22
LOS,LOS,1999,5,23
LOS,LOS,1999,5,27
LOS,LOS,1999,5,28
LOS,LOS,1999,5,29
LOS,LOS,1999,5,30
LOS,LOS,1999,6,3
LOS,LOS,1999,6,4
LOS,LOS,1999,6,5
LOS,LOS,1999,6,6
LOS,LOS,1999,6,10
LOS,LOS,1999,6,11
LOS,LOS,1999,6,12
LOS,LOS,1999,6,13
LOS,LOS,1999,6,18
LOS,LOS,1999,6,19
LOS,LOS,1999,6,24
LOS,LOS,1999,6,25
LOS,LOS,1999,6,26
LOS,LOS,1999,7,1
LOS,LOS,1999,7,2
LOS,LOS,1999,7,3
LOS,LOS,1999,7,4
LOS,LOS,1999,7,8
LOS,LOS,1999,7,9
LOS,LOS,1999,7,10
LOS,LOS,1999,7,11
LOS,LOS,1999,7,16
LOS,LOS,1999,7,18
LOS,LOS,1999,7,22
LOS,LOS,1999,7,23
LOS,LOS,1999,7,24
LOS,LOS,1999,7,25
LOS,LOS,1999,7,29
LOS,LOS,1999,7,30
LOS,LOS,1999,7,31
LOS,LOS,1999,8,1
LOS,LOS,1999,8,5
LOS,LOS,1999,8,8
LOS,LOS,1999,8,15
LOS,LOS,1999,8,19
LOS,LOS,1999,8,20
LOS,LOS,1999,8,21
LOS,LOS,1999,8,22
LOS,LOS,1999,8,26
LOS,LOS,1999,8,29
LOS,LOS,1999,9,2
LOS,LOS,1999,9,3
LOS,LOS,1999,9,4
LOS,LOS,1999,9,5
LOS,LOS,1999,9,9
LOS,LOS,1999,9,10
LOS,LOS,1999,9,11
LOS,LOS,1999,9,12
LOS,LOS,1999,9,16
LOS,LOS,1999,9,17
LOS,LOS,1999,9,18
LOS,LOS,1999,9,19
LOS,LOS,1999,9,23
LOS,LOS,1999,9,24
LOS,LOS,1999,9,25
LOS,LOS,1999,9,26
LOS,LOS,1999,9,30
LOS,LOS,1999,10,1
LOS,LOS,1999,10,2
LOS,LOS,1999,10,3
LOS,LOS,1999,10,7
LOS,LOS,1999,10,8
LOS,LOS,1999,10,9
LOS,LOS,1999,10,10
LOS,LOS,1999,10,14
LOS,LOS,1999,10,15
LOS,LOS,1999,10,16
LOS,LOS,1999,10,17
LOS,LOS,1999,10,21
LOS,LOS,1999,10,22
LOS,LOS,1999,10,23
LOS,LOS,1999,10,24
LOS,LOS,1999,10,28
LOS,LOS,1999,10,29
LOS,LOS,1999,10,30
LOS,LOS,1999,11,4
LOS,LOS,1999,11,5
LOS,LOS,1999,11,6
LOS,LOS,1999,11,7
LOS,LOS,1999,11,11
LOS,LOS,1999,11,12
LOS,LOS,1999,11,13
LOS,LOS,1999,11,14
LOS,LOS,1999,11,18
LOS,LOS,1999,11,19
LOS,LOS,1999,11,26
LOS,LOS,1999,11,27
LOS,LOS,1999,11,28
LOS,LOS,1999,12,2
LOS,LOS,1999,12,4
LOS,LOS,1999,12,5
LOS,LOS,1999,12,9
LOS,LOS,1999,12,10
LOS,LOS,1999,12,12
LOS,LOS,1999,12,16
LOS,LOS,1999,12,19
LOS,LOS,1999,12,26
LOS,LOS,1999,12,29
LOS,LOS,1999,12,30
LOS,LOS,2000,4,14
LOS,LOS,2000,4,15
LOS,LOS,2000,4,16
LOS,LOS,2000,4,21
LOS,LOS,2000,4,22
LOS,LOS,2000,4,23
LOS,LOS,2000,4,28
LOS,LOS,2000,4,29
LOS,LOS,2000,4,30
LOS,LOS,2000,5,4
LOS,LOS,2000,5,5
LOS,LOS,2000,5,6
LOS,LOS,2000,5,7
LOS,LOS,2000,5,11
LOS,LOS,2000,5,14
LOS,LOS,2000,5,18
LOS,LOS,2000,5,19
LOS,LOS,2000,5,20
LOS,LOS,2000,5,21
LOS,LOS,2000,6,8
LOS,LOS,2000,6,9
LOS,LOS,2000,6,10
LOS,LOS,2000,6,11
LOS,LOS,2000,7,7
LOS,LOS,2000,7,8
LOS,LOS,2000,7,13
LOS,LOS,2000,7,14
LOS,LOS,2000,7,15
LOS,LOS,2000,7,16
LOS,LOS,2000,7,20
LOS,LOS,2000,7,21
LOS,LOS,2000,7,22
LOS,LOS,2000,7,23
LOS,LOS,2000,7,27
LOS,LOS,2000,7,28
LOS,LOS,2000,7,30
LOS,LOS,2000,8,3
LOS,LOS,2000,8,4
LOS,LOS,2000,8,5
LOS,LOS,2000,8,6
LOS,LOS,2000,8,10
LOS,LOS,2000,8,11
LOS,LOS,2000,8,13
LOS,LOS,2000,8,17
LOS,LOS,2000,8,18
LOS,LOS,2000,8,24
LOS,LOS,2000,8,25
LOS,LOS,2000,8,26
LOS,LOS,2000,8,31
LOS,LOS,2000,9,1
LOS,LOS,2000,9,2
LOS,LOS,2000,9,3
LOS,LOS,2000,9,7
LOS,LOS,2000,9,8
LOS,LOS,2000,9,9
LOS,LOS,2000,9,10
LOS,LOS,2000,9,14
LOS,LOS,2000,9,15
LOS,LOS,2000,9,16
LOS,LOS,2000,9,21
LOS,LOS,2000,9,22
LOS,LOS,2000,9,23
LOS,LOS,2000,9,24
LOS,LOS,2000,9,28
LOS,LOS,2000,9,29
LOS,LOS,2000,9,30
LOS,LOS,2000,10,1
LOS,LOS,2000,10,5
LOS,LOS,2000,10,7
LOS,LOS,2000,10,8
LOS,LOS,2000,10,12
LOS,LOS,2000,10,13
LOS,LOS,2000,10,14
LOS,LOS,2000,10,15
LOS,LOS,2000,10,19
LOS,LOS,2000,10,20
LOS,LOS,2000,10,21
LOS,LOS,2000,10,22
LOS,LOS,2000,10,26
LOS,LOS,2000,10,28
LOS,LOS,2000,10,29
LOS,LOS,2000,11,2
LOS,LOS,2000,11,3
LOS,LOS,2000,11,4
LOS,LOS,2000,11,5
LOS,LOS,2000,11,9
LOS,LOS,2000,11,10
LOS,LOS,2000,11,11
LOS,LOS,2000,11,12
LOS,LOS,2000,11,16
LOS,LOS,2000,11,17
LOS,LOS,2000,11,18
LOS,LOS,2000,11,19
LOS,LOS,2000,11,24
LOS,LOS,2000,11,25
LOS,LOS,2000,11,26
LOS,LOS,2000,11,30
LOS,LOS,2000,12,1
LOS,LOS,2000,12,2
LOS,LOS,2000,12,3
LOS,LOS,2000,12,7
LOS,LOS,2000,12,8
LOS,LOS,2000,12,9
LOS,LOS,2000,12,10
LOS,LOS,2000,12,14
LOS,LOS,2000,12,15
LOS,LOS,2000,12,16
LOS,LOS,2001,1,5
LOS,LOS,2001,1,6
LOS,LOS,2001,1,7
LOS,LOS,2001,1,12
LOS,LOS,2001,1,13
LOS,LOS,2001,1,14
LOS,LOS,2001,1,19
LOS,LOS,2001,1,20
LOS,LOS,2001,1,21
LOS,LOS,2001,1,26
LOS,LOS,2001,2,2
LOS,LOS,2001,2,3
LOS,LOS,2001,2,4
LOS,LOS,2001,2,9
LOS,LOS,2001,2,10
LOS,LOS,2001,2,11
LOS,LOS,2001,2,23
LOS,LOS,2001,2,24
LOS,LOS,2001,2,25
LOS,LOS,2001,3,2
LOS,LOS,2001,3,3
LOS,LOS,2001,3,4
LOS,LOS,2001,3,9
LOS,LOS,2001,3,10
LOS,LOS,2001,3,11
LOS,LOS,2001,3,16
LOS,LOS,2001,3,17
LOS,LOS,2001,3,18
LOS,LOS,2001,3,23
LOS,LOS,2001,3,24
LOS,LOS,2001,3,25
LOS,LOS,2001,4,6
LOS,LOS,2001,4,7
LOS,LOS,2001,4,8
LOS,LOS,2001,4,13
LOS,LOS,2001,4,14
LOS,LOS,2001,4,15
LOS,LOS,2001,4,20
LOS,LOS,2001,4,21
LOS,LOS,2001,4,22
LOS,LOS,2001,4,26
LOS,LOS,2001,4,29
LOS,LOS,2001,5,3
LOS,LOS,2001,5,4
LOS,LOS,2001,5,5
LOS,LOS,2001,5,6
LOS,LOS,2001,5,10
LOS,LOS,2001,5,11
LOS,LOS,2001,5,12
LOS,LOS,2001,5,13
LOS,LOS,2001,5,17
LOS,LOS,2001,5,18
LOS,LOS,2001,5,19
LOS,LOS,2001,5,20
LOS,LOS,2001,5,24
LOS,LOS,2001,5,25
LOS,LOS,2001,5,26
LOS,LOS,2001,5,27
LOS,LOS,2001,5,31
LOS,LOS,2001,6,1
LOS,LOS,2001,6,2
LOS,LOS,2001,6,3
LOS,LOS,2001,6,7
LOS,LOS,2001,6,8
LOS,LOS,2001,6,14
LOS,LOS,2001,6,15
LOS,LOS,2001,6,16
LOS,LOS,2001,6,17
LOS,LOS,2001,6,22
LOS,LOS,2001,6,23
LOS,LOS,2001,6,24
LOS,LOS,2001,6,28
LOS,LOS,2001,6,30
LOS,LOS,2001,7,1
LOS,LOS,2001,7,7
LOS,LOS,2001,7,8
LOS,LOS,2001,7,13
LOS,LOS,2001,7,14
LOS,LOS,2001,7,15
LOS,LOS,2001,7,19
LOS,LOS,2001,7,20
LOS,LOS,2001,7,21
LOS,LOS,2001,7,28
LOS,LOS,2001,8,9
LOS,LOS,2001,8,10
LOS,LOS,2001,8,11
LOS,LOS,2001,8,12
LOS,LOS,2001,8,17
LOS,LOS,2001,8,18
LOS,LOS,2001,8,19
LOS,LOS,2001,8,23
LOS,LOS,2001,8,24
LOS,LOS,2001,8,25
LOS,LOS,2001,8,26
LOS,LOS,2001,8,31
LOS,LOS,2001,9,1
LOS,LOS,2001,9,2
LOS,LOS,2001,9,7
LOS,LOS,2001,9,8
LOS,LOS,2001,9,9
LOS,LOS,2001,9,13
LOS,LOS,2001,9,14
LOS,LOS,2001,9,15
LOS,LOS,2001,9,16
LOS,LOS,2001,9,20
LOS,LOS,2001,9,21
LOS,LOS,2001,9,22
LOS,LOS,2001,9,23
LOS,LOS,2001,9,27
LOS,LOS,2001,9,28
LOS,LOS,2001,9,29
LOS,LOS,2001,9,30
LOS,LOS,2001,10,4
LOS,LOS,2001,10,5
LOS,LOS,2001,10,6
LOS,LOS,2001,10,7
LOS,LOS,2001,10,11
LOS,LOS,2001,10,12
LOS,LOS,2001,10,13
LOS,LOS,2001,10,14
LOS,LOS,2001,10,18
LOS,LOS,2001,10,19
LOS,LOS,2001,10,21
LOS,LOS,2001,10,27
LOS,LOS,2001,10,28
LOS,LOS,2001,11,1
LOS,LOS,2001,11,2
LOS,LOS,2001,11,9
LOS,LOS,2001,11,10
LOS,LOS,2001,11,11
LOS,LOS,2001,11,15
LOS,LOS,2001,11,16
LOS,LOS,2001,11,17
LOS,LOS,2001,11,18
LOS,LOS,2001,11,24
LOS,LOS,2001,11,25
LOS,LOS,2001,11,30
LOS,LOS,2001,12,1
LOS,LOS,2001,12,2
LOS,LOS,2001,12,6
LOS,LOS,2001,12,7
LOS,LOS,2001,12,9
LOS,LOS,2001,12,14
LOS,LOS,2001,12,15
LOS,LOS,2001,12,16
LOS,LOS,2001,12,28
LOS,LOS,2001,12,29
LOS,LOS,2001,12,30
LOS,LOS,2002,1,4
LOS,LOS,2002,1,5
LOS,LOS,2002,1,6
LOS,LOS,2002,1,10
LOS,LOS,2002,1,12
LOS,LOS,2002,1,13
LOS,LOS,2002,1,17
LOS,LOS,2002,1,18
LOS,LOS,2002,1,19
LOS,LOS,2002,1,20
LOS,LOS,2002,1,24
LOS,LOS,2002,1,25
LOS,LOS,2002,1,26
LOS,LOS,2002,1,27
LOS,LOS,2002,1,31
LOS,LOS,2002,2,1
LOS,LOS,2002,2,2
LOS,LOS,2002,2,7
LOS,LOS,2002,2,8
LOS,LOS,2002,2,9
LOS,LOS,2002,2,10
LOS,LOS,2002,2,14
LOS,LOS,2002,2,15
LOS,LOS,2002,2,16
LOS,LOS,2002,2,17
LOS,LOS,2002,2,21
LOS,LOS,2002,2,22
LOS,LOS,2002,2,23
LOS,LOS,2002,2,24
LOS,LOS,2002,2,28
LOS,LOS,2002,3,1
LOS,LOS,2002,3,2
LOS,LOS,2002,3,3
LOS,LOS,2002,3,7
LOS,LOS,2002,3,8
LOS,LOS,2002,3,9
LOS,LOS,2002,3,10
LOS,LOS,2002,3,14
LOS,LOS,2002,3,15
LOS,LOS,2002,3,16
LOS,LOS,2002,3,17
LOS,LOS,2002,3,21
LOS,LOS,2002,3,22
LOS,LOS,2002,3,23
LOS,LOS,2002,3,24
LOS,LOS,2002,3,28
LOS,LOS,2002,3,29
LOS,LOS,2002,3,30
LOS,LOS,2002,3,31
LOS,LOS,2002,4,4
LOS,LOS,2002,4,5
LOS,LOS,2002,4,7
LOS,LOS,2002,4,11
LOS,LOS,2002,4,12
LOS,LOS,2002,4,13
LOS,LOS,2002,4,14
LOS,LOS,2002,4,18
LOS,LOS,2002,4,19
LOS,LOS,2002,4,21
LOS,LOS,2002,4,25
LOS,LOS,2002,4,26
LOS,LOS,2002,4,28
LOS,LOS,2002,5,16
LOS,LOS,2002,5,17
LOS,LOS,2002,5,18
LOS,LOS,2002,5,19
LOS,LOS,2002,5,23
LOS,LOS,2002,5,24
LOS,LOS,2002,5,25
LOS,LOS,2002,5,26
LOS,LOS,2002,5,30
LOS,LOS,2002,5,31
LOS,LOS,2002,6,1
LOS,LOS,2002,6,2
LOS,LOS,2002,6,6
LOS,LOS,2002,6,7
LOS,LOS,2002,6,8
LOS,LOS,2002,6,9
LOS,LOS,2002,6,13
LOS,LOS,2002,6,14
LOS,LOS,2002,6,15
LOS,LOS,2002,6,16
LOS,LOS,2002,6,21
LOS,LOS,2002,6,22
LOS,LOS,2002,6,23
LOS,LOS,2002,6,27
LOS,LOS,2002,6,28
LOS,LOS,2002,6,29
LOS,LOS,2002,6,30
LOS,LOS,2002,7,4
LOS,LOS,2002,7,5
LOS,LOS,2002,7,6
LOS,LOS,2002,7,7
LOS,LOS,2002,7,11
LOS,LOS,2002,7,12
LOS,LOS,2002,7,13
LOS,LOS,2002,7,14
LOS,LOS,2002,7,18
LOS,LOS,2002,7,19
LOS,LOS,2002,7,20
LOS,LOS,2002,7,21
LOS,LOS,2002,7,25
LOS,LOS,2002,7,26
LOS,LOS,2002,7,27
LOS,LOS,2002,7,28
LOS,LOS,2002,8,1
LOS,LOS,2002,8,2
LOS,LOS,2002,8,3
LOS,LOS,2002,8,4
LOS,LOS,2002,8,8
LOS,LOS,2002,8,9
LOS,LOS,2002,8,10
LOS,LOS,2002,8,11
LOS,LOS,2002,8,15
LOS,LOS,2002,8,16
LOS,LOS,2002,8,17
LOS,LOS,2002,8,18
LOS,LOS,2002,8,22
LOS,LOS,2002,8,23
LOS,LOS,2002,8,24
LOS,LOS,2002,8,25
LOS,LOS,2002,8,29
LOS,LOS,2002,8,30
LOS,LOS,2002,8,31
LOS,LOS,2002,9,1
LOS,LOS,2002,9,5
LOS,LOS,2002,9,6
LOS,LOS,2002,9,7
LOS,LOS,2002,9,8
LOS,LOS,2002,9,13
LOS,LOS,2002,9,14
LOS,LOS,2002,9,15
LOS,LOS,2002,9,19
LOS,LOS,2002,9,20
LOS,LOS,2002,9,21
LOS,LOS,2002,9,22
LOS,LOS,2002,9,26
LOS,LOS,2002,9,27
LOS,LOS,2002,9,28
LOS,LOS,2002,9,29
LOS,LOS,2002,10,3
LOS,LOS,2002,10,4
LOS,LOS,2002,10,5
LOS,LOS,2002,10,6
LOS,LOS,2002,10,10
LOS,LOS,2002,10,11
LOS,LOS,2002,10,12
LOS,LOS,2002,10,13
LOS,LOS,2007,1,4
LOS,LOS,2007,1,5
LOS,LOS,2007,1,6
LOS,LOS,2007,1,7
LOS,LOS,2007,1,11
LOS,LOS,2007,1,12
LOS,LOS,2007,1,13
LOS,LOS,2007,1,14
LOS,LOS,2007,1,18
LOS,LOS,2007,1,19
LOS,LOS,2007,1,20
LOS,LOS,2007,1,21
LOS,LOS,2007,1,25
LOS,LOS,2007,1,26
LOS,LOS,2007,1,27
LOS,LOS,2007,1,28
LOS,LOS,2007,2,1
LOS,LOS,2007,2,2
LOS,LOS,2007,2,3
LOS,LOS,2007,2,8
LOS,LOS,2007,2,9
LOS,LOS,2007,2,10
LOS,LOS,2007,2,11
LOS,LOS,2007,2,15
LOS,LOS,2007,2,16
LOS,LOS,2007,2,17
LOS,LOS,2007,2,18
LOS,LOS,2007,2,22
LOS,LOS,2007,2,23
LOS,LOS,2007,2,24
LOS,LOS,2007,2,25
LOS,LOS,2007,3,1
LOS,LOS,2007,3,2
LOS,LOS,2007,3,3
LOS,LOS,2007,3,4
LOS,LOS,2007,3,8
LOS,LOS,2007,3,9
LOS,LOS,2007,3,10
LOS,LOS,2007,3,11
LOS,LOS,2007,3,15
LOS,LOS,2007,3,16
LOS,LOS,2007,3,17
LOS,LOS,2007,3,18
LOS,LOS,2007,3,22
LOS,LOS,2007,3,23
LOS,LOS,2007,3,24
LOS,LOS,2007,3,25
LOS,LOS,2007,3,29
LOS,LOS,2007,3,30
LOS,LOS,2007,3,31
LOS,LOS,2007,4,1
LOS,LOS,2007,4,5
LOS,LOS,2007,4,6
LOS,LOS,2007,4,7
LOS,LOS,2007,4,8
LOS,LOS,2007,4,12
LOS,LOS,2007,4,13
LOS,LOS,2007,4,14
LOS,LOS,2007,4,15
LOS,LOS,2007,4,19
LOS,LOS,2007,4,20
LOS,LOS,2007,4,21
LOS,LOS,2007,4,22
LOS,LOS,2007,4,26
LOS,LOS,2007,4,27
LOS,LOS,2007,4,28
LOS,LOS,2007,4,29
LOS,LOS,2007,5,3
LOS,LOS,2007,5,4
LOS,LOS,2007,5,5
LOS,LOS,2007,5,6
LOS,LOS,2007,5,10
LOS,LOS,2007,5,11
LOS,LOS,2007,5,12
LOS,LOS,2007,5,13
LOS,LOS,2007,5,17
LOS,LOS,2007,5,18
LOS,LOS,2007,5,19
LOS,LOS,2007,5,20
LOS,LOS,2007,5,24
LOS,LOS,2007,5,25
LOS,LOS,2007,5,26
LOS,LOS,2007,5,27
LOS,LOS,2007,5,31
LOS,LOS,2007,6,1
LOS,LOS,2007,6,2
LOS,LOS,2007,6,3
LOS,LOS,2007,6,7
LOS,LOS,2007,6,8
LOS,LOS,2007,6,9
LOS,LOS,2007,6,10
LOS,LOS,2007,6,14
LOS,LOS,2007,6,15
LOS,LOS,2007,6,16
LOS,LOS,2007,6,17
LOS,LOS,2007,6,21
LOS,LOS,2007,6,22
LOS,LOS,2007,6,23
LOS,LOS,2007,6,24
LOS,LOS,2007,6,28
LOS,LOS,2007,6,29
LOS,LOS,2007,6,30
LOS,LOS,2007,7,1
LOS,LOS,2007,7,5
LOS,LOS,2007,7,6
LOS,LOS,2007,7,7
LOS,LOS,2007,7,8
LOS,LOS,2007,7,12
LOS,LOS,2007,7,13
LOS,LOS,2007,7,14
LOS,LOS,2007,7,15
LOS,LOS,2007,7,19
LOS,LOS,2007,7,20
LOS,LOS,2007,7,21
LOS,LOS,2007,7,22
LOS,LOS,2007,7,26
LOS,LOS,2007,7,27
LOS,LOS,2007,7,28
LOS,LOS,2007,7,29
LOS,LOS,2007,8,2
LOS,LOS,2007,8,3
LOS,LOS,2007,8,4
LOS,LOS,2007,8,5
LOS,LOS,2007,8,9
LOS,LOS,2007,8,10
LOS,LOS,2007,8,11
LOS,LOS,2007,8,12
LOS,LOS,2007,8,16
LOS,LOS,2007,8,17
LOS,LOS,2007,8,18
LOS,LOS,2007,8,19
LOS,LOS,2007,8,23
LOS,LOS,2007,8,24
LOS,LOS,2007,8,25
LOS,LOS,2007,8,26
LOS,LOS,2007,8,30
LOS,LOS,2007,8,31
LOS,LOS,2007,9,1
LOS,LOS,2007,9,2
LOS,LOS,2007,9,7
LOS,LOS,2007,9,8
LOS,LOS,2007,9,9
LOS,LOS,2007,9,13
LOS,LOS,2007,9,14
LOS,LOS,2007,9,15
LOS,LOS,2007,9,16
LOS,LOS,2007,9,20
LOS,LOS,2007,9,21
LOS,LOS,2007,9,22
LOS,LOS,2007,9,23
LOS,LOS,2007,9,27
LOS,LOS,2007,9,28
LOS,LOS,2007,9,29
LOS,LOS,2007,9,30
LOS,LOS,2007,10,4
LOS,LOS,2007,10,5
LOS,LOS,2007,10,6
LOS,LOS,2007,10,7
LOS,LOS,2007,10,11
LOS,LOS,2007,10,12
LOS,LOS,2007,10,13
LOS,LOS,2007,10,14
LOS,LOS,2007,10,18
LOS,LOS,2007,10,19
LOS,LOS,2007,10,20
LOS,LOS,2007,10,21
LOS,LOS,2007,10,25
LOS,LOS,2007,10,26
LOS,LOS,2007,10,27
LOS,LOS,2007,10,28
LOS,LOS,2007,11,1
LOS,LOS,2007,11,2
LOS,LOS,2007,11,3
LOS,LOS,2007,11,4
LOS,LOS,2007,11,8
LOS,LOS,2007,11,9
LOS,LOS,2007,11,10
LOS,LOS,2007,11,11
LOS,LOS,2007,11,15
LOS,LOS,2007,11,16
LOS,LOS,2007,11,17
LOS,LOS,2007,11,18
LOS,LOS,2007,11,23
LOS,LOS,2007,11,25
LOS,LOS,2007,11,29
LOS,LOS,2007,11,30
LOS,LOS,2007,12,2
LOS,LOS,2007,12,6
LOS,LOS,2007,12,7
LOS,LOS,2007,12,9
LOS,LOS,2007,12,13
LOS,LOS,2007,12,14
LOS,LOS,2007,12,16
LOS,LOS,2007,12,21
LOS,LOS,2007,12,22
LOS,LOS,2007,12,28
LOS,LOS,2007,12,29
LOS,LOS,2007,12,30
LOS,LOS,2008,1,3
LOS,LOS,2008,1,4
LOS,LOS,2008,1,5
LOS,LOS,2008,1,6
LOS,LOS,2008,1,10
LOS,LOS,2008,1,11
LOS,LOS,2008,1,12
LOS,LOS,2008,1,13
LOS,LOS,2008,1,17
LOS,LOS,2008,1,18
LOS,LOS,2008,1,19
LOS,LOS,2008,1,20
LOS,LOS,2008,1,24
LOS,LOS,2008,1,25
LOS,LOS,2008,1,26
LOS,LOS,2008,1,27
LOS,LOS,2008,1,31
LOS,LOS,2008,2,1
LOS,LOS,2008,2,2
LOS,LOS,2008,2,7
LOS,LOS,2008,2,8
LOS,LOS,2008,2,9
LOS,LOS,2008,2,10
LOS,LOS,2008,2,14
LOS,LOS,2008,2,15
LOS,LOS,2008,2,16
LOS,LOS,2008,2,17
LOS,LOS,2008,2,21
LOS,LOS,2008,2,22
LOS,LOS,2008,2,23
LOS,LOS,2008,2,24
LOS,LOS,2008,2,28
LOS,LOS,2008,2,29
LOS,LOS,2008,3,1
LOS,LOS,2008,3,2
LOS,LOS,2008,3,6
LOS,LOS,2008,3,7
LOS,LOS,2008,3,8
LOS,LOS,2008,3,9
LOS,LOS,2008,3,13
LOS,LOS,2008,3,14
LOS,LOS,2008,3,15
LOS,LOS,2008,3,16
LOS,LOS,2008,3,20
LOS,LOS,2008,3,21
LOS,LOS,2008,3,22
LOS,LOS,2008,3,23
LOS,LOS,2008,3,27
LOS,LOS,2008,3,28
LOS,LOS,2008,3,29
LOS,LOS,2008,3,30
LOS,LOS,2008,4,3
LOS,LOS,2008,4,4
LOS,LOS,2008,4,5
LOS,LOS,2008,4,6
LOS,LOS,2008,4,10
LOS,LOS,2008,4,11
LOS,LOS,2008,4,12
LOS,LOS,2008,4,13
LOS,LOS,2008,4,17
LOS,LOS,2008,4,18
LOS,LOS,2008,4,19
LOS,LOS,2008,4,20
LOS,LOS,2008,4,24
LOS,LOS,2008,4,25
LOS,LOS,2008,4,26
LOS,LOS,2008,4,27
LOS,LOS,2008,5,1
LOS,LOS,2008,5,2
LOS,LOS,2008,5,3
LOS,LOS,2008,5,4
LOS,LOS,2008,5,8
LOS,LOS,2008,5,9
LOS,LOS,2008,5,10
LOS,LOS,2008,5,11
LOS,LOS,2008,5,15
LOS,LOS,2008,5,16
LOS,LOS,2008,5,17
LOS,LOS,2008,5,18
LOS,LOS,2008,5,22
LOS,LOS,2008,5,23
LOS,LOS,2008,5,24
LOS,LOS,2008,5,25
LOS,LOS,2008,5,29
LOS,LOS,2008,5,30
LOS,LOS,2008,5,31
LOS,LOS,2008,6,1
LOS,LOS,2008,6,5
LOS,LOS,2008,6,6
LOS,LOS,2008,6,7
LOS,LOS,2008,6,8
LOS,LOS,2008,6,12
LOS,LOS,2008,6,13
LOS,LOS,2008,6,14
LOS,LOS,2008,6,15
LOS,LOS,2008,6,19
LOS,LOS,2008,6,20
LOS,LOS,2008,6,21
LOS,LOS,2008,6,22
LOS,LOS,2008,6,26
LOS,LOS,2008,6,27
LOS,LOS,2008,6,28
LOS,LOS,2008,6,29
LOS,LOS,2008,7,3
LOS,LOS,2008,7,5
LOS,LOS,2008,7,6
LOS,LOS,2008,7,10
LOS,LOS,2008,7,11
LOS,LOS,2008,7,12
LOS,LOS,2008,7,13
LOS,LOS,2008,7,17
LOS,LOS,2008,7,18
LOS,LOS,2008,7,19
LOS,LOS,2008,7,20
LOS,LOS,2008,7,24
LOS,LOS,2008,7,25
LOS,LOS,2008,7,26
LOS,LOS,2008,7,27
LOS,LOS,2008,7,31
LOS,LOS,2008,8,1
LOS,LOS,2008,8,2
LOS,LOS,2008,8,3
LOS,LOS,2008,8,7
LOS,LOS,2008,8,8
LOS,LOS,2008,8,9
LOS,LOS,2008,8,10
LOS,LOS,2008,8,14
LOS,LOS,2008,8,15
LOS,LOS,2008,8,16
LOS,LOS,2008,8,17
LOS,LOS,2008,8,21
LOS,LOS,2008,8,22
LOS,LOS,2008,8,23
LOS,LOS,2008,8,24
LOS,LOS,2008,8,28
LOS,LOS,2008,8,29
LOS,LOS,2008,8,30
LOS,LOS,2008,8,31
LOS,LOS,2008,9,5
LOS,LOS,2008,9,6
LOS,LOS,2008,9,7
LOS,LOS,2008,9,11
LOS,LOS,2008,9,12
LOS,LOS,2008,9,13
LOS,LOS,2008,9,14
LOS,LOS,2008,9,18
LOS,LOS,2008,9,19
LOS,LOS,2008,9,20
LOS,LOS,2008,9,21
LOS,LOS,2008,9,25
LOS,LOS,2008,9,26
LOS,LOS,2008,9,27
LOS,LOS,2008,9,28
LOS,LOS,2008,10,2
LOS,LOS,2008,10,3
LOS,LOS,2008,10,4
LOS,LOS,2008,10,5
LOS,LOS,2008,10,9
LOS,LOS,2008,10,10
LOS,LOS,2008,10,11
LOS,LOS,2008,10,12
LOS,LOS,2008,10,16
LOS,LOS,2008,10,17
LOS,LOS,2008,10,18
LOS,LOS,2008,10,19
LOS,LOS,2008,10,23
LOS,LOS,2008,10,24
LOS,LOS,2008,10,25
LOS,LOS,2008,10,26
LOS,LOS,2008,10,30
LOS,LOS,2008,10,31
LOS,LOS,2008,11,1
LOS,LOS,2008,11,2
LOS,LOS,2008,11,6
LOS,LOS,2008,11,7
LOS,LOS,2008,11,8
LOS,LOS,2008,11,9
LOS,LOS,2008,11,13
LOS,LOS,2008,11,14
LOS,LOS,2008,11,15
LOS,LOS,2008,11,16
LOS,LOS,2008,11,20
LOS,LOS,2008,11,21
LOS,LOS,2008,11,22
LOS,LOS,2008,11,23
LOS,LOS,2008,11,28
LOS,LOS,2008,11,29
LOS,LOS,2008,11,30
LOS,LOS,2008,12,5
LOS,LOS,2008,12,6
LOS,LOS,2008,12,7
LOS,LOS,2008,12,11
LOS,LOS,2008,12,12
LOS,LOS,2008,12,13
LOS,LOS,2008,12,14
LOS,LOS,2008,12,18
LOS,LOS,2008,12,19
LOS,LOS,2008,12,20
LOS,LOS,2008,12,21
LOS,LOS,2009,1,2
LOS,LOS,2009,1,3
LOS,LOS,2009,1,4
LOS,LOS,2009,1,8
LOS,LOS,2009,1,9
LOS,LOS,2009,1,10
LOS,LOS,2009,1,11
LOS,LOS,2009,1,15
LOS,LOS,2009,1,16
LOS,LOS,2009,1,17
LOS,LOS,2009,1,18
LOS,LOS,2009,1,22
LOS,LOS,2009,1,23
LOS,LOS,2009,1,24
LOS,LOS,2009,1,25
LOS,LOS,2009,1,29
LOS,LOS,2009,1,30
LOS,LOS,2009,1,31
LOS,LOS,2009,2,5
LOS,LOS,2009,2,6
LOS,LOS,2009,2,7
LOS,LOS,2009,2,8
LOS,LOS,2009,2,12
LOS,LOS,2009,2,13
LOS,LOS,2009,2,14
LOS,LOS,2009,2,15
LOS,LOS,2009,2,19
LOS,LOS,2009,2,20
LOS,LOS,2009,2,21
LOS,LOS,2009,2,22
LOS,LOS,2009,2,26
LOS,LOS,2009,2,27
LOS,LOS,2009,2,28
LOS,LOS,2009,3,1
LOS,LOS,2009,3,5
LOS,LOS,2009,3,6
LOS,LOS,2009,3,7
LOS,LOS,2009,3,8
LOS,LOS,2009,3,13
LOS,LOS,2009,3,14
LOS,LOS,2009,3,15
LOS,LOS,2009,3,19
LOS,LOS,2009,3,20
LOS,LOS,2009,3,21
LOS,LOS,2009,3,22
LOS,LOS,2009,3,26
LOS,LOS,2009,3,27
LOS,LOS,2009,3,28
LOS,LOS,2009,3,29
LOS,LOS,2009,4,2
LOS,LOS,2009,4,3
LOS,LOS,2009,4,4
LOS,LOS,2009,4,5
LOS,LOS,2009,4,9
LOS,LOS,2009,4,10
LOS,LOS,2009,4,11
LOS,LOS,2009,4,12
LOS,LOS,2009,4,16
LOS,LOS,2009,4,17
LOS,LOS,2009,4,18
LOS,LOS,2009,4,19
LOS,LOS,2009,4,23
LOS,LOS,2009,4,24
LOS,LOS,2009,4,25
LOS,LOS,2009,4,26
LOS,LOS,2009,4,30
LOS,LOS,2009,5,1
LOS,LOS,2009,5,2
LOS,LOS,2009,5,3
LOS,LOS,2009,5,7
LOS,LOS,2009,5,8
LOS,LOS,2009,5,9
LOS,LOS,2009,5,10
LOS,LOS,2009,5,14
LOS,LOS,2009,5,15
LOS,LOS,2009,5,16
LOS,LOS,2009,5,17
LOS,LOS,2009,5,21
LOS,LOS,2009,5,22
LOS,LOS,2009,5,23
LOS,LOS,2009,5,24
LOS,LOS,2009,5,29
LOS,LOS,2009,5,30
LOS,LOS,2009,5,31
LOS,LOS,2009,6,4
LOS,LOS,2009,6,5
LOS,LOS,2009,6,6
LOS,LOS,2009,6,7
LOS,LOS,2009,6,11
LOS,LOS,2009,6,12
LOS,LOS,2009,6,13
LOS,LOS,2009,6,14
LOS,LOS,2009,6,18
LOS,LOS,2009,6,19
LOS,LOS,2009,6,20
LOS,LOS,2009,6,21
LOS,LOS,2009,6,25
LOS,LOS,2009,6,26
LOS,LOS,2009,6,27
LOS,LOS,2009,6,28
LOS,LOS,2009,7,2
LOS,LOS,2009,7,3
LOS,LOS,2009,7,4
LOS,LOS,2009,7,5
LOS,LOS,2009,7,9
LOS,LOS,2009,7,10
LOS,LOS,2009,7,11
LOS,LOS,2009,7,12
LOS,LOS,2009,7,16
LOS,LOS,2009,7,17
LOS,LOS,2009,7,18
LOS,LOS,2009,7,19
LOS,LOS,2009,7,23
LOS,LOS,2009,7,24
LOS,LOS,2009,7,25
LOS,LOS,2009,7,26
LOS,LOS,2009,7,30
LOS,LOS,2009,7,31
LOS,LOS,2009,8,1
LOS,LOS,2009,8,2
LOS,LOS,2009,8,6
LOS,LOS,2009,8,7
LOS,LOS,2009,8,8
LOS,LOS,2009,8,9
LOS,LOS,2009,8,13
LOS,LOS,2009,8,14
LOS,LOS,2009,8,15
LOS,LOS,2009,8,16
LOS,LOS,2009,8,20
LOS,LOS,2009,8,21
LOS,LOS,2009,8,22
LOS,LOS,2009,8,23
LOS,LOS,2009,8,27
LOS,LOS,2009,8,28
LOS,LOS,2009,8,29
LOS,LOS,2009,8,30
LOS,LOS,2009,9,3
LOS,LOS,2009,9,4
LOS,LOS,2009,9,5
LOS,LOS,2009,9,6
LOS,LOS,2009,9,10
LOS,LOS,2009,9,11
LOS,LOS,2009,9,12
LOS,LOS,2009,9,13
LOS,LOS,2009,9,17
LOS,LOS,2009,9,18
LOS,LOS,2009,9,19
LOS,LOS,2009,9,20
LOS,LOS,2009,9,24
LOS,LOS,2009,9,25
LOS,LOS,2009,9,26
LOS,LOS,2009,9,27
LOS,LOS,2009,10,1
LOS,LOS,2009,10,2
LOS,LOS,2009,10,3
LOS,LOS,2009,10,4
LOS,LOS,2009,10,8
LOS,LOS,2009,10,9
LOS,LOS,2009,10,10
LOS,LOS,2009,10,11
LOS,LOS,2009,10,15
LOS,LOS,2009,10,16
LOS,LOS,2009,10,17
LOS,LOS,2009,10,18
LOS,LOS,2009,10,22
LOS,LOS,2009,10,23
LOS,LOS,2009,10,24
LOS,LOS,2009,10,25
LOS,LOS,2009,10,29
LOS,LOS,2009,10,30
LOS,LOS,2009,10,31
LOS,LOS,2009,11,1
LOS,LOS,2009,11,5
LOS,LOS,2009,11,6
LOS,LOS,2009,11,7
LOS,LOS,2009,11,8
LOS,LOS,2009,11,13
LOS,LOS,2009,11,14
LOS,LOS,2009,11,15
LOS,LOS,2009,11,19
LOS,LOS,2009,11,20
LOS,LOS,2009,11,21
LOS,LOS,2009,11,22
LOS,LOS,2009,11,27
LOS,LOS,2009,11,28
LOS,LOS,2009,11,29
LOS,LOS,2009,12,3
LOS,LOS,2009,12,4
LOS,LOS,2009,12,5
LOS,LOS,2009,12,6
LOS,LOS,2009,12,10
LOS,LOS,2009,12,11
LOS,LOS,2009,12,12
LOS,LOS,2009,12,13
LOS,LOS,2009,12,17
LOS,LOS,2009,12,18
LOS,LOS,2009,12,19
LOS,LOS,2009,12,20
LOS,LOS,2009,12,26
LOS,LOS,2009,12,27
LOS,LOS,2010,1,1
LOS,LOS,2010,1,2
LOS,LOS,2010,1,3
LOS,LOS,2010,1,7
LOS,LOS,2010,1,8
LOS,LOS,2010,1,9
LOS,LOS,2010,1,10
LOS,LOS,2010,1,14
LOS,LOS,2010,1,15
LOS,LOS,2010,1,16
LOS,LOS,2010,1,17
LOS,LOS,2010,1,21
LOS,LOS,2010,1,22
LOS,LOS,2010,1,23
LOS,LOS,2010,1,24
LOS,LOS,2010,1,29
LOS,LOS,2010,1,30
LOS,LOS,2010,1,31
LOS,LOS,2010,2,5
LOS,LOS,2010,2,6
LOS,LOS,2010,2,12
LOS,LOS,2010,2,13
LOS,LOS,2010,2,14
LOS,LOS,2010,2,19
LOS,LOS,2010,2,20
LOS,LOS,2010,2,21
LOS,LOS,2010,2,26
LOS,LOS,2010,2,27
LOS,LOS,2010,2,28
LOS,LOS,2010,3,5
LOS,LOS,2010,3,6
LOS,LOS,2010,3,7
LOS,LOS,2010,3,12
LOS,LOS,2010,3,13
LOS,LOS,2010,3,14
LOS,LOS,2010,3,19
LOS,LOS,2010,3,20
LOS,LOS,2010,3,21
LOS,LOS,2010,3,26
LOS,LOS,2010,3,27
LOS,LOS,2010,3,28
LOS,LOS,2010,4,3
LOS,LOS,2010,4,4
LOS,LOS,2010,4,9
LOS,LOS,2010,4,10
LOS,LOS,2010,4,11
LOS,LOS,2010,4,16
LOS,LOS,2010,4,17
LOS,LOS,2010,4,18
LOS,LOS,2010,4,23
LOS,LOS,2010,4,24
LOS,LOS,2010,4,25
LOS,LOS,2010,4,30
LOS,LOS,2010,5,1
LOS,LOS,2010,5,2
LOS,LOS,2010,5,7
LOS,LOS,2010,5,8
LOS,LOS,2010,5,9
LOS,LOS,2010,5,14
LOS,LOS,2010,5,16
LOS,LOS,2010,5,21
LOS,LOS,2010,5,22
LOS,LOS,2010,5,23
LOS,LOS,2010,5,28
LOS,LOS,2010,5,29
LOS,LOS,2010,5,30
LOS,LOS,2010,6,4
LOS,LOS,2010,6,5
LOS,LOS,2010,6,6
LOS,LOS,2010,6,11
LOS,LOS,2010,6,12
LOS,LOS,2010,6,13
LOS,LOS,2010,6,18
LOS,LOS,2010,6,19
LOS,LOS,2010,6,20
LOS,LOS,2010,6,25
LOS,LOS,2010,6,26
LOS,LOS,2010,6,27
LOS,LOS,2010,7,2
LOS,LOS,2010,7,3
LOS,LOS,2010,7,9
LOS,LOS,2010,7,10
LOS,LOS,2010,7,11
LOS,LOS,2010,7,16
LOS,LOS,2010,7,17
LOS,LOS,2010,7,18
LOS,LOS,2010,7,23
LOS,LOS,2010,7,24
LOS,LOS,2010,7,25
LOS,LOS,2010,7,30
LOS,LOS,2010,7,31
LOS,LOS,2010,8,1
LOS,LOS,2010,8,6
LOS,LOS,2010,8,7
LOS,LOS,2010,8,8
LOS,LOS,2010,8,13
LOS,LOS,2010,8,14
LOS,LOS,2010,8,15
LOS,LOS,2010,8,20
LOS,LOS,2010,8,21
LOS,LOS,2010,8,22
LOS,LOS,2010,8,27
LOS,LOS,2010,8,28
LOS,LOS,2010,8,29
LOS,LOS,2010,9,3
LOS,LOS,2010,9,4
LOS,LOS,2010,9,5
LOS,LOS,2010,9,10
LOS,LOS,2010,9,11
LOS,LOS,2010,9,12
LOS,LOS,2010,9,17
LOS,LOS,2010,9,18
LOS,LOS,2010,9,19
LOS,LOS,2010,9,24
LOS,LOS,2010,9,25
LOS,LOS,2010,9,26
LOS,LOS,2010,10,1
LOS,LOS,2010,10,2
LOS,LOS,2010,10,3
LOS,LOS,2010,10,8
LOS,LOS,2010,10,9
LOS,LOS,2010,10,10
LOS,LOS,2010,10,15
LOS,LOS,2010,10,16
LOS,LOS,2010,10,17
LOS,LOS,2010,10,22
LOS,LOS,2010,10,23
LOS,LOS,2010,10,24
LOS,LOS,2010,10,29
LOS,LOS,2010,10,30
LOS,LOS,2010,10,31
LOS,LOS,2010,11,5
LOS,LOS,2010,11,6
LOS,LOS,2010,11,7
LOS,LOS,2010,11,12
LOS,LOS,2010,11,13
LOS,LOS,2010,11,14
LOS,LOS,2010,11,19
LOS,LOS,2010,11,20
LOS,LOS,2010,11,21
LOS,LOS,2010,11,26
LOS,LOS,2010,11,27
LOS,LOS,2010,11,28
LOS,LOS,2010,12,3
LOS,LOS,2010,12,4
LOS,LOS,2010,12,5
LOS,LOS,2010,12,10
LOS,LOS,2010,12,11
LOS,LOS,2010,12,12
LOS,LOS,2010,12,17
LOS,LOS,2010,12,18
LOS,LOS,2011,1,1
LOS,LOS,2011,1,2
LOS,LOS,2011,1,7
LOS,LOS,2011,1,8
LOS,LOS,2011,1,9
LOS,LOS,2011,1,14
LOS,LOS,2011,1,15
LOS,LOS,2011,1,16
LOS,LOS,2011,1,21
LOS,LOS,2011,1,22
LOS,LOS,2011,1,23
LOS,LOS,2011,1,28
LOS,LOS,2011,1,29
LOS,LOS,2011,1,30
LOS,LOS,2011,2,4
LOS,LOS,2011,2,5
LOS,LOS,2011,2,11
LOS,LOS,2011,2,12
LOS,LOS,2011,2,13
LOS,LOS,2011,2,18
LOS,LOS,2011,2,19
LOS,LOS,2011,2,20
LOS,LOS,2011,2,25
LOS,LOS,2011,2,26
LOS,LOS,2011,2,27
LOS,LOS,2011,3,4
LOS,LOS,2011,3,5
LOS,LOS,2011,3,6
LOS,LOS,2011,3,11
LOS,LOS,2011,3,12
LOS,LOS,2011,3,13
LOS,LOS,2011,3,18
LOS,LOS,2011,3,19
LOS,LOS,2011,3,20
LOS,LOS,2011,3,25
LOS,LOS,2011,3,26
LOS,LOS,2011,3,27
LOS,LOS,2011,4,1
LOS,LOS,2011,4,2
LOS,LOS,2011,4,3
LOS,LOS,2011,4,8
LOS,LOS,2011,4,9
LOS,LOS,2011,4,10
LOS,LOS,2011,4,15
LOS,LOS,2011,4,16
LOS,LOS,2011,4,17
LOS,LOS,2011,4,22
LOS,LOS,2011,4,23
LOS,LOS,2011,4,29
LOS,LOS,2011,4,30
LOS,LOS,2011,5,1
LOS,LOS,2011,5,6
LOS,LOS,2011,5,7
LOS,LOS,2011,5,8
LOS,LOS,2011,5,13
LOS,LOS,2011,5,14
LOS,LOS,2011,5,15
LOS,LOS,2011,5,20
LOS,LOS,2011,5,21
LOS,LOS,2011,5,22
LOS,LOS,2011,5,27
LOS,LOS,2011,5,28
LOS,LOS,2011,5,29
LOS,LOS,2011,6,3
LOS,LOS,2011,6,4
LOS,LOS,2011,6,5
LOS,LOS,2011,6,10
LOS,LOS,2011,6,11
LOS,LOS,2011,6,12
LOS,LOS,2011,6,17
LOS,LOS,2011,6,18
LOS,LOS,2011,6,19
LOS,LOS,2011,6,24
LOS,LOS,2011,6,25
LOS,LOS,2011,6,26
LOS,LOS,2011,7,1
LOS,LOS,2011,7,2
LOS,LOS,2011,7,3
LOS,LOS,2011,7,8
LOS,LOS,2011,7,9
LOS,LOS,2011,7,10
LOS,LOS,2011,7,15
LOS,LOS,2011,7,16
LOS,LOS,2011,7,17
LOS,LOS,2011,7,22
LOS,LOS,2011,7,23
LOS,LOS,2011,7,24
LOS,LOS,2011,7,29
LOS,LOS,2011,7,30
LOS,LOS,2011,7,31
LOS,LOS,2011,8,5
LOS,LOS,2011,8,6
LOS,LOS,2011,8,7
LOS,LOS,2011,8,12
LOS,LOS,2011,8,13
LOS,LOS,2011,8,14
LOS,LOS,2011,8,19
LOS,LOS,2011,8,20
LOS,LOS,2011,8,21
LOS,LOS,2011,8,26
LOS,LOS,2011,8,27
LOS,LOS,2011,8,28
LOS,LOS,2011,9,2
LOS,LOS,2011,9,3
LOS,LOS,2011,9,4
LOS,LOS,2011,9,9
LOS,LOS,2011,9,10
LOS,LOS,2011,9,11
LOS,LOS,2011,9,16
LOS,LOS,2011,9,17
LOS,LOS,2011,9,18
LOS,LOS,2011,9,23
LOS,LOS,2011,9,24
LOS,LOS,2011,9,25
LOS,LOS,2011,9,30
LOS,LOS,2011,10,1
LOS,LOS,2011,10,2
LOS,LOS,2011,10,7
LOS,LOS,2011,10,8
LOS,LOS,2011,10,9
LOS,LOS,2011,10,14
LOS,LOS,2011,10,15
LOS,LOS,2011,10,16
LOS,LOS,2011,10,21
LOS,LOS,2011,10,22
LOS,LOS,2011,10,23
LOS,LOS,2011,10,28
LOS,LOS,2011,10,29
LOS,LOS,2011,10,30
LOS,LOS,2011,11,4
LOS,LOS,2011,11,5
LOS,LOS,2011,11,6
LOS,LOS,2011,11,11
LOS,LOS,2011,11,12
LOS,LOS,2011,11,13
LOS,LOS,2011,11,18
LOS,LOS,2011,11,19
LOS,LOS,2011,11,20
LOS,LOS,2011,11,25
LOS,LOS,2011,11,26
LOS,LOS,2011,11,27
LOS,LOS,2011,12,2
LOS,LOS,2011,12,3
LOS,LOS,2011,12,4
LOS,LOS,2011,12,9
LOS,LOS,2011,12,10
LOS,LOS,2011,12,11
LOS,LOS,2011,12,16
LOS,LOS,2011,12,17
LOS,LOS,2011,12,18
LOS,LOS,2011,12,30
LOS,LOS,2011,12,31
LOS,LOS,2012,1,1
LOS,LOS,2012,1,6
LOS,LOS,2012,1,7
LOS,LOS,2012,1,8
LOS,LOS,2012,1,13
LOS,LOS,2012,1,14
LOS,LOS,2012,1,15
LOS,LOS,2012,1,20
LOS,LOS,2012,1,21
LOS,LOS,2012,1,22
LOS,LOS,2012,1,27
LOS,LOS,2012,1,28
LOS,LOS,2012,1,29
LOS,LOS,2012,2,3
LOS,LOS,2012,2,4
LOS,LOS,2012,2,10
LOS,LOS,2012,2,11
LOS,LOS,2012,2,12
LOS,LOS,2012,2,17
LOS,LOS,2012,2,18
LOS,LOS,2012,2,19
LOS,LOS,2012,2,24
LOS,LOS,2012,2,25
LOS,LOS,2012,2,26
LOS,LOS,2012,3,2
LOS,LOS,2012,3,3
LOS,LOS,2012,3,4
LOS,LOS,2012,3,9
LOS,LOS,2012,3,10
LOS,LOS,2012,3,11
LOS,LOS,2012,3,16
LOS,LOS,2012,3,17
LOS,LOS,2012,3,18
LOS,LOS,2012,3,23
LOS,LOS,2012,3,24
LOS,LOS,2012,3,25
LOS,LOS,2012,3,30
LOS,LOS,2012,3,31
LOS,LOS,2012,4,1
LOS,LOS,2012,4,6
LOS,LOS,2012,4,7
LOS,LOS,2012,4,13
LOS,LOS,2012,4,14
LOS,LOS,2012,4,15
LOS,LOS,2012,4,20
LOS,LOS,2012,4,21
LOS,LOS,2012,4,22
LOS,LOS,2012,4,27
LOS,LOS,2012,4,28
LOS,LOS,2012,4,29
LOS,LOS,2012,5,4
LOS,LOS,2012,5,5
LOS,LOS,2012,5,6
LOS,LOS,2012,5,11
LOS,LOS,2012,5,12
LOS,LOS,2012,5,13
LOS,LOS,2012,5,18
LOS,LOS,2012,5,19
LOS,LOS,2012,5,20
LOS,LOS,2012,5,25
LOS,LOS,2012,5,26
LOS,LOS,2012,5,27
LOS,LOS,2012,6,1
LOS,LOS,2012,6,2
LOS,LOS,2012,6,3
LOS,LOS,2012,6,8
LOS,LOS,2012,6,9
LOS,LOS,2012,6,10
LOS,LOS,2012,6,15
LOS,LOS,2012,6,16
LOS,LOS,2012,6,17
LOS,LOS,2012,6,22
LOS,LOS,2012,6,23
LOS,LOS,2012,6,24
LOS,LOS,2012,6,29
LOS,LOS,2012,6,30
LOS,LOS,2012,7,1
LOS,LOS,2012,7,6
LOS,LOS,2012,7,7
LOS,LOS,2012,7,8
LOS,LOS,2012,7,13
LOS,LOS,2012,7,14
LOS,LOS,2012,7,15
LOS,LOS,2012,7,20
LOS,LOS,2012,7,21
LOS,LOS,2012,7,22
LOS,LOS,2012,7,27
LOS,LOS,2012,7,28
LOS,LOS,2012,7,29
LOS,LOS,2012,8,3
LOS,LOS,2012,8,4
LOS,LOS,2012,8,5
LOS,LOS,2012,8,10
LOS,LOS,2012,8,11
LOS,LOS,2012,8,12
LOS,LOS,2012,8,17
LOS,LOS,2012,8,18
LOS,LOS,2012,8,19
LOS,LOS,2012,8,24
LOS,LOS,2012,8,25
LOS,LOS,2012,8,26
LOS,LOS,2012,8,31
LOS,LOS,2012,9,1
LOS,LOS,2012,9,2
LOS,LOS,2012,9,7
LOS,LOS,2012,9,8
LOS,LOS,2012,9,9
LOS,LOS,2012,9,14
LOS,LOS,2012,9,15
LOS,LOS,2012,9,16
LOS,LOS,2012,9,21
LOS,LOS,2012,9,22
LOS,LOS,2012,9,23
LOS,LOS,2012,9,28
LOS,LOS,2012,9,29
LOS,LOS,2012,9,30
LOS,LOS,2012,10,5
LOS,LOS,2012,10,6
LOS,LOS,2012,10,7
LOS,LOS,2012,10,12
LOS,LOS,2012,10,13
LOS,LOS,2012,10,14
LOS,LOS,2012,10,19
LOS,LOS,2012,10,20
LOS,LOS,2012,10,21
LOS,LOS,2012,10,26
LOS,LOS,2012,10,27
LOS,LOS,2012,10,28
LOS,LOS,2012,11,2
LOS,LOS,2012,11,3
LOS,LOS,2012,11,4
LOS,LOS,2012,11,9
LOS,LOS,2012,11,10
LOS,LOS,2012,11,11
LOS,LOS,2012,11,16
LOS,LOS,2012,11,17
LOS,LOS,2012,11,18
LOS,LOS,2012,11,23
LOS,LOS,2012,11,24
LOS,LOS,2012,11,25
LOS,LOS,2012,11,30
LOS,LOS,2012,12,1
LOS,LOS,2012,12,2
LOS,LOS,2012,12,7
LOS,LOS,2012,12,8
LOS,LOS,2012,12,9
LOS,LOS,2012,12,14
LOS,LOS,2012,12,15
LOS,LOS,2012,12,16
LOS,LOS,2012,12,21
LOS,LOS,2012,12,22
LOS,LOS,2012,12,23
LOS,LOS,2012,12,28
LOS,LOS,2012,12,29
LOS,LOS,2012,12,30
LOS,LOS,2013,1,4
LOS,LOS,2013,1,5
LOS,LOS,2013,1,6
LOS,LOS,2013,1,11
LOS,LOS,2013,1,12
LOS,LOS,2013,1,13
LOS,LOS,2013,1,18
LOS,LOS,2013,1,19
LOS,LOS,2013,1,20
LOS,LOS,2013,1,25
LOS,LOS,2013,1,26
LOS,LOS,2013,1,27
LOS,LOS,2013,2,1
LOS,LOS,2013,2,2
LOS,LOS,2013,2,8
LOS,LOS,2013,2,9
LOS,LOS,2013,2,10
LOS,LOS,2013,2,15
LOS,LOS,2013,2,16
LOS,LOS,2013,2,17
LOS,LOS,2013,2,22
LOS,LOS,2013,2,23
LOS,LOS,2013,2,24
LOS,LOS,2013,3,1
LOS,LOS,2013,3,2
LOS,LOS,2013,3,3
LOS,LOS,2013,3,8
LOS,LOS,2013,3,9
LOS,LOS,2013,3,10
LOS,LOS,2013,3,15
LOS,LOS,2013,3,16
LOS,LOS,2013,3,17
LOS,LOS,2013,3,22
LOS,LOS,2013,3,23
LOS,LOS,2013,3,24
LOS,LOS,2013,3,29
LOS,LOS,2013,3,30
LOS,LOS,2013,4,5
LOS,LOS,2013,4,6
LOS,LOS,2013,4,7
LOS,LOS,2013,4,12
LOS,LOS,2013,4,13
LOS,LOS,2013,4,14
LOS,LOS,2013,4,19
LOS,LOS,2013,4,20
LOS,LOS,2013,4,21
LOS,LOS,2013,4,26
LOS,LOS,2013,4,27
LOS,LOS,2013,4,28
LOS,LOS,2013,5,3
LOS,LOS,2013,5,4
LOS,LOS,2013,5,5
LOS,LOS,2013,5,10
LOS,LOS,2013,5,11
LOS,LOS,2013,5,12
LOS,LOS,2013,5,17
LOS,LOS,2013,5,18
LOS,LOS,2013,5,19
LOS,LOS,2013,5,24
LOS,LOS,2013,5,25
LOS,LOS,2013,5,26
LOS,LOS,2013,5,31
LOS,LOS,2013,6,1
LOS,LOS,2013,6,2
LOS,LOS,2013,6,7
LOS,LOS,2013,6,8
LOS,LOS,2013,6,9
LOS,LOS,2013,6,14
LOS,LOS,2013,6,15
LOS,LOS,2013,6,16
LOS,LOS,2013,6,21
LOS,LOS,2013,6,22
LOS,LOS,2013,6,23
LOS,LOS,2013,6,28
LOS,LOS,2013,6,29
LOS,LOS,2013,6,30
LOS,LOS,2013,7,5
LOS,LOS,2013,7,6
LOS,LOS,2013,7,7
LOS,LOS,2013,7,12
LOS,LOS,2013,7,13
LOS,LOS,2013,7,14
LOS,LOS,2013,7,19
LOS,LOS,2013,7,20
LOS,LOS,2013,7,21
LOS,LOS,2013,7,26
LOS,LOS,2013,7,27
LOS,LOS,2013,7,28
LOS,LOS,2013,8,2
LOS,LOS,2013,8,3
LOS,LOS,2013,8,4
LOS,LOS,2013,8,9
LOS,LOS,2013,8,10
LOS,LOS,2013,8,11
LOS,LOS,2013,8,16
LOS,LOS,2013,8,17
LOS,LOS,2013,8,18
LOS,LOS,2013,8,23
LOS,LOS,2013,8,24
LOS,LOS,2013,8,25
LOS,LOS,2013,8,30
LOS,LOS,2013,8,31
LOS,LOS,2013,9,1
LOS,LOS,2013,9,6
LOS,LOS,2013,9,7
LOS,LOS,2013,9,8
LOS,LOS,2013,9,13
LOS,LOS,2013,9,14
LOS,LOS,2013,9,15
LOS,LOS,2013,9,20
LOS,LOS,2013,9,21
LOS,LOS,2013,9,22
LOS,LOS,2013,9,27
LOS,LOS,2013,9,28
LOS,LOS,2013,9,29
LOS,LOS,2013,10,4
LOS,LOS,2013,10,5
LOS,LOS,2013,10,6
LOS,LOS,2013,10,11
LOS,LOS,2013,10,12
LOS,LOS,2013,10,13
LOS,LOS,2013,10,18
LOS,LOS,2013,10,19
LOS,LOS,2013,10,20
LOS,LOS,2013,10,25
LOS,LOS,2013,10,26
LOS,LOS,2013,10,27
LOS,LOS,2013,11,1
LOS,LOS,2013,11,2
LOS,LOS,2013,11,3
LOS,LOS,2013,11,8
LOS,LOS,2013,11,9
LOS,LOS,2013,11,10
LOS,LOS,2013,11,15
LOS,LOS,2013,11,16
LOS,LOS,2013,11,17
LOS,LOS,2013,11,22
LOS,LOS,2013,11,23
LOS,LOS,2013,11,24
LOS,LOS,2013,11,29
LOS,LOS,2013,11,30
LOS,LOS,2013,12,1
LOS,LOS,2013,12,6
LOS,LOS,2013,12,7
LOS,LOS,2013,12,8
LOS,LOS,2013,12,13
LOS,LOS,2013,12,14
LOS,LOS,2013,12,15
LOS,LOS,2013,12,20
LOS,LOS,2013,12,21
LOS,LOS,2013,12,22
LOS,LOS,2013,12,27
LOS,LOS,2013,12,28
LOS,LOS,2013,12,29
LOS,LOS,2014,1,3
LOS,LOS,2014,1,4
LOS,LOS,2014,1,5
LOS,LOS,2014,1,10
LOS,LOS,2014,1,11
LOS,LOS,2014,1,12
LOS,LOS,2014,1,24
LOS,LOS,2014,1,25
LOS,LOS,2014,1,26
LOS,LOS,2014,1,31
LOS,LOS,2014,2,1
LOS,LOS,2014,2,7
LOS,LOS,2014,2,8
LOS,LOS,2014,2,9
LOS,LOS,2014,2,14
LOS,LOS,2014,2,15
LOS,LOS,2014,2,16
LOS,LOS,2014,2,21
LOS,LOS,2014,2,22
LOS,LOS,2014,2,23
LOS,LOS,2014,3,7
LOS,LOS,2014,3,8
LOS,LOS,2014,3,9
LOS,LOS,2014,3,14
LOS,LOS,2014,3,15
LOS,LOS,2014,3,16
LOS,LOS,2014,3,21
LOS,LOS,2014,3,22
LOS,LOS,2014,3,23
LOS,LOS,2014,3,28
LOS,LOS,2014,3,29
LOS,LOS,2014,3,30
LOS,LOS,2014,4,4
LOS,LOS,2014,4,5
LOS,LOS,2014,4,6
LOS,LOS,2014,4,11
LOS,LOS,2014,4,12
LOS,LOS,2014,4,13
LOS,LOS,2014,4,18
LOS,LOS,2014,4,19
LOS,LOS,2014,4,25
LOS,LOS,2014,4,26
LOS,LOS,2014,4,27
LOS,LOS,2014,5,2
LOS,LOS,2014,5,3
LOS,LOS,2014,5,4
LOS,LOS,2014,5,9
LOS,LOS,2014,5,10
LOS,LOS,2014,5,11
LOS,LOS,2014,5,16
LOS,LOS,2014,5,17
LOS,LOS,2014,5,18
LOS,LOS,2014,5,23
LOS,LOS,2014,5,24
LOS,LOS,2014,5,25
LOS,LOS,2014,5,30
LOS,LOS,2014,5,31
LOS,LOS,2014,6,1
LOS,LOS,2014,6,6
LOS,LOS,2014,6,7
LOS,LOS,2014,6,8
LOS,LOS,2014,6,13
LOS,LOS,2014,6,14
LOS,LOS,2014,6,15
LOS,LOS,2014,6,20
LOS,LOS,2014,6,21
LOS,LOS,2014,6,22
LOS,LOS,2014,6,27
LOS,LOS,2014,6,28
LOS,LOS,2014,6,29
LOS,LOS,2014,7,5
LOS,LOS,2014,7,6
LOS,LOS,2014,7,11
LOS,LOS,2014,7,12
LOS,LOS,2014,7,13
LOS,LOS,2014,7,18
LOS,LOS,2014,7,19
LOS,LOS,2014,7,20
LOS,LOS,2014,7,25
LOS,LOS,2014,7,26
LOS,LOS,2014,7,27
LOS,LOS,2014,8,1
LOS,LOS,2014,8,2
LOS,LOS,2014,8,3
LOS,LOS,2014,8,8
LOS,LOS,2014,8,9
LOS,LOS,2014,8,10
LOS,LOS,2014,8,15
LOS,LOS,2014,8,16
LOS,LOS,2014,8,17
LOS,LOS,2014,8,22
LOS,LOS,2014,8,23
LOS,LOS,2014,8,24
LOS,LOS,2014,8,29
LOS,LOS,2014,8,30
LOS,LOS,2014,8,31
LOS,LOS,2014,9,5
LOS,LOS,2014,9,6
LOS,LOS,2014,9,7
LOS,LOS,2014,9,13
LOS,LOS,2014,9,14
LOS,LOS,2014,9,20
LOS,LOS,2014,9,21
LOS,LOS,2014,9,26
LOS,LOS,2014,9,27
LOS,LOS,2014,9,28
LOS,LOS,2014,10,3
LOS,LOS,2014,10,4
LOS,LOS,2014,10,5
LOS,LOS,2014,10,10
LOS,LOS,2014,10,11
LOS,LOS,2014,10,12
LOS,LOS,2014,10,17
LOS,LOS,2014,10,18
LOS,LOS,2014,10,19
LOS,LOS,2014,10,24
LOS,LOS,2014,10,25
LOS,LOS,2014,10,26
LOS,LOS,2014,10,31
LOS,LOS,2014,11,1
LOS,LOS,2014,11,2
LOS,LOS,2014,11,7
LOS,LOS,2014,11,8
LOS,LOS,2014,11,9
LOS,LOS,2014,11,14
LOS,LOS,2014,11,15
LOS,LOS,2014,11,16
LOS,LOS,2014,11,21
LOS,LOS,2014,11,22
LOS,LOS,2014,11,23
LOS,LOS,2014,11,28
LOS,LOS,2014,11,29
LOS,LOS,2014,11,30
LOS,LOS,2014,12,5
LOS,LOS,2014,12,6
LOS,LOS,2014,12,7
LOS,LOS,2014,12,12
LOS,LOS,2014,12,13
LOS,LOS,2014,12,14
LOS,LOS,2014,12,19
LOS,LOS,2014,12,20
LOS,LOS,2014,12,21
LOS,LOS,2014,12,26
LOS,LOS,2014,12,27
LOS,LOS,2014,12,28
LOS,LOS,2015,1,2
LOS,LOS,2015,1,3
LOS,LOS,2015,1,4
LOS,LOS,2015,1,9
LOS,LOS,2015,1,10
LOS,LOS,2015,1,11
LOS,LOS,2015,1,16
LOS,LOS,2015,1,17
LOS,LOS,2015,1,18
LOS,LOS,2015,1,23
LOS,LOS,2015,1,24
LOS,LOS,2015,1,25
LOS,LOS,2015,1,30
LOS,LOS,2015,1,31
LOS,LOS,2015,2,13
LOS,LOS,2015,2,14
LOS,LOS,2015,2,15
LOS,LOS,2015,2,20
LOS,LOS,2015,2,21
LOS,LOS,2015,2,22
LOS,LOS,2015,2,27
LOS,LOS,2015,2,28
LOS,LOS,2015,3,1
LOS,LOS,2015,3,6
LOS,LOS,2015,3,7
LOS,LOS,2015,3,8
LOS,LOS,2015,3,13
LOS,LOS,2015,3,14
LOS,LOS,2015,3,15
LOS,LOS,2015,3,20
LOS,LOS,2015,3,21
LOS,LOS,2015,3,22
LOS,LOS,2015,3,27
LOS,LOS,2015,3,28
LOS,LOS,2015,3,29
LOS,LOS,2015,4,3
LOS,LOS,2015,4,4
LOS,LOS,2015,4,10
LOS,LOS,2015,4,11
LOS,LOS,2015,4,12
LOS,LOS,2015,4,17
LOS,LOS,2015,4,18
LOS,LOS,2015,4,19
LOS,LOS,2015,4,24
LOS,LOS,2015,4,25
LOS,LOS,2015,4,26
LOS,LOS,2015,5,1
LOS,LOS,2015,5,2
LOS,LOS,2015,5,3
LOS,LOS,2015,5,8
LOS,LOS,2015,5,9
LOS,LOS,2015,5,10
LOS,LOS,2015,5,15
LOS,LOS,2015,5,16
LOS,LOS,2015,5,17
LOS,LOS,2015,5,22
LOS,LOS,2015,5,23
LOS,LOS,2015,5,24
LOS,LOS,2015,5,29
LOS,LOS,2015,5,30
LOS,LOS,2015,5,31
LOS,LOS,2015,6,5
LOS,LOS,2015,6,6
LOS,LOS,2015,6,7
LOS,LOS,2015,6,12
LOS,LOS,2015,6,13
LOS,LOS,2015,6,14
LOS,LOS,2015,6,19
LOS,LOS,2015,6,20
LOS,LOS,2015,6,21
LOS,LOS,2015,6,26
LOS,LOS,2015,6,27
LOS,LOS,2015,6,28
LOS,LOS,2015,7,3
LOS,LOS,2015,7,5
LOS,LOS,2015,7,10
LOS,LOS,2015,7,11
LOS,LOS,2015,7,12
LOS,LOS,2015,7,17
LOS,LOS,2015,7,18
LOS,LOS,2015,7,19
LOS,LOS,2015,7,24
LOS,LOS,2015,7,25
LOS,LOS,2015,7,26
LOS,LOS,2015,7,31
LOS,LOS,2015,8,1
LOS,LOS,2015,8,2
LOS,LOS,2015,8,7
LOS,LOS,2015,8,8
LOS,LOS,2015,8,9
LOS,LOS,2015,8,14
LOS,LOS,2015,8,15
LOS,LOS,2015,8,16
LOS,LOS,2015,8,21
LOS,LOS,2015,8,22
LOS,LOS,2015,8,23
LOS,LOS,2015,8,28
LOS,LOS,2015,8,29
LOS,LOS,2015,8,30
LOS,LOS,2015,9,4
LOS,LOS,2015,9,5
LOS,LOS,2015,9,6
LOS,LOS,2015,9,11
LOS,LOS,2015,9,12
LOS,LOS,2015,9,13
LOS,LOS,2015,9,18
LOS,LOS,2015,9,19
LOS,LOS,2015,9,20
LOS,LOS,2015,9,25
LOS,LOS,2015,9,26
LOS,LOS,2015,9,27
LOS,LOS,2015,10,2
LOS,LOS,2015,10,3
LOS,LOS,2015,10,4
LOS,LOS,2015,10,9
LOS,LOS,2015,10,10
LOS,LOS,2015,10,11
LOS,LOS,2015,10,16
LOS,LOS,2015,10,17
LOS,LOS,2015,10,18
LOS,LOS,2015,10,23
LOS,LOS,2015,10,24
LOS,LOS,2015,10,25
LOS,LOS,2015,10,30
LOS,LOS,2015,10,31
LOS,LOS,2015,11,1
LOS,LOS,2015,11,6
LOS,LOS,2015,11,7
LOS,LOS,2015,11,8
LOS,LOS,2015,11,13
LOS,LOS,2015,11,14
LOS,LOS,2015,11,15
LOS,LOS,2015,11,20
LOS,LOS,2015,11,21
LOS,LOS,2015,11,22
MDL,MDL,1998,9,11
MDL,MDL,1998,9,12
MDL,MDL,1998,9,15
MDL,MDL,1998,9,16
MDL,MDL,1998,9,17
MDL,MDL,1998,9,18
MDL,MDL,1998,9,19
MDL,MDL,1998,9,22
MDL,MDL,1998,9,23
MDL,MDL,1998,9,24
MDL,MDL,1998,9,25
MDL,MDL,1998,9,26
MDL,MDL,1998,9,29
MDL,MDL,1998,9,30
MDL,MDL,1998,10,1
MDL,MDL,1998,10,2
MDL,MDL,1998,10,3
MDL,MDL,1998,10,6
MDL,MDL,1998,10,7
MDL,MDL,1998,10,8
MDL,MDL,1998,10,9
MDL,MDL,1998,10,10
MDL,MDL,1998,10,13
MDL,MDL,1998,10,14
MDL,MDL,1998,10,15
MDL,MDL,1998,10,16
MDL,MDL,1998,10,17
MDL,MDL,1998,10,20
MDL,MDL,1998,10,21
MDL,MDL,1998,10,22
MDL,MDL,1998,10,23
MDL,MDL,1998,10,24
MDL,MDL,1998,10,27
MDL,MDL,1998,10,28
MDL,MDL,1998,10,29
MDL,MDL,1998,10,30
MDL,MDL,1998,10,31
MDL,MDL,1998,11,3
MDL,MDL,1998,11,4
MDL,MDL,1998,11,5
MDL,MDL,1998,11,6
MDL,MDL,1998,11,7
MDL,MDL,1998,11,10
MDL,MDL,1998,11,11
MDL,MDL,1998,11,12
MDL,MDL,1998,11,13
MDL,MDL,1998,11,14
MDL,MDL,1998,11,17
MDL,MDL,1998,11,18
MDL,MDL,1998,11,19
MDL,MDL,1998,11,20
MDL,MDL,1998,11,21
MDL,MDL,1998,11,24
MDL,MDL,1998,11,25
MDL,MDL,1998,11,27
MDL,MDL,1998,11,28
MDL,MDL,1998,12,1
MDL,MDL,1998,12,2
MDL,MDL,1998,12,3
MDL,MDL,1998,12,4
MDL,MDL,1998,12,5
MDL,MDL,1998,12,8
MDL,MDL,1998,12,9
MDL,MDL,1998,12,10
MDL,MDL,1998,12,11
MDL,MDL,1998,12,12
MDL,MDL,1998,12,26
MDL,MDL,1998,12,29
MDL,MDL,1998,12,30
MDL,MDL,1999,4,14
MDL,MDL,1999,4,16
MDL,MDL,1999,4,17
MDL,MDL,1999,4,18
MDL,MDL,1999,4,21
MDL,MDL,1999,4,22
MDL,MDL,1999,4,23
MDL,MDL,1999,4,24
MDL,MDL,1999,4,25
MDL,MDL,1999,4,28
MDL,MDL,1999,4,29
MDL,MDL,1999,4,30
MDL,MDL,1999,5,1
MDL,MDL,1999,5,2
MDL,MDL,1999,5,5
MDL,MDL,1999,5,6
MDL,MDL,1999,5,7
MDL,MDL,1999,5,8
MDL,MDL,1999,5,9
MDL,MDL,1999,5,12
MDL,MDL,1999,5,13
MDL,MDL,1999,5,14
MDL,MDL,1999,5,15
MDL,MDL,1999,5,16
MDL,MDL,1999,5,28
MDL,MDL,1999,5,29
MDL,MDL,1999,5,31
MDL,MDL,1999,6,2
MDL,MDL,1999,6,3
MDL,MDL,1999,6,4
MDL,MDL,1999,6,5
MDL,MDL,1999,6,8
MDL,MDL,1999,6,10
MDL,MDL,1999,6,11
MDL,MDL,1999,6,12
MDL,MDL,1999,6,16
MDL,MDL,1999,6,17
MDL,MDL,1999,6,18
MDL,MDL,1999,6,22
MDL,MDL,1999,6,23
MDL,MDL,1999,6,24
MDL,MDL,1999,6,25
MDL,MDL,1999,6,26
MDL,MDL,1999,6,29
MDL,MDL,1999,6,30
MDL,MDL,1999,7,1
MDL,MDL,1999,7,2
MDL,MDL,1999,7,3
MDL,MDL,1999,7,6
MDL,MDL,1999,7,7
MDL,MDL,1999,7,8
MDL,MDL,1999,7,9
MDL,MDL,1999,7,10
MDL,MDL,1999,7,14
MDL,MDL,1999,7,16
MDL,MDL,1999,7,17
MDL,MDL,1999,7,21
MDL,MDL,1999,7,22
MDL,MDL,1999,7,23
MDL,MDL,1999,7,24
MDL,MDL,1999,7,27
MDL,MDL,1999,7,28
MDL,MDL,1999,7,29
MDL,MDL,1999,7,30
MDL,MDL,1999,7,31
MDL,MDL,1999,8,3
MDL,MDL,1999,8,4
MDL,MDL,1999,8,5
MDL,MDL,1999,8,7
MDL,MDL,1999,9,6
MDL,MDL,1999,9,10
MDL,MDL,1999,9,11
MDL,MDL,1999,9,14
MDL,MDL,1999,9,15
MDL,MDL,1999,9,17
MDL,MDL,1999,9,18
MDL,MDL,1999,9,21
MDL,MDL,1999,9,22
MDL,MDL,1999,9,23
MDL,MDL,1999,9,24
MDL,MDL,1999,9,25
MDL,MDL,1999,9,28
MDL,MDL,1999,9,29
MDL,MDL,1999,9,30
MDL,MDL,1999,10,1
MDL,MDL,1999,10,2
MDL,MDL,1999,10,6
MDL,MDL,1999,10,7
MDL,MDL,1999,10,8
MDL,MDL,1999,10,9
MDL,MDL,1999,10,12
MDL,MDL,1999,10,13
MDL,MDL,1999,10,14
MDL,MDL,1999,10,15
MDL,MDL,1999,10,16
MDL,MDL,1999,10,19
MDL,MDL,1999,10,20
MDL,MDL,1999,10,21
MDL,MDL,1999,10,22
MDL,MDL,1999,10,23
MDL,MDL,1999,10,26
MDL,MDL,1999,10,27
MDL,MDL,1999,10,28
MDL,MDL,1999,10,29
MDL,MDL,1999,10,30
MDL,MDL,1999,11,3
MDL,MDL,1999,11,4
MDL,MDL,1999,11,5
MDL,MDL,1999,11,6
MDL,MDL,1999,11,10
MDL,MDL,1999,11,11
MDL,MDL,1999,11,12
MDL,MDL,1999,11,13
MDL,MDL,1999,11,16
MDL,MDL,1999,11,17
MDL,MDL,1999,11,18
MDL,MDL,1999,11,19
MDL,MDL,2000,4,12
MDL,MDL,2000,4,13
MDL,MDL,2000,4,14
MDL,MDL,2000,4,15
MDL,MDL,2000,4,16
MDL,MDL,2000,4,19
MDL,MDL,2000,4,20
MDL,MDL,2000,4,21
MDL,MDL,2000,4,22
MDL,MDL,2000,4,26
MDL,MDL,2000,4,27
MDL,MDL,2000,4,28
MDL,MDL,2000,4,29
MDL,MDL,2000,4,30
MDL,MDL,2000,5,3
MDL,MDL,2000,5,4
MDL,MDL,2000,5,5
MDL,MDL,2000,5,6
MDL,MDL,2000,5,7
MDL,MDL,2000,5,11
MDL,MDL,2000,5,14
MDL,MDL,2000,5,17
MDL,MDL,2000,5,18
MDL,MDL,2000,5,19
MDL,MDL,2000,5,20
MDL,MDL,2000,5,21
MDL,MDL,2000,5,24
MDL,MDL,2000,5,25
MDL,MDL,2000,5,26
MDL,MDL,2000,5,27
MDL,MDL,2000,5,28
MDL,MDL,2000,5,29
MDL,MDL,2000,5,31
MDL,MDL,2000,6,1
MDL,MDL,2000,6,2
MDL,MDL,2000,6,3
MDL,MDL,2000,6,6
MDL,MDL,2000,6,7
MDL,MDL,2000,6,8
MDL,MDL,2000,6,9
MDL,MDL,2000,6,10
MDL,MDL,2000,6,13
MDL,MDL,2000,6,14
MDL,MDL,2000,7,7
MDL,MDL,2000,7,8
MDL,MDL,2000,7,11
MDL,MDL,2000,7,12
MDL,MDL,2000,7,13
MDL,MDL,2000,7,14
MDL,MDL,2000,7,15
MDL,MDL,2000,7,18
MDL,MDL,2000,7,19
MDL,MDL,2000,7,20
MDL,MDL,2000,7,21
MDL,MDL,2000,7,22
MDL,MDL,2000,7,25
MDL,MDL,2000,7,26
MDL,MDL,2000,7,27
MDL,MDL,2000,7,28
MDL,MDL,2000,7,29
MDL,MDL,2000,8,1
MDL,MDL,2000,8,2
MDL,MDL,2000,8,3
MDL,MDL,2000,8,4
MDL,MDL,2000,8,5
MDL,MDL,2000,9,4
MDL,MDL,2000,9,7
MDL,MDL,2000,9,8
MDL,MDL,2000,9,9
MDL,MDL,2000,9,12
MDL,MDL,2000,9,13
MDL,MDL,2000,9,14
MDL,MDL,2000,9,15
MDL,MDL,2000,9,16
MDL,MDL,2000,9,19
MDL,MDL,2000,9,20
MDL,MDL,2000,9,21
MDL,MDL,2000,9,22
MDL,MDL,2000,9,23
MDL,MDL,2000,9,26
MDL,MDL,2000,9,27
MDL,MDL,2000,9,28
MDL,MDL,2000,9,29
MDL,MDL,2000,9,30
MDL,MDL,2000,10,3
MDL,MDL,2000,10,4
MDL,MDL,2000,10,5
MDL,MDL,2000,10,7
MDL,MDL,2000,10,10
MDL,MDL,2000,10,11
MDL,MDL,2000,10,12
MDL,MDL,2000,10,13
MDL,MDL,2000,10,14
MDL,MDL,2000,10,18
MDL,MDL,2000,10,19
MDL,MDL,2000,10,20
MDL,MDL,2000,10,21
MDL,MDL,2000,10,24
MDL,MDL,2000,10,25
MDL,MDL,2000,10,26
MDL,MDL,2000,10,27
MDL,MDL,2000,10,28
MDL,MDL,2000,11,1
MDL,MDL,2000,11,2
MDL,MDL,2000,11,3
MDL,MDL,2000,11,4
MDL,MDL,2000,11,7
MDL,MDL,2000,11,9
MDL,MDL,2000,11,10
MDL,MDL,2000,11,11
MDL,MDL,2000,11,14
MDL,MDL,2000,11,15
MDL,MDL,2000,11,16
MDL,MDL,2000,11,17
MDL,MDL,2000,11,18
MDL,MDL,2000,12,29
MDL,MDL,2001,1,5
MDL,MDL,2001,1,6
MDL,MDL,2001,1,10
MDL,MDL,2001,1,11
MDL,MDL,2001,1,12
MDL,MDL,2001,1,13
MDL,MDL,2001,1,16
MDL,MDL,2001,1,17
MDL,MDL,2001,1,18
MDL,MDL,2001,1,19
MDL,MDL,2001,1,20
MDL,MDL,2001,1,23
MDL,MDL,2001,1,24
MDL,MDL,2001,1,25
MDL,MDL,2001,1,26
MDL,MDL,2001,1,31
MDL,MDL,2001,2,1
MDL,MDL,2001,2,2
MDL,MDL,2001,2,3
MDL,MDL,2001,2,4
MDL,MDL,2001,2,7
MDL,MDL,2001,2,8
MDL,MDL,2001,2,9
MDL,MDL,2001,2,10
MDL,MDL,2001,2,11
MDL,MDL,2001,2,21
MDL,MDL,2001,2,22
MDL,MDL,2001,2,23
MDL,MDL,2001,2,25
MDL,MDL,2001,2,28
MDL,MDL,2001,3,1
MDL,MDL,2001,3,2
MDL,MDL,2001,3,3
MDL,MDL,2001,3,4
MDL,MDL,2001,3,7
MDL,MDL,2001,3,8
MDL,MDL,2001,3,9
MDL,MDL,2001,3,10
MDL,MDL,2001,3,11
MDL,MDL,2001,3,14
MDL,MDL,2001,3,15
MDL,MDL,2001,3,16
MDL,MDL,2001,3,17
MDL,MDL,2001,3,18
MDL,MDL,2001,3,21
MDL,MDL,2001,3,22
MDL,MDL,2001,3,23
MDL,MDL,2001,3,24
MDL,MDL,2001,3,25
MDL,MDL,2001,3,28
MDL,MDL,2001,3,29
MDL,MDL,2001,4,4
MDL,MDL,2001,4,5
MDL,MDL,2001,4,6
MDL,MDL,2001,4,7
MDL,MDL,2001,4,8
MDL,MDL,2001,4,11
MDL,MDL,2001,4,12
MDL,MDL,2001,4,13
MDL,MDL,2001,4,14
MDL,MDL,2001,4,18
MDL,MDL,2001,4,19
MDL,MDL,2001,4,20
MDL,MDL,2001,4,21
MDL,MDL,2001,4,22
MDL,MDL,2001,4,26
MDL,MDL,2001,4,29
MDL,MDL,2001,5,2
MDL,MDL,2001,5,3
MDL,MDL,2001,5,4
MDL,MDL,2001,5,5
MDL,MDL,2001,5,6
MDL,MDL,2001,5,9
MDL,MDL,2001,5,10
MDL,MDL,2001,5,11
MDL,MDL,2001,5,12
MDL,MDL,2001,5,13
MDL,MDL,2001,5,17
MDL,MDL,2001,5,18
MDL,MDL,2001,5,20
MDL,MDL,2001,5,23
MDL,MDL,2001,5,24
MDL,MDL,2001,5,25
MDL,MDL,2001,5,26
MDL,MDL,2001,5,28
MDL,MDL,2001,5,30
MDL,MDL,2001,5,31
MDL,MDL,2001,6,1
MDL,MDL,2001,6,2
MDL,MDL,2001,6,5
MDL,MDL,2001,6,6
MDL,MDL,2001,6,7
MDL,MDL,2001,6,8
MDL,MDL,2001,6,12
MDL,MDL,2001,6,13
MDL,MDL,2001,6,14
MDL,MDL,2001,6,15
MDL,MDL,2001,6,16
MDL,MDL,2001,6,19
MDL,MDL,2001,6,20
MDL,MDL,2001,6,21
MDL,MDL,2001,6,22
MDL,MDL,2001,6,23
MDL,MDL,2001,6,26
MDL,MDL,2001,6,27
MDL,MDL,2001,6,28
MDL,MDL,2001,6,30
MDL,MDL,2001,7,3
MDL,MDL,2001,7,4
MDL,MDL,2001,7,7
MDL,MDL,2001,7,10
MDL,MDL,2001,7,11
MDL,MDL,2001,7,13
MDL,MDL,2001,7,14
MDL,MDL,2001,7,17
MDL,MDL,2001,7,18
MDL,MDL,2001,7,19
MDL,MDL,2001,7,20
MDL,MDL,2001,7,21
MDL,MDL,2001,7,24
MDL,MDL,2001,7,28
MDL,MDL,2001,9,3
MDL,MDL,2001,9,6
MDL,MDL,2001,9,7
MDL,MDL,2001,9,8
MDL,MDL,2001,9,18
MDL,MDL,2001,9,19
MDL,MDL,2001,9,20
MDL,MDL,2001,9,21
MDL,MDL,2001,9,22
MDL,MDL,2001,9,25
MDL,MDL,2001,9,26
MDL,MDL,2001,9,27
MDL,MDL,2001,9,28
MDL,MDL,2001,9,29
MDL,MDL,2001,10,2
MDL,MDL,2001,10,3
MDL,MDL,2001,10,4
MDL,MDL,2001,10,5
MDL,MDL,2001,10,6
MDL,MDL,2001,10,9
MDL,MDL,2001,10,10
MDL,MDL,2001,10,11
MDL,MDL,2001,10,12
MDL,MDL,2001,10,13
MDL,MDL,2001,10,17
MDL,MDL,2001,10,19
MDL,MDL,2001,10,20
MDL,MDL,2001,10,26
MDL,MDL,2001,10,27
MDL,MDL,2001,10,30
MDL,MDL,2001,11,1
MDL,MDL,2001,11,3
MDL,MDL,2001,11,6
MDL,MDL,2001,11,7
MDL,MDL,2001,11,8
MDL,MDL,2001,11,10
MDL,MDL,2001,11,16
MDL,MDL,2001,11,17
MDL,MDL,2001,11,21
MDL,MDL,2001,11,24
MDL,MDL,2001,11,28
MDL,MDL,2001,11,29
MDL,MDL,2001,11,30
MDL,MDL,2001,12,1
MDL,MDL,2001,12,5
MDL,MDL,2001,12,6
MDL,MDL,2001,12,7
MDL,MDL,2001,12,8
MDL,MDL,2001,12,12
MDL,MDL,2001,12,14
MDL,MDL,2001,12,15
MDL,MDL,2001,12,29
MDL,MDL,2002,1,4
MDL,MDL,2002,1,5
MDL,MDL,2002,1,8
MDL,MDL,2002,1,9
MDL,MDL,2002,1,10
MDL,MDL,2002,1,12
MDL,MDL,2002,1,15
MDL,MDL,2002,1,16
MDL,MDL,2002,1,17
MDL,MDL,2002,1,18
MDL,MDL,2002,1,22
MDL,MDL,2002,1,23
MDL,MDL,2002,1,24
MDL,MDL,2002,1,25
MDL,MDL,2002,1,26
MDL,MDL,2002,1,29
MDL,MDL,2002,1,30
MDL,MDL,2002,1,31
MDL,MDL,2002,2,1
MDL,MDL,2002,2,2
MDL,MDL,2002,2,3
MDL,MDL,2002,2,6
MDL,MDL,2002,2,7
MDL,MDL,2002,2,8
MDL,MDL,2002,2,9
MDL,MDL,2002,2,10
MDL,MDL,2002,2,13
MDL,MDL,2002,2,14
MDL,MDL,2002,2,15
MDL,MDL,2002,2,16
MDL,MDL,2002,2,17
MDL,MDL,2002,2,20
MDL,MDL,2002,2,21
MDL,MDL,2002,2,22
MDL,MDL,2002,2,23
MDL,MDL,2002,2,24
MDL,MDL,2002,2,27
MDL,MDL,2002,2,28
MDL,MDL,2002,3,1
MDL,MDL,2002,3,2
MDL,MDL,2002,3,3
MDL,MDL,2002,3,6
MDL,MDL,2002,3,7
MDL,MDL,2002,3,8
MDL,MDL,2002,3,9
MDL,MDL,2002,3,10
MDL,MDL,2002,3,13
MDL,MDL,2002,3,14
MDL,MDL,2002,3,15
MDL,MDL,2002,3,16
MDL,MDL,2002,3,17
MDL,MDL,2002,3,20
MDL,MDL,2002,3,21
MDL,MDL,2002,3,22
MDL,MDL,2002,3,23
MDL,MDL,2002,3,24
MDL,MDL,2002,3,27
MDL,MDL,2002,3,28
MDL,MDL,2002,3,29
MDL,MDL,2002,3,30
MDL,MDL,2002,4,3
MDL,MDL,2002,4,4
MDL,MDL,2002,4,5
MDL,MDL,2002,4,7
MDL,MDL,2002,4,10
MDL,MDL,2002,4,11
MDL,MDL,2002,4,12
MDL,MDL,2002,4,13
MDL,MDL,2002,4,14
MDL,MDL,2002,4,17
MDL,MDL,2002,4,18
MDL,MDL,2002,4,19
MDL,MDL,2002,4,21
MDL,MDL,2002,4,24
MDL,MDL,2002,4,25
MDL,MDL,2002,4,26
MDL,MDL,2002,4,28
MDL,MDL,2002,5,15
MDL,MDL,2002,5,16
MDL,MDL,2002,5,17
MDL,MDL,2002,5,18
MDL,MDL,2002,5,19
MDL,MDL,2002,5,22
MDL,MDL,2002,5,23
MDL,MDL,2002,5,24
MDL,MDL,2002,5,25
MDL,MDL,2002,5,27
MDL,MDL,2002,5,29
MDL,MDL,2002,5,30
MDL,MDL,2002,5,31
MDL,MDL,2002,6,1
MDL,MDL,2002,6,4
MDL,MDL,2002,6,5
MDL,MDL,2002,6,6
MDL,MDL,2002,6,7
MDL,MDL,2002,6,8
MDL,MDL,2002,6,11
MDL,MDL,2002,6,12
MDL,MDL,2002,6,13
MDL,MDL,2002,6,14
MDL,MDL,2002,6,15
MDL,MDL,2002,6,18
MDL,MDL,2002,6,19
MDL,MDL,2002,6,21
MDL,MDL,2002,6,22
MDL,MDL,2002,6,25
MDL,MDL,2002,6,26
MDL,MDL,2002,6,27
MDL,MDL,2002,6,28
MDL,MDL,2002,6,29
MDL,MDL,2002,7,2
MDL,MDL,2002,7,3
MDL,MDL,2002,7,4
MDL,MDL,2002,7,5
MDL,MDL,2002,7,6
MDL,MDL,2002,7,9
MDL,MDL,2002,7,10
MDL,MDL,2002,7,11
MDL,MDL,2002,7,12
MDL,MDL,2002,7,13
MDL,MDL,2002,7,16
MDL,MDL,2002,7,17
MDL,MDL,2002,7,18
MDL,MDL,2002,7,19
MDL,MDL,2002,7,20
MDL,MDL,2002,7,23
MDL,MDL,2002,7,24
MDL,MDL,2002,7,25
MDL,MDL,2002,7,26
MDL,MDL,2002,7,27
MDL,MDL,2002,7,30
MDL,MDL,2002,7,31
MDL,MDL,2002,8,1
MDL,MDL,2002,8,2
MDL,MDL,2002,8,3
MDL,MDL,2002,9,2
MDL,MDL,2002,9,5
MDL,MDL,2002,9,6
MDL,MDL,2002,9,7
MDL,MDL,2002,9,10
MDL,MDL,2002,9,12
MDL,MDL,2002,9,13
MDL,MDL,2002,9,14
MDL,MDL,2002,9,17
MDL,MDL,2002,9,18
MDL,MDL,2002,9,19
MDL,MDL,2002,9,20
MDL,MDL,2002,9,21
MDL,MDL,2002,9,24
MDL,MDL,2002,9,25
MDL,MDL,2002,9,26
MDL,MDL,2002,9,27
MDL,MDL,2002,9,28
MDL,MDL,2002,10,1
MDL,MDL,2002,10,2
MDL,MDL,2002,10,3
MDL,MDL,2002,10,4
MDL,MDL,2002,10,5
MDL,MDL,2002,10,8
MDL,MDL,2002,10,9
MDL,MDL,2002,10,10
MDL,MDL,2002,10,11
MDL,MDL,2002,10,12
MDL,MDL,2002,10,14
MDL,MDL,2002,10,15
MDL,MDL,2002,10,16
MDL,MDL,2002,10,17
MDL,MDL,2002,10,18
MDL,MDL,2002,10,19
MDL,MDL,2002,10,22
MDL,MDL,2002,10,23
MDL,MDL,2002,10,24
MDL,MDL,2002,10,25
MDL,MDL,2002,10,26
MDL,MDL,2002,10,29
MDL,MDL,2002,10,30
MDL,MDL,2002,10,31
MDL,MDL,2002,11,1
MDL,MDL,2002,11,2
MDL,MDL,2002,11,4
MDL,MDL,2002,11,5
MDL,MDL,2002,11,6
MDL,MDL,2002,11,7
MDL,MDL,2002,11,8
MDL,MDL,2002,11,9
MDL,MDL,2002,11,11
MDL,MDL,2002,11,12
MDL,MDL,2002,11,13
MDL,MDL,2002,11,14
MDL,MDL,2002,11,15
MDL,MDL,2002,11,16
MDL,MDL,2002,11,18
MDL,MDL,2002,11,19
MDL,MDL,2002,11,20
MDL,MDL,2002,11,21
MDL,MDL,2002,11,22
MDL,MDL,2002,11,23
MDL,MDL,2002,11,29
MDL,MDL,2002,11,30
MDL,MDL,2002,12,4
MDL,MDL,2002,12,6
MDL,MDL,2002,12,7
MDL,MDL,2002,12,11
MDL,MDL,2002,12,12
MDL,MDL,2002,12,13
MDL,MDL,2002,12,14
MDL,MDL,2002,12,18
MDL,MDL,2002,12,19
MDL,MDL,2002,12,20
MDL,MDL,2002,12,21
MDL,MDL,2002,12,26
MDL,MDL,2002,12,27
MDL,MDL,2002,12,28
MDL,MDL,2003,1,2
MDL,MDL,2003,1,3
MDL,MDL,2003,1,7
MDL,MDL,2003,1,8
MDL,MDL,2003,1,9
MDL,MDL,2003,1,10
MDL,MDL,2003,1,11
MDL,MDL,2003,1,14
MDL,MDL,2003,1,15
MDL,MDL,2003,1,16
MDL,MDL,2003,1,17
MDL,MDL,2003,1,18
MDL,MDL,2003,1,21
MDL,MDL,2003,1,22
MDL,MDL,2003,1,23
MDL,MDL,2003,1,24
MDL,MDL,2003,1,25
MDL,MDL,2003,1,28
MDL,MDL,2003,1,29
MDL,MDL,2003,1,30
MDL,MDL,2003,1,31
MDL,MDL,2003,2,1
MDL,MDL,2003,2,2
MDL,MDL,2003,2,5
MDL,MDL,2003,2,6
MDL,MDL,2003,2,7
MDL,MDL,2003,2,8
MDL,MDL,2003,2,9
MDL,MDL,2003,2,12
MDL,MDL,2003,2,13
MDL,MDL,2003,2,14
MDL,MDL,2003,2,15
MDL,MDL,2003,2,16
MDL,MDL,2003,2,19
MDL,MDL,2003,2,20
MDL,MDL,2003,2,21
MDL,MDL,2003,2,22
MDL,MDL,2003,2,23
MDL,MDL,2003,2,26
MDL,MDL,2003,2,27
MDL,MDL,2003,3,5
MDL,MDL,2003,3,7
MDL,MDL,2003,3,8
MDL,MDL,2003,3,9
MDL,MDL,2003,3,12
MDL,MDL,2003,3,13
MDL,MDL,2003,3,14
MDL,MDL,2003,3,15
MDL,MDL,2003,3,16
MDL,MDL,2003,3,19
MDL,MDL,2003,3,20
MDL,MDL,2003,3,21
MDL,MDL,2003,3,22
MDL,MDL,2003,3,23
MDL,MDL,2003,3,26
MDL,MDL,2003,3,27
MDL,MDL,2003,3,28
MDL,MDL,2003,3,29
MDL,MDL,2003,3,30
MDL,MDL,2003,4,2
MDL,MDL,2003,4,3
MDL,MDL,2003,4,4
MDL,MDL,2003,4,5
MDL,MDL,2003,4,6
MDL,MDL,2003,4,9
MDL,MDL,2003,4,10
MDL,MDL,2003,4,11
MDL,MDL,2003,4,12
MDL,MDL,2003,4,13
MDL,MDL,2003,4,16
MDL,MDL,2003,4,17
MDL,MDL,2003,4,18
MDL,MDL,2003,4,19
MDL,MDL,2003,4,23
MDL,MDL,2003,4,24
MDL,MDL,2003,4,25
MDL,MDL,2003,4,26
MDL,MDL,2003,4,27
MDL,MDL,2003,4,30
MDL,MDL,2003,5,1
MDL,MDL,2003,5,2
MDL,MDL,2003,5,3
MDL,MDL,2003,5,4
MDL,MDL,2003,5,7
MDL,MDL,2003,5,8
MDL,MDL,2003,5,9
MDL,MDL,2003,5,10
MDL,MDL,2003,5,11
MDL,MDL,2003,5,14
MDL,MDL,2003,5,15
MDL,MDL,2003,5,16
MDL,MDL,2003,5,17
MDL,MDL,2003,5,18
MDL,MDL,2003,5,21
MDL,MDL,2003,5,22
MDL,MDL,2003,5,23
MDL,MDL,2003,5,24
MDL,MDL,2003,5,25
MDL,MDL,2003,5,26
MDL,MDL,2003,5,28
MDL,MDL,2003,5,29
MDL,MDL,2003,5,30
MDL,MDL,2003,5,31
MDL,MDL,2003,6,3
MDL,MDL,2003,6,4
MDL,MDL,2003,6,5
MDL,MDL,2003,6,6
MDL,MDL,2003,6,7
MDL,MDL,2003,6,10
MDL,MDL,2003,6,11
MDL,MDL,2003,6,12
MDL,MDL,2003,6,13
MDL,MDL,2003,6,14
MDL,MDL,2003,6,17
MDL,MDL,2003,6,18
MDL,MDL,2003,6,19
MDL,MDL,2003,6,20
MDL,MDL,2003,6,21
MDL,MDL,2003,6,24
MDL,MDL,2003,6,25
MDL,MDL,2003,6,26
MDL,MDL,2003,6,27
MDL,MDL,2003,6,28
MDL,MDL,2003,7,2
MDL,MDL,2003,7,3
MDL,MDL,2003,7,4
MDL,MDL,2003,7,5
MDL,MDL,2003,7,9
MDL,MDL,2003,7,10
MDL,MDL,2003,7,11
MDL,MDL,2003,7,12
MDL,MDL,2003,7,16
MDL,MDL,2003,7,17
MDL,MDL,2003,7,18
MDL,MDL,2003,7,19
MDL,MDL,2003,7,23
MDL,MDL,2003,7,24
MDL,MDL,2003,7,25
MDL,MDL,2003,7,26
MDL,MDL,2003,7,30
MDL,MDL,2003,7,31
MDL,MDL,2003,8,1
MDL,MDL,2003,8,2
MDL,MDL,2003,10,2
MDL,MDL,2003,10,3
MDL,MDL,2003,10,4
MDL,MDL,2003,10,7
MDL,MDL,2003,10,8
MDL,MDL,2003,10,9
MDL,MDL,2003,10,10
MDL,MDL,2003,10,11
MDL,MDL,2003,10,14
MDL,MDL,2003,10,15
MDL,MDL,2003,10,16
MDL,MDL,2003,10,17
MDL,MDL,2003,10,18
MDL,MDL,2003,10,21
MDL,MDL,2003,10,22
MDL,MDL,2003,10,23
MDL,MDL,2003,10,24
MDL,MDL,2003,10,25
MDL,MDL,2003,10,28
MDL,MDL,2003,10,29
MDL,MDL,2003,10,30
MDL,MDL,2003,10,31
MDL,MDL,2003,11,1
MDL,MDL,2003,11,4
MDL,MDL,2003,11,5
MDL,MDL,2003,11,6
MDL,MDL,2003,11,7
MDL,MDL,2003,11,8
MDL,MDL,2003,11,14
MDL,MDL,2003,11,15
MDL,MDL,2003,11,19
MDL,MDL,2003,11,20
MDL,MDL,2003,11,21
MDL,MDL,2003,11,22
MDL,MDL,2003,11,26
MDL,MDL,2003,11,28
MDL,MDL,2003,11,29
MDL,MDL,2003,12,3
MDL,MDL,2003,12,4
MDL,MDL,2003,12,10
MDL,MDL,2003,12,11
MDL,MDL,2003,12,12
MDL,MDL,2003,12,13
MDL,MDL,2003,12,17
MDL,MDL,2003,12,18
MDL,MDL,2003,12,19
MDL,MDL,2003,12,26
MDL,MDL,2003,12,27
MDL,MDL,2004,1,2
MDL,MDL,2004,1,3
MDL,MDL,2004,1,6
MDL,MDL,2004,1,7
MDL,MDL,2004,1,8
MDL,MDL,2004,1,9
MDL,MDL,2004,1,10
MDL,MDL,2004,1,13
MDL,MDL,2004,1,14
MDL,MDL,2004,1,16
MDL,MDL,2004,1,17
MDL,MDL,2004,1,20
MDL,MDL,2004,1,21
MDL,MDL,2004,1,22
MDL,MDL,2004,1,23
MDL,MDL,2004,1,24
MDL,MDL,2004,1,28
MDL,MDL,2004,1,29
MDL,MDL,2004,1,30
MDL,MDL,2004,1,31
MDL,MDL,2004,2,1
MDL,MDL,2004,2,4
MDL,MDL,2004,2,5
MDL,MDL,2004,2,6
MDL,MDL,2004,2,7
MDL,MDL,2004,2,8
MDL,MDL,2004,2,11
MDL,MDL,2004,2,12
MDL,MDL,2004,2,13
MDL,MDL,2004,2,14
MDL,MDL,2004,2,15
MDL,MDL,2004,2,18
MDL,MDL,2004,2,19
MDL,MDL,2004,2,20
MDL,MDL,2004,2,21
MDL,MDL,2004,2,22
MDL,MDL,2004,2,25
MDL,MDL,2004,2,26
MDL,MDL,2004,2,27
MDL,MDL,2004,2,28
MDL,MDL,2004,2,29
MDL,MDL,2004,3,3
MDL,MDL,2004,3,4
MDL,MDL,2004,3,5
MDL,MDL,2004,3,6
MDL,MDL,2004,3,7
MDL,MDL,2004,3,10
MDL,MDL,2004,3,11
MDL,MDL,2004,3,12
MDL,MDL,2004,3,13
MDL,MDL,2004,3,14
MDL,MDL,2004,3,17
MDL,MDL,2004,3,18
MDL,MDL,2004,3,19
MDL,MDL,2004,3,20
MDL,MDL,2004,3,21
MDL,MDL,2004,3,24
MDL,MDL,2004,3,25
MDL,MDL,2004,3,26
MDL,MDL,2004,3,27
MDL,MDL,2004,3,28
MDL,MDL,2004,3,31
MDL,MDL,2004,4,1
MDL,MDL,2004,4,2
MDL,MDL,2004,4,3
MDL,MDL,2004,4,4
MDL,MDL,2004,4,7
MDL,MDL,2004,4,8
MDL,MDL,2004,4,9
MDL,MDL,2004,4,10
MDL,MDL,2004,4,14
MDL,MDL,2004,4,15
MDL,MDL,2004,4,16
MDL,MDL,2004,4,17
MDL,MDL,2004,4,18
MDL,MDL,2004,4,21
MDL,MDL,2004,4,22
MDL,MDL,2004,4,23
MDL,MDL,2004,4,24
MDL,MDL,2004,4,25
MDL,MDL,2004,4,28
MDL,MDL,2004,4,29
MDL,MDL,2004,4,30
MDL,MDL,2004,5,1
MDL,MDL,2004,5,2
MDL,MDL,2004,5,5
MDL,MDL,2004,5,6
MDL,MDL,2004,5,7
MDL,MDL,2004,5,8
MDL,MDL,2004,5,9
MDL,MDL,2004,5,12
MDL,MDL,2004,5,13
MDL,MDL,2004,5,14
MDL,MDL,2004,5,15
MDL,MDL,2004,5,16
MDL,MDL,2004,5,19
MDL,MDL,2004,5,20
MDL,MDL,2004,5,21
MDL,MDL,2004,5,22
MDL,MDL,2004,5,23
MDL,MDL,2004,5,26
MDL,MDL,2004,5,27
MDL,MDL,2004,5,28
MDL,MDL,2004,5,29
MDL,MDL,2004,5,31
MDL,MDL,2004,6,2
MDL,MDL,2004,6,3
MDL,MDL,2004,6,4
MDL,MDL,2004,6,5
MDL,MDL,2004,6,8
MDL,MDL,2004,6,9
MDL,MDL,2004,6,10
MDL,MDL,2004,6,11
MDL,MDL,2004,6,12
MDL,MDL,2004,6,15
MDL,MDL,2004,6,16
MDL,MDL,2004,6,17
MDL,MDL,2004,6,18
MDL,MDL,2004,6,19
MDL,MDL,2004,6,22
MDL,MDL,2004,6,23
MDL,MDL,2004,6,24
MDL,MDL,2004,6,25
MDL,MDL,2004,6,26
MDL,MDL,2004,6,29
MDL,MDL,2004,6,30
MDL,MDL,2004,7,1
MDL,MDL,2004,7,2
MDL,MDL,2004,7,3
MDL,MDL,2004,7,7
MDL,MDL,2004,7,8
MDL,MDL,2004,7,9
MDL,MDL,2004,7,10
MDL,MDL,2004,7,14
MDL,MDL,2004,7,15
MDL,MDL,2004,7,16
MDL,MDL,2004,7,17
MDL,MDL,2004,7,21
MDL,MDL,2004,7,22
MDL,MDL,2004,7,23
MDL,MDL,2004,7,24
MDL,MDL,2004,7,28
MDL,MDL,2004,7,29
MDL,MDL,2004,7,30
MDL,MDL,2004,7,31
MDL,MDL,2004,8,4
MDL,MDL,2004,8,5
MDL,MDL,2004,8,6
MDL,MDL,2004,8,7
MDL,MDL,2004,10,1
MDL,MDL,2004,10,2
MDL,MDL,2004,10,5
MDL,MDL,2004,10,6
MDL,MDL,2004,10,7
MDL,MDL,2004,10,8
MDL,MDL,2004,10,9
MDL,MDL,2004,10,11
MDL,MDL,2004,10,12
MDL,MDL,2004,10,13
MDL,MDL,2004,10,14
MDL,MDL,2004,10,15
MDL,MDL,2004,10,16
MDL,MDL,2004,10,19
MDL,MDL,2004,10,20
MDL,MDL,2004,10,21
MDL,MDL,2004,10,22
MDL,MDL,2004,10,23
MDL,MDL,2004,10,26
MDL,MDL,2004,10,27
MDL,MDL,2004,10,28
MDL,MDL,2004,10,29
MDL,MDL,2004,10,30
MDL,MDL,2004,11,2
MDL,MDL,2004,11,3
MDL,MDL,2004,11,4
MDL,MDL,2004,11,5
MDL,MDL,2004,11,6
MDL,MDL,2004,11,9
MDL,MDL,2004,11,10
MDL,MDL,2004,11,11
MDL,MDL,2004,11,12
MDL,MDL,2004,11,13
MDL,MDL,2004,11,19
MDL,MDL,2004,11,20
MDL,MDL,2004,11,24
MDL,MDL,2004,11,26
MDL,MDL,2004,11,27
MDL,MDL,2004,12,1
MDL,MDL,2004,12,2
MDL,MDL,2004,12,3
MDL,MDL,2004,12,4
MDL,MDL,2004,12,8
MDL,MDL,2004,12,9
MDL,MDL,2004,12,10
MDL,MDL,2004,12,11
MDL,MDL,2004,12,15
MDL,MDL,2004,12,16
MDL,MDL,2004,12,17
MDL,MDL,2004,12,18
MDL,MDL,2005,1,7
MDL,MDL,2005,1,8
MDL,MDL,2005,1,11
MDL,MDL,2005,1,12
MDL,MDL,2005,1,13
MDL,MDL,2005,1,14
MDL,MDL,2005,1,15
MDL,MDL,2005,1,18
MDL,MDL,2005,1,19
MDL,MDL,2005,1,20
MDL,MDL,2005,1,21
MDL,MDL,2005,1,25
MDL,MDL,2005,1,26
MDL,MDL,2005,1,27
MDL,MDL,2005,1,28
MDL,MDL,2005,1,29
MDL,MDL,2005,2,1
MDL,MDL,2005,2,2
MDL,MDL,2005,2,3
MDL,MDL,2005,2,4
MDL,MDL,2005,2,5
MDL,MDL,2005,2,9
MDL,MDL,2005,2,10
MDL,MDL,2005,2,11
MDL,MDL,2005,2,12
MDL,MDL,2005,2,13
MDL,MDL,2005,2,16
MDL,MDL,2005,2,17
MDL,MDL,2005,2,18
MDL,MDL,2005,2,19
MDL,MDL,2005,2,20
MDL,MDL,2005,2,23
MDL,MDL,2005,2,25
MDL,MDL,2005,2,26
MDL,MDL,2005,2,27
MDL,MDL,2005,3,2
MDL,MDL,2005,3,3
MDL,MDL,2005,3,4
MDL,MDL,2005,3,5
MDL,MDL,2005,3,6
MDL,MDL,2005,3,9
MDL,MDL,2005,3,10
MDL,MDL,2005,3,11
MDL,MDL,2005,3,12
MDL,MDL,2005,3,13
MDL,MDL,2005,3,16
MDL,MDL,2005,3,17
MDL,MDL,2005,3,18
MDL,MDL,2005,3,19
MDL,MDL,2005,3,20
MDL,MDL,2005,3,23
MDL,MDL,2005,3,24
MDL,MDL,2005,3,25
MDL,MDL,2005,3,26
MDL,MDL,2005,3,30
MDL,MDL,2005,3,31
MDL,MDL,2005,4,1
MDL,MDL,2005,4,3
MDL,MDL,2005,4,6
MDL,MDL,2005,4,7
MDL,MDL,2005,4,8
MDL,MDL,2005,4,9
MDL,MDL,2005,4,10
MDL,MDL,2005,4,13
MDL,MDL,2005,4,14
MDL,MDL,2005,4,15
MDL,MDL,2005,4,16
MDL,MDL,2005,4,17
MDL,MDL,2005,4,20
MDL,MDL,2005,4,21
MDL,MDL,2005,4,22
MDL,MDL,2005,4,23
MDL,MDL,2005,4,24
MDL,MDL,2005,4,27
MDL,MDL,2005,4,28
MDL,MDL,2005,4,29
MDL,MDL,2005,4,30
MDL,MDL,2005,5,1
MDL,MDL,2005,5,4
MDL,MDL,2005,5,5
MDL,MDL,2005,5,6
MDL,MDL,2005,5,7
MDL,MDL,2005,5,8
MDL,MDL,2005,5,11
MDL,MDL,2005,5,12
MDL,MDL,2005,5,13
MDL,MDL,2005,5,14
MDL,MDL,2005,5,15
MDL,MDL,2005,5,18
MDL,MDL,2005,5,19
MDL,MDL,2005,5,20
MDL,MDL,2005,5,21
MDL,MDL,2005,5,22
MDL,MDL,2005,5,25
MDL,MDL,2005,5,26
MDL,MDL,2005,5,27
MDL,MDL,2005,5,28
MDL,MDL,2005,5,30
MDL,MDL,2005,6,1
MDL,MDL,2005,6,2
MDL,MDL,2005,6,3
MDL,MDL,2005,6,4
MDL,MDL,2005,6,8
MDL,MDL,2005,6,9
MDL,MDL,2005,6,10
MDL,MDL,2005,6,11
MDL,MDL,2005,6,15
MDL,MDL,2005,6,16
MDL,MDL,2005,6,17
MDL,MDL,2005,6,18
MDL,MDL,2005,6,22
MDL,MDL,2005,6,23
MDL,MDL,2005,6,24
MDL,MDL,2005,6,25
MDL,MDL,2005,6,29
MDL,MDL,2005,6,30
MDL,MDL,2005,7,1
MDL,MDL,2005,7,2
MDL,MDL,2005,7,6
MDL,MDL,2005,7,7
MDL,MDL,2005,7,8
MDL,MDL,2005,7,9
MDL,MDL,2005,7,13
MDL,MDL,2005,7,14
MDL,MDL,2005,7,15
MDL,MDL,2005,7,16
MDL,MDL,2005,7,20
MDL,MDL,2005,7,21
MDL,MDL,2005,7,22
MDL,MDL,2005,7,23
MDL,MDL,2005,7,27
MDL,MDL,2005,7,28
MDL,MDL,2005,7,29
MDL,MDL,2005,7,30
MDL,MDL,2005,8,3
MDL,MDL,2005,8,4
MDL,MDL,2005,8,5
MDL,MDL,2005,8,6
MDL,MDL,2005,9,30
MDL,MDL,2005,10,1
MDL,MDL,2005,10,4
MDL,MDL,2005,10,5
MDL,MDL,2005,10,6
MDL,MDL,2005,10,7
MDL,MDL,2005,10,8
MDL,MDL,2005,10,11
MDL,MDL,2005,10,18
MDL,MDL,2005,10,19
MDL,MDL,2005,10,20
MDL,MDL,2005,10,21
MDL,MDL,2005,10,22
MDL,MDL,2005,10,26
MDL,MDL,2005,10,27
MDL,MDL,2005,10,28
MDL,MDL,2005,10,29
MDL,MDL,2005,11,1
MDL,MDL,2005,11,2
MDL,MDL,2005,11,3
MDL,MDL,2005,11,4
MDL,MDL,2005,11,5
MDL,MDL,2005,11,8
MDL,MDL,2005,11,9
MDL,MDL,2005,11,10
MDL,MDL,2005,11,11
MDL,MDL,2005,11,12
MDL,MDL,2005,11,18
MDL,MDL,2005,11,19
MDL,MDL,2005,11,23
MDL,MDL,2005,11,25
MDL,MDL,2005,11,26
MDL,MDL,2005,11,30
MDL,MDL,2005,12,1
MDL,MDL,2005,12,2
MDL,MDL,2005,12,3
MDL,MDL,2005,12,7
MDL,MDL,2005,12,8
MDL,MDL,2005,12,9
MDL,MDL,2005,12,10
MDL,MDL,2005,12,14
MDL,MDL,2005,12,15
MDL,MDL,2005,12,16
MDL,MDL,2005,12,29
MDL,MDL,2005,12,30
MDL,MDL,2005,12,31
MDL,MDL,2006,1,4
MDL,MDL,2006,1,5
MDL,MDL,2006,1,6
MDL,MDL,2006,1,7
MDL,MDL,2006,1,11
MDL,MDL,2006,1,12
MDL,MDL,2006,1,13
MDL,MDL,2006,1,14
MDL,MDL,2006,1,18
MDL,MDL,2006,1,19
MDL,MDL,2006,1,20
MDL,MDL,2006,1,21
MDL,MDL,2006,1,25
MDL,MDL,2006,1,26
MDL,MDL,2006,1,27
MDL,MDL,2006,1,28
MDL,MDL,2006,2,1
MDL,MDL,2006,2,2
MDL,MDL,2006,2,3
MDL,MDL,2006,2,4
MDL,MDL,2006,2,8
MDL,MDL,2006,2,9
MDL,MDL,2006,2,10
MDL,MDL,2006,2,11
MDL,MDL,2006,2,15
MDL,MDL,2006,2,16
MDL,MDL,2006,2,17
MDL,MDL,2006,2,18
MDL,MDL,2006,2,19
MDL,MDL,2006,2,22
MDL,MDL,2006,2,23
MDL,MDL,2006,2,24
MDL,MDL,2006,2,25
MDL,MDL,2006,2,26
MDL,MDL,2006,3,1
MDL,MDL,2006,3,2
MDL,MDL,2006,3,3
MDL,MDL,2006,3,4
MDL,MDL,2006,3,5
MDL,MDL,2006,3,8
MDL,MDL,2006,3,9
MDL,MDL,2006,3,10
MDL,MDL,2006,3,11
MDL,MDL,2006,3,12
MDL,MDL,2006,3,15
MDL,MDL,2006,3,16
MDL,MDL,2006,3,17
MDL,MDL,2006,3,18
MDL,MDL,2006,3,19
MDL,MDL,2006,3,22
MDL,MDL,2006,3,23
MDL,MDL,2006,3,24
MDL,MDL,2006,3,25
MDL,MDL,2006,3,26
MDL,MDL,2006,3,29
MDL,MDL,2006,3,30
MDL,MDL,2006,3,31
MDL,MDL,2006,4,1
MDL,MDL,2006,4,2
MDL,MDL,2006,4,5
MDL,MDL,2006,4,6
MDL,MDL,2006,4,7
MDL,MDL,2006,4,8
MDL,MDL,2006,4,9
MDL,MDL,2006,4,12
MDL,MDL,2006,4,13
MDL,MDL,2006,4,14
MDL,MDL,2006,4,15
MDL,MDL,2006,4,19
MDL,MDL,2006,4,20
MDL,MDL,2006,4,21
MDL,MDL,2006,4,22
MDL,MDL,2006,4,23
MDL,MDL,2006,4,26
MDL,MDL,2006,4,27
MDL,MDL,2006,4,28
MDL,MDL,2006,4,29
MDL,MDL,2006,4,30
MDL,MDL,2006,5,3
MDL,MDL,2006,5,4
MDL,MDL,2006,5,5
MDL,MDL,2006,5,6
MDL,MDL,2006,5,7
MDL,MDL,2006,5,10
MDL,MDL,2006,5,11
MDL,MDL,2006,5,12
MDL,MDL,2006,5,13
MDL,MDL,2006,5,14
MDL,MDL,2006,5,17
MDL,MDL,2006,5,18
MDL,MDL,2006,5,19
MDL,MDL,2006,5,20
MDL,MDL,2006,5,21
MDL,MDL,2006,5,24
MDL,MDL,2006,5,25
MDL,MDL,2006,5,26
MDL,MDL,2006,5,27
MDL,MDL,2006,5,29
MDL,MDL,2006,5,31
MDL,MDL,2006,6,1
MDL,MDL,2006,6,2
MDL,MDL,2006,6,3
MDL,MDL,2006,6,7
MDL,MDL,2006,6,8
MDL,MDL,2006,6,9
MDL,MDL,2006,6,10
MDL,MDL,2006,6,14
MDL,MDL,2006,6,15
MDL,MDL,2006,6,16
MDL,MDL,2006,6,17
MDL,MDL,2006,6,21
MDL,MDL,2006,6,22
MDL,MDL,2006,6,23
MDL,MDL,2006,6,24
MDL,MDL,2006,6,28
MDL,MDL,2006,6,29
MDL,MDL,2006,6,30
MDL,MDL,2006,7,8
MDL,MDL,2006,7,12
MDL,MDL,2006,7,13
MDL,MDL,2006,7,14
MDL,MDL,2006,7,15
MDL,MDL,2006,7,19
MDL,MDL,2006,7,20
MDL,MDL,2006,7,21
MDL,MDL,2006,7,22
MDL,MDL,2006,7,26
MDL,MDL,2006,7,27
MDL,MDL,2006,7,28
MDL,MDL,2006,7,29
MDL,MDL,2006,8,2
MDL,MDL,2006,8,3
MDL,MDL,2006,8,4
MDL,MDL,2006,8,5
MDL,MDL,2006,8,11
MDL,MDL,2006,8,12
MDL,MDL,2006,9,29
MDL,MDL,2006,9,30
MDL,MDL,2006,10,3
MDL,MDL,2006,10,4
MDL,MDL,2006,10,5
MDL,MDL,2006,10,6
MDL,MDL,2006,10,7
MDL,MDL,2006,10,10
MDL,MDL,2006,10,11
MDL,MDL,2006,10,12
MDL,MDL,2006,10,13
MDL,MDL,2006,10,14
MDL,MDL,2006,10,17
MDL,MDL,2006,10,18
MDL,MDL,2006,10,19
MDL,MDL,2006,10,20
MDL,MDL,2006,10,21
MDL,MDL,2006,10,24
MDL,MDL,2006,10,25
MDL,MDL,2006,10,26
MDL,MDL,2006,10,27
MDL,MDL,2006,10,28
MDL,MDL,2006,10,31
MDL,MDL,2006,11,1
MDL,MDL,2006,11,2
MDL,MDL,2006,11,3
MDL,MDL,2006,11,4
MDL,MDL,2006,11,6
MDL,MDL,2006,11,7
MDL,MDL,2006,11,8
MDL,MDL,2006,11,9
MDL,MDL,2006,11,10
MDL,MDL,2006,11,11
MDL,MDL,2006,11,17
MDL,MDL,2006,11,18
MDL,MDL,2006,11,22
MDL,MDL,2006,11,24
MDL,MDL,2006,11,25
MDL,MDL,2006,11,29
MDL,MDL,2006,11,30
MDL,MDL,2006,12,1
MDL,MDL,2006,12,2
MDL,MDL,2006,12,6
MDL,MDL,2006,12,7
MDL,MDL,2006,12,8
MDL,MDL,2006,12,9
MDL,MDL,2006,12,13
MDL,MDL,2006,12,14
MDL,MDL,2006,12,15
MDL,MDL,2006,12,16
MDL,MDL,2006,12,22
MDL,MDL,2006,12,23
MDL,MDL,2006,12,29
MDL,MDL,2006,12,30
MDL,MDL,2007,1,5
MDL,MDL,2007,1,6
MDL,MDL,2007,1,10
MDL,MDL,2007,1,11
MDL,MDL,2007,1,12
MDL,MDL,2007,1,13
MDL,MDL,2007,1,17
MDL,MDL,2007,1,18
MDL,MDL,2007,1,19
MDL,MDL,2007,1,20
MDL,MDL,2007,1,24
MDL,MDL,2007,1,25
MDL,MDL,2007,1,26
MDL,MDL,2007,1,27
MDL,MDL,2007,1,31
MDL,MDL,2007,2,1
MDL,MDL,2007,2,2
MDL,MDL,2007,2,3
MDL,MDL,2007,2,7
MDL,MDL,2007,2,8
MDL,MDL,2007,2,9
MDL,MDL,2007,2,10
MDL,MDL,2007,2,11
MDL,MDL,2007,2,15
MDL,MDL,2007,2,16
MDL,MDL,2007,2,17
MDL,MDL,2007,2,18
MDL,MDL,2007,2,21
MDL,MDL,2007,2,22
MDL,MDL,2007,2,23
MDL,MDL,2007,2,24
MDL,MDL,2007,2,25
MDL,MDL,2007,2,28
MDL,MDL,2007,3,1
MDL,MDL,2007,3,2
MDL,MDL,2007,3,3
MDL,MDL,2007,3,4
MDL,MDL,2007,3,7
MDL,MDL,2007,3,8
MDL,MDL,2007,3,9
MDL,MDL,2007,3,10
MDL,MDL,2007,3,11
MDL,MDL,2007,3,14
MDL,MDL,2007,3,15
MDL,MDL,2007,3,17
MDL,MDL,2007,3,18
MDL,MDL,2007,3,22
MDL,MDL,2007,3,23
MDL,MDL,2007,3,24
MDL,MDL,2007,3,25
MDL,MDL,2007,3,30
MDL,MDL,2007,3,31
MDL,MDL,2007,4,1
MDL,MDL,2007,4,5
MDL,MDL,2007,4,6
MDL,MDL,2007,4,7
MDL,MDL,2007,4,12
MDL,MDL,2007,4,13
MDL,MDL,2007,4,14
MDL,MDL,2007,4,19
MDL,MDL,2007,4,20
MDL,MDL,2007,4,21
MDL,MDL,2007,4,22
MDL,MDL,2007,4,26
MDL,MDL,2007,4,27
MDL,MDL,2007,4,28
MDL,MDL,2007,4,29
MDL,MDL,2007,5,3
MDL,MDL,2007,5,4
MDL,MDL,2007,5,5
MDL,MDL,2007,5,6
MDL,MDL,2007,5,10
MDL,MDL,2007,5,11
MDL,MDL,2007,5,12
MDL,MDL,2007,5,13
MDL,MDL,2007,5,16
MDL,MDL,2007,5,17
MDL,MDL,2007,5,18
MDL,MDL,2007,5,19
MDL,MDL,2007,5,20
MDL,MDL,2007,5,23
MDL,MDL,2007,5,24
MDL,MDL,2007,5,25
MDL,MDL,2007,5,26
MDL,MDL,2007,5,28
MDL,MDL,2007,5,30
MDL,MDL,2007,5,31
MDL,MDL,2007,6,1
MDL,MDL,2007,6,2
MDL,MDL,2007,6,6
MDL,MDL,2007,6,7
MDL,MDL,2007,6,8
MDL,MDL,2007,6,9
MDL,MDL,2007,6,13
MDL,MDL,2007,6,14
MDL,MDL,2007,6,15
MDL,MDL,2007,6,16
MDL,MDL,2007,6,20
MDL,MDL,2007,6,21
MDL,MDL,2007,6,22
MDL,MDL,2007,6,23
MDL,MDL,2007,6,27
MDL,MDL,2007,6,28
MDL,MDL,2007,6,29
MDL,MDL,2007,6,30
MDL,MDL,2007,7,4
MDL,MDL,2007,7,5
MDL,MDL,2007,7,6
MDL,MDL,2007,7,7
MDL,MDL,2007,7,11
MDL,MDL,2007,7,12
MDL,MDL,2007,7,13
MDL,MDL,2007,7,14
MDL,MDL,2007,7,18
MDL,MDL,2007,7,19
MDL,MDL,2007,7,20
MDL,MDL,2007,7,21
MDL,MDL,2007,7,25
MDL,MDL,2007,7,26
MDL,MDL,2007,7,27
MDL,MDL,2007,7,28
MDL,MDL,2007,8,1
MDL,MDL,2007,8,2
MDL,MDL,2007,8,3
MDL,MDL,2007,8,4
MDL,MDL,2007,9,3
MDL,MDL,2007,9,7
MDL,MDL,2007,9,8
MDL,MDL,2007,9,11
MDL,MDL,2007,9,12
MDL,MDL,2007,9,13
MDL,MDL,2007,9,14
MDL,MDL,2007,9,15
MDL,MDL,2007,9,18
MDL,MDL,2007,9,19
MDL,MDL,2007,9,20
MDL,MDL,2007,9,21
MDL,MDL,2007,9,22
MDL,MDL,2007,9,25
MDL,MDL,2007,9,26
MDL,MDL,2007,9,27
MDL,MDL,2007,9,28
MDL,MDL,2007,9,29
MDL,MDL,2007,10,2
MDL,MDL,2007,10,3
MDL,MDL,2007,10,4
MDL,MDL,2007,10,5
MDL,MDL,2007,10,6
MDL,MDL,2007,10,9
MDL,MDL,2007,10,10
MDL,MDL,2007,10,11
MDL,MDL,2007,10,12
MDL,MDL,2007,10,13
MDL,MDL,2007,10,16
MDL,MDL,2007,10,17
MDL,MDL,2007,10,18
MDL,MDL,2007,10,19
MDL,MDL,2007,10,20
MDL,MDL,2007,10,31
MDL,MDL,2007,11,1
MDL,MDL,2007,11,2
MDL,MDL,2007,11,3
MDL,MDL,2007,11,7
MDL,MDL,2007,11,8
MDL,MDL,2007,11,9
MDL,MDL,2007,11,10
MDL,MDL,2007,11,16
MDL,MDL,2007,11,17
MDL,MDL,2007,11,23
MDL,MDL,2007,11,29
MDL,MDL,2007,11,30
MDL,MDL,2007,12,6
MDL,MDL,2007,12,7
MDL,MDL,2007,12,13
MDL,MDL,2007,12,14
MDL,MDL,2007,12,18
MDL,MDL,2007,12,20
MDL,MDL,2007,12,21
MDL,MDL,2007,12,22
MDL,MDL,2008,1,2
MDL,MDL,2008,1,3
MDL,MDL,2008,1,4
MDL,MDL,2008,1,5
MDL,MDL,2008,1,9
MDL,MDL,2008,1,10
MDL,MDL,2008,1,11
MDL,MDL,2008,1,12
MDL,MDL,2008,1,16
MDL,MDL,2008,1,17
MDL,MDL,2008,1,18
MDL,MDL,2008,1,19
MDL,MDL,2008,1,23
MDL,MDL,2008,1,24
MDL,MDL,2008,1,25
MDL,MDL,2008,1,26
MDL,MDL,2008,1,30
MDL,MDL,2008,1,31
MDL,MDL,2008,2,1
MDL,MDL,2008,2,2
MDL,MDL,2008,2,6
MDL,MDL,2008,2,7
MDL,MDL,2008,2,8
MDL,MDL,2008,2,9
MDL,MDL,2008,2,10
MDL,MDL,2008,2,13
MDL,MDL,2008,2,14
MDL,MDL,2008,2,15
MDL,MDL,2008,2,16
MDL,MDL,2008,2,17
MDL,MDL,2008,2,20
MDL,MDL,2008,2,21
MDL,MDL,2008,2,23
MDL,MDL,2008,2,24
MDL,MDL,2008,2,27
MDL,MDL,2008,2,28
MDL,MDL,2008,2,29
MDL,MDL,2008,3,1
MDL,MDL,2008,3,2
MDL,MDL,2008,3,5
MDL,MDL,2008,3,6
MDL,MDL,2008,3,7
MDL,MDL,2008,3,8
MDL,MDL,2008,3,9
MDL,MDL,2008,3,12
MDL,MDL,2008,3,13
MDL,MDL,2008,3,14
MDL,MDL,2008,3,15
MDL,MDL,2008,3,16
MDL,MDL,2008,3,19
MDL,MDL,2008,3,20
MDL,MDL,2008,3,21
MDL,MDL,2008,3,22
MDL,MDL,2008,3,26
MDL,MDL,2008,3,27
MDL,MDL,2008,3,28
MDL,MDL,2008,3,29
MDL,MDL,2008,4,2
MDL,MDL,2008,4,3
MDL,MDL,2008,4,4
MDL,MDL,2008,4,5
MDL,MDL,2008,4,9
MDL,MDL,2008,4,10
MDL,MDL,2008,4,11
MDL,MDL,2008,4,12
MDL,MDL,2008,4,16
MDL,MDL,2008,4,17
MDL,MDL,2008,4,18
MDL,MDL,2008,4,19
MDL,MDL,2008,4,23
MDL,MDL,2008,4,24
MDL,MDL,2008,4,25
MDL,MDL,2008,4,26
MDL,MDL,2008,4,30
MDL,MDL,2008,5,1
MDL,MDL,2008,5,2
MDL,MDL,2008,5,3
MDL,MDL,2008,5,7
MDL,MDL,2008,5,8
MDL,MDL,2008,5,9
MDL,MDL,2008,5,10
MDL,MDL,2008,5,11
MDL,MDL,2008,5,14
MDL,MDL,2008,5,15
MDL,MDL,2008,5,16
MDL,MDL,2008,5,17
MDL,MDL,2008,5,21
MDL,MDL,2008,5,22
MDL,MDL,2008,5,23
MDL,MDL,2008,5,24
MDL,MDL,2008,5,26
MDL,MDL,2008,5,28
MDL,MDL,2008,5,29
MDL,MDL,2008,5,30
MDL,MDL,2008,5,31
MDL,MDL,2008,6,4
MDL,MDL,2008,6,5
MDL,MDL,2008,6,6
MDL,MDL,2008,6,7
MDL,MDL,2008,6,11
MDL,MDL,2008,6,12
MDL,MDL,2008,6,13
MDL,MDL,2008,6,14
MDL,MDL,2008,6,15
MDL,MDL,2008,6,18
MDL,MDL,2008,6,19
MDL,MDL,2008,6,20
MDL,MDL,2008,6,21
MDL,MDL,2008,6,25
MDL,MDL,2008,6,26
MDL,MDL,2008,6,27
MDL,MDL,2008,6,28
MDL,MDL,2008,7,2
MDL,MDL,2008,7,3
MDL,MDL,2008,7,4
MDL,MDL,2008,7,5
MDL,MDL,2008,7,9
MDL,MDL,2008,7,10
MDL,MDL,2008,7,11
MDL,MDL,2008,7,12
MDL,MDL,2008,7,16
MDL,MDL,2008,7,17
MDL,MDL,2008,7,18
MDL,MDL,2008,7,19
MDL,MDL,2008,7,23
MDL,MDL,2008,7,24
MDL,MDL,2008,7,25
MDL,MDL,2008,7,26
MDL,MDL,2008,7,30
MDL,MDL,2008,7,31
MDL,MDL,2008,8,1
MDL,MDL,2008,8,2
MDL,MDL,2008,9,30
MDL,MDL,2008,10,1
MDL,MDL,2008,10,2
MDL,MDL,2008,10,3
MDL,MDL,2008,10,4
MDL,MDL,2008,10,6
MDL,MDL,2008,10,7
MDL,MDL,2008,10,8
MDL,MDL,2008,10,9
MDL,MDL,2008,10,10
MDL,MDL,2008,10,11
MDL,MDL,2008,10,13
MDL,MDL,2008,10,14
MDL,MDL,2008,10,15
MDL,MDL,2008,10,16
MDL,MDL,2008,10,17
MDL,MDL,2008,10,18
MDL,MDL,2008,10,20
MDL,MDL,2008,10,21
MDL,MDL,2008,10,22
MDL,MDL,2008,10,23
MDL,MDL,2008,10,24
MDL,MDL,2008,10,25
MDL,MDL,2008,10,27
MDL,MDL,2008,10,28
MDL,MDL,2008,10,29
MDL,MDL,2008,10,30
MDL,MDL,2008,10,31
MDL,MDL,2008,11,1
MDL,MDL,2008,11,3
MDL,MDL,2008,11,4
MDL,MDL,2008,11,5
MDL,MDL,2008,11,6
MDL,MDL,2008,11,7
MDL,MDL,2008,11,8
MDL,MDL,2008,11,10
MDL,MDL,2008,11,11
MDL,MDL,2008,11,12
MDL,MDL,2008,11,13
MDL,MDL,2008,11,14
MDL,MDL,2008,11,15
MDL,MDL,2008,11,21
MDL,MDL,2008,11,22
MDL,MDL,2008,11,28
MDL,MDL,2008,11,29
MDL,MDL,2008,12,3
MDL,MDL,2008,12,4
MDL,MDL,2008,12,5
MDL,MDL,2008,12,6
MDL,MDL,2008,12,10
MDL,MDL,2008,12,11
MDL,MDL,2008,12,12
MDL,MDL,2008,12,13
MDL,MDL,2008,12,17
MDL,MDL,2008,12,18
MDL,MDL,2008,12,20
MDL,MDL,2008,12,26
MDL,MDL,2008,12,27
MDL,MDL,2009,1,1
MDL,MDL,2009,1,2
MDL,MDL,2009,1,3
MDL,MDL,2009,1,4
MDL,MDL,2009,1,7
MDL,MDL,2009,1,8
MDL,MDL,2009,1,9
MDL,MDL,2009,1,10
MDL,MDL,2009,1,14
MDL,MDL,2009,1,15
MDL,MDL,2009,1,16
MDL,MDL,2009,1,17
MDL,MDL,2009,1,18
MDL,MDL,2009,1,21
MDL,MDL,2009,1,22
MDL,MDL,2009,1,23
MDL,MDL,2009,1,24
MDL,MDL,2009,1,25
MDL,MDL,2009,1,29
MDL,MDL,2009,1,30
MDL,MDL,2009,1,31
MDL,MDL,2009,2,1
MDL,MDL,2009,2,4
MDL,MDL,2009,2,5
MDL,MDL,2009,2,6
MDL,MDL,2009,2,7
MDL,MDL,2009,2,8
MDL,MDL,2009,2,11
MDL,MDL,2009,2,12
MDL,MDL,2009,2,13
MDL,MDL,2009,2,14
MDL,MDL,2009,2,15
MDL,MDL,2009,2,16
MDL,MDL,2009,2,18
MDL,MDL,2009,2,19
MDL,MDL,2009,2,20
MDL,MDL,2009,2,21
MDL,MDL,2009,2,22
MDL,MDL,2009,2,25
MDL,MDL,2009,2,26
MDL,MDL,2009,2,27
MDL,MDL,2009,2,28
MDL,MDL,2009,3,1
MDL,MDL,2009,3,4
MDL,MDL,2009,3,5
MDL,MDL,2009,3,6
MDL,MDL,2009,3,7
MDL,MDL,2009,3,8
MDL,MDL,2009,3,11
MDL,MDL,2009,3,12
MDL,MDL,2009,3,13
MDL,MDL,2009,3,14
MDL,MDL,2009,3,15
MDL,MDL,2009,3,18
MDL,MDL,2009,3,19
MDL,MDL,2009,3,20
MDL,MDL,2009,3,21
MDL,MDL,2009,3,22
MDL,MDL,2009,3,25
MDL,MDL,2009,3,26
MDL,MDL,2009,3,27
MDL,MDL,2009,3,28
MDL,MDL,2009,3,29
MDL,MDL,2009,4,1
MDL,MDL,2009,4,2
MDL,MDL,2009,4,3
MDL,MDL,2009,4,4
MDL,MDL,2009,4,5
MDL,MDL,2009,4,8
MDL,MDL,2009,4,9
MDL,MDL,2009,4,10
MDL,MDL,2009,4,11
MDL,MDL,2009,4,15
MDL,MDL,2009,4,16
MDL,MDL,2009,4,17
MDL,MDL,2009,4,18
MDL,MDL,2009,4,22
MDL,MDL,2009,4,23
MDL,MDL,2009,4,24
MDL,MDL,2009,4,25
MDL,MDL,2009,4,29
MDL,MDL,2009,4,30
MDL,MDL,2009,5,1
MDL,MDL,2009,5,2
MDL,MDL,2009,5,7
MDL,MDL,2009,5,8
MDL,MDL,2009,5,9
MDL,MDL,2009,5,10
MDL,MDL,2009,5,13
MDL,MDL,2009,5,14
MDL,MDL,2009,5,15
MDL,MDL,2009,5,16
MDL,MDL,2009,5,21
MDL,MDL,2009,5,22
MDL,MDL,2009,5,23
MDL,MDL,2009,5,25
MDL,MDL,2009,5,27
MDL,MDL,2009,5,28
MDL,MDL,2009,5,29
MDL,MDL,2009,5,30
MDL,MDL,2009,6,3
MDL,MDL,2009,6,4
MDL,MDL,2009,6,5
MDL,MDL,2009,6,6
MDL,MDL,2009,6,10
MDL,MDL,2009,6,11
MDL,MDL,2009,6,12
MDL,MDL,2009,6,13
MDL,MDL,2009,6,18
MDL,MDL,2009,6,19
MDL,MDL,2009,6,20
MDL,MDL,2009,6,21
MDL,MDL,2009,6,24
MDL,MDL,2009,6,25
MDL,MDL,2009,6,26
MDL,MDL,2009,6,27
MDL,MDL,2009,7,1
MDL,MDL,2009,7,2
MDL,MDL,2009,7,3
MDL,MDL,2009,7,4
MDL,MDL,2009,7,8
MDL,MDL,2009,7,9
MDL,MDL,2009,7,10
MDL,MDL,2009,7,11
MDL,MDL,2009,7,15
MDL,MDL,2009,7,16
MDL,MDL,2009,7,17
MDL,MDL,2009,7,18
MDL,MDL,2009,7,22
MDL,MDL,2009,7,23
MDL,MDL,2009,7,24
MDL,MDL,2009,7,25
MDL,MDL,2009,7,29
MDL,MDL,2009,7,30
MDL,MDL,2009,7,31
MDL,MDL,2009,8,1
MDL,MDL,2009,8,5
MDL,MDL,2009,8,6
MDL,MDL,2009,8,7
MDL,MDL,2009,8,8
MDL,MDL,2009,8,12
MDL,MDL,2009,8,13
MDL,MDL,2009,8,15
MDL,MDL,2009,8,19
MDL,MDL,2009,8,20
MDL,MDL,2009,8,21
MDL,MDL,2009,8,22
MDL,MDL,2009,10,1
MDL,MDL,2009,10,2
MDL,MDL,2009,10,3
MDL,MDL,2009,10,5
MDL,MDL,2009,10,6
MDL,MDL,2009,10,8
MDL,MDL,2009,10,9
MDL,MDL,2009,10,10
MDL,MDL,2009,10,12
MDL,MDL,2009,10,13
MDL,MDL,2009,10,15
MDL,MDL,2009,10,16
MDL,MDL,2009,10,17
MDL,MDL,2009,10,19
MDL,MDL,2009,10,20
MDL,MDL,2009,10,22
MDL,MDL,2009,10,23
MDL,MDL,2009,10,24
MDL,MDL,2009,10,26
MDL,MDL,2009,10,27
MDL,MDL,2009,10,29
MDL,MDL,2009,10,30
MDL,MDL,2009,10,31
MDL,MDL,2009,11,2
MDL,MDL,2009,11,3
MDL,MDL,2009,11,5
MDL,MDL,2009,11,6
MDL,MDL,2009,11,7
MDL,MDL,2009,11,9
MDL,MDL,2009,11,10
MDL,MDL,2009,11,12
MDL,MDL,2009,11,13
MDL,MDL,2009,11,14
MDL,MDL,2009,11,16
MDL,MDL,2009,11,17
MDL,MDL,2009,11,19
MDL,MDL,2009,11,20
MDL,MDL,2009,11,21
MDL,MDL,2009,11,23
MDL,MDL,2009,11,24
MDL,MDL,2009,11,27
MDL,MDL,2009,11,28
MDL,MDL,2009,11,30
MDL,MDL,2009,12,1
MDL,MDL,2009,12,3
MDL,MDL,2009,12,4
MDL,MDL,2009,12,5
MDL,MDL,2010,1,1
MDL,MDL,2010,1,2
MDL,MDL,2010,1,6
MDL,MDL,2010,1,7
MDL,MDL,2010,1,8
MDL,MDL,2010,1,9
MDL,MDL,2010,1,10
MDL,MDL,2010,1,13
MDL,MDL,2010,1,14
MDL,MDL,2010,1,15
MDL,MDL,2010,1,16
MDL,MDL,2010,1,17
MDL,MDL,2010,1,20
MDL,MDL,2010,1,21
MDL,MDL,2010,1,22
MDL,MDL,2010,1,23
MDL,MDL,2010,1,24
MDL,MDL,2010,1,27
MDL,MDL,2010,1,28
MDL,MDL,2010,1,29
MDL,MDL,2010,1,30
MDL,MDL,2010,1,31
MDL,MDL,2010,2,3
MDL,MDL,2010,2,4
MDL,MDL,2010,2,5
MDL,MDL,2010,2,6
MDL,MDL,2010,2,7
MDL,MDL,2010,2,11
MDL,MDL,2010,2,12
MDL,MDL,2010,2,13
MDL,MDL,2010,2,14
MDL,MDL,2010,2,15
MDL,MDL,2010,2,18
MDL,MDL,2010,2,19
MDL,MDL,2010,2,20
MDL,MDL,2010,2,21
MDL,MDL,2010,2,24
MDL,MDL,2010,2,27
MDL,MDL,2010,2,28
MDL,MDL,2010,3,3
MDL,MDL,2010,3,4
MDL,MDL,2010,3,5
MDL,MDL,2010,3,6
MDL,MDL,2010,3,7
MDL,MDL,2010,3,10
MDL,MDL,2010,3,11
MDL,MDL,2010,3,12
MDL,MDL,2010,3,14
MDL,MDL,2010,3,18
MDL,MDL,2010,3,19
MDL,MDL,2010,3,20
MDL,MDL,2010,3,25
MDL,MDL,2010,3,26
MDL,MDL,2010,3,27
MDL,MDL,2010,4,1
MDL,MDL,2010,4,2
MDL,MDL,2010,4,3
MDL,MDL,2010,4,8
MDL,MDL,2010,4,9
MDL,MDL,2010,4,10
MDL,MDL,2010,4,15
MDL,MDL,2010,4,16
MDL,MDL,2010,4,17
MDL,MDL,2010,4,22
MDL,MDL,2010,4,23
MDL,MDL,2010,4,24
MDL,MDL,2010,4,29
MDL,MDL,2010,4,30
MDL,MDL,2010,5,1
MDL,MDL,2010,5,6
MDL,MDL,2010,5,7
MDL,MDL,2010,5,8
MDL,MDL,2010,5,9
MDL,MDL,2010,5,13
MDL,MDL,2010,5,14
MDL,MDL,2010,5,15
MDL,MDL,2010,5,20
MDL,MDL,2010,5,21
MDL,MDL,2010,5,22
MDL,MDL,2010,5,27
MDL,MDL,2010,5,28
MDL,MDL,2010,5,29
MDL,MDL,2010,6,3
MDL,MDL,2010,6,4
MDL,MDL,2010,6,5
MDL,MDL,2010,6,10
MDL,MDL,2010,6,11
MDL,MDL,2010,6,12
MDL,MDL,2010,6,17
MDL,MDL,2010,6,18
MDL,MDL,2010,6,19
MDL,MDL,2010,6,24
MDL,MDL,2010,6,25
MDL,MDL,2010,6,26
MDL,MDL,2010,6,30
MDL,MDL,2010,7,1
MDL,MDL,2010,7,2
MDL,MDL,2010,7,3
MDL,MDL,2010,7,7
MDL,MDL,2010,7,8
MDL,MDL,2010,7,9
MDL,MDL,2010,7,10
MDL,MDL,2010,7,14
MDL,MDL,2010,7,15
MDL,MDL,2010,7,16
MDL,MDL,2010,7,17
MDL,MDL,2010,7,21
MDL,MDL,2010,7,22
MDL,MDL,2010,7,23
MDL,MDL,2010,7,24
MDL,MDL,2010,7,28
MDL,MDL,2010,7,29
MDL,MDL,2010,7,30
MDL,MDL,2010,7,31
MDL,MDL,2010,8,4
MDL,MDL,2010,8,5
MDL,MDL,2010,8,6
MDL,MDL,2010,8,7
MDL,MDL,2010,8,13
MDL,MDL,2010,8,14
MDL,MDL,2010,8,20
MDL,MDL,2010,10,23
MDL,MDL,2010,10,29
MDL,MDL,2010,10,30
MDL,MDL,2010,11,5
MDL,MDL,2010,11,6
MDL,MDL,2010,11,12
MDL,MDL,2010,11,13
MDL,MDL,2010,11,19
MDL,MDL,2010,11,20
MDL,MDL,2010,11,26
MDL,MDL,2010,11,27
MDL,MDL,2010,12,3
MDL,MDL,2010,12,4
MDL,MDL,2010,12,10
MDL,MDL,2010,12,11
MDL,MDL,2010,12,17
MDL,MDL,2010,12,18
MDL,MDL,2011,1,7
MDL,MDL,2011,1,8
MDL,MDL,2011,1,13
MDL,MDL,2011,1,14
MDL,MDL,2011,1,15
MDL,MDL,2011,1,20
MDL,MDL,2011,1,21
MDL,MDL,2011,1,22
MDL,MDL,2011,1,27
MDL,MDL,2011,1,28
MDL,MDL,2011,1,29
MDL,MDL,2011,2,3
MDL,MDL,2011,2,4
MDL,MDL,2011,2,5
MDL,MDL,2011,2,10
MDL,MDL,2011,2,11
MDL,MDL,2011,2,12
MDL,MDL,2011,2,17
MDL,MDL,2011,2,18
MDL,MDL,2011,2,19
MDL,MDL,2011,2,21
MDL,MDL,2011,2,24
MDL,MDL,2011,2,25
MDL,MDL,2011,2,26
MDL,MDL,2011,3,3
MDL,MDL,2011,3,4
MDL,MDL,2011,3,5
MDL,MDL,2011,3,10
MDL,MDL,2011,3,11
MDL,MDL,2011,3,12
MDL,MDL,2011,3,17
MDL,MDL,2011,3,18
MDL,MDL,2011,3,19
MDL,MDL,2011,3,24
MDL,MDL,2011,3,25
MDL,MDL,2011,3,26
MDL,MDL,2011,5,7
MDL,MDL,2011,5,8
MDL,MDL,2011,5,12
MDL,MDL,2011,5,13
MDL,MDL,2011,5,14
MDL,MDL,2011,5,19
MDL,MDL,2011,5,20
MDL,MDL,2011,5,21
MDL,MDL,2011,5,26
MDL,MDL,2011,5,27
MDL,MDL,2011,5,28
MDL,MDL,2011,6,2
MDL,MDL,2011,6,3
MDL,MDL,2011,6,4
MDL,MDL,2011,6,9
MDL,MDL,2011,6,10
MDL,MDL,2011,6,11
MDL,MDL,2011,6,16
MDL,MDL,2011,6,17
MDL,MDL,2011,6,18
MDL,MDL,2011,6,23
MDL,MDL,2011,6,24
MDL,MDL,2011,6,25
MDL,MDL,2011,6,30
MDL,MDL,2011,7,1
MDL,MDL,2011,7,2
MDL,MDL,2011,7,7
MDL,MDL,2011,7,8
MDL,MDL,2011,7,9
MDL,MDL,2011,7,14
MDL,MDL,2011,7,15
MDL,MDL,2011,7,16
MDL,MDL,2011,7,21
MDL,MDL,2011,7,22
MDL,MDL,2011,7,23
MDL,MDL,2011,7,28
MDL,MDL,2011,7,29
MDL,MDL,2011,7,30
MDL,MDL,2011,8,4
MDL,MDL,2011,8,5
MDL,MDL,2011,8,6
MDL,MDL,2011,8,12
MDL,MDL,2011,8,13
MDL,MDL,2011,8,19
MDL,MDL,2011,8,20
MDL,MDL,2012,1,6
MDL,MDL,2012,1,7
MDL,MDL,2012,1,12
MDL,MDL,2012,1,13
MDL,MDL,2012,1,14
MDL,MDL,2012,1,19
MDL,MDL,2012,1,20
MDL,MDL,2012,1,21
MDL,MDL,2012,1,26
MDL,MDL,2012,1,27
MDL,MDL,2012,1,28
MDL,MDL,2012,2,2
MDL,MDL,2012,2,3
MDL,MDL,2012,2,4
MDL,MDL,2012,2,9
MDL,MDL,2012,2,10
MDL,MDL,2012,2,11
MDL,MDL,2012,2,16
MDL,MDL,2012,2,17
MDL,MDL,2012,2,18
MDL,MDL,2012,2,23
MDL,MDL,2012,2,24
MDL,MDL,2012,2,25
MDL,MDL,2012,3,1
MDL,MDL,2012,3,2
MDL,MDL,2012,3,3
MDL,MDL,2012,3,8
MDL,MDL,2012,3,9
MDL,MDL,2012,3,10
MDL,MDL,2012,3,16
MDL,MDL,2012,3,17
MDL,MDL,2012,3,23
MDL,MDL,2012,3,24
MDL,MDL,2012,3,30
MDL,MDL,2012,3,31
MDL,MDL,2012,4,6
MDL,MDL,2012,4,7
MDL,MDL,2012,4,13
MDL,MDL,2012,4,14
MDL,MDL,2012,4,20
MDL,MDL,2012,4,21
MDL,MDL,2012,5,4
MDL,MDL,2012,5,5
MDL,MDL,2012,5,11
MDL,MDL,2012,5,12
MDL,MDL,2012,5,18
MDL,MDL,2012,5,19
MDL,MDL,2012,5,25
MDL,MDL,2012,5,26
MDL,MDL,2012,6,1
MDL,MDL,2012,6,2
MDL,MDL,2012,6,8
MDL,MDL,2012,6,9
MDL,MDL,2012,6,15
MDL,MDL,2012,6,16
MDL,MDL,2012,6,22
MDL,MDL,2012,6,23
MDL,MDL,2012,6,28
MDL,MDL,2012,6,29
MDL,MDL,2012,6,30
MDL,MDL,2012,7,5
MDL,MDL,2012,7,6
MDL,MDL,2012,7,7
MDL,MDL,2012,7,12
MDL,MDL,2012,7,13
MDL,MDL,2012,7,14
MDL,MDL,2012,7,19
MDL,MDL,2012,7,20
MDL,MDL,2012,7,21
MDL,MDL,2012,7,26
MDL,MDL,2012,7,27
MDL,MDL,2012,7,28
MDL,MDL,2012,8,2
MDL,MDL,2012,8,3
MDL,MDL,2012,8,4
MDL,MDL,2012,8,10
MDL,MDL,2012,8,11
MDL,MDL,2012,8,17
MDL,MDL,2012,12,28
MDL,MDL,2012,12,29
MDL,MDL,2013,1,3
MDL,MDL,2013,1,4
MDL,MDL,2013,1,5
MDL,MDL,2013,1,10
MDL,MDL,2013,1,11
MDL,MDL,2013,1,12
MDL,MDL,2013,1,17
MDL,MDL,2013,1,18
MDL,MDL,2013,1,19
MDL,MDL,2013,1,24
MDL,MDL,2013,1,25
MDL,MDL,2013,1,26
MDL,MDL,2013,1,31
MDL,MDL,2013,2,1
MDL,MDL,2013,2,2
MDL,MDL,2013,2,7
MDL,MDL,2013,2,9
MDL,MDL,2013,2,14
MDL,MDL,2013,2,15
MDL,MDL,2013,2,16
MDL,MDL,2013,2,21
MDL,MDL,2013,2,22
MDL,MDL,2013,2,23
MDL,MDL,2013,2,28
MDL,MDL,2013,3,1
MDL,MDL,2013,3,2
MDL,MDL,2013,3,7
MDL,MDL,2013,3,8
MDL,MDL,2013,3,9
MDL,MDL,2013,3,14
MDL,MDL,2013,3,15
MDL,MDL,2013,3,16
MDL,MDL,2013,3,22
MDL,MDL,2013,3,23
MDL,MDL,2013,3,29
MDL,MDL,2013,3,30
MDL,MDL,2013,4,5
MDL,MDL,2013,4,6
MDL,MDL,2013,4,12
MDL,MDL,2013,4,13
MDL,MDL,2013,4,19
MDL,MDL,2013,4,20
MDL,MDL,2013,5,3
MDL,MDL,2013,5,4
MDL,MDL,2013,5,10
MDL,MDL,2013,5,11
MDL,MDL,2013,5,17
MDL,MDL,2013,5,18
MDL,MDL,2013,5,24
MDL,MDL,2013,5,25
MDL,MDL,2013,5,31
MDL,MDL,2013,6,1
MDL,MDL,2013,6,7
MDL,MDL,2013,6,8
MDL,MDL,2013,6,14
MDL,MDL,2013,6,15
MDL,MDL,2013,6,21
MDL,MDL,2013,6,22
MDL,MDL,2013,6,28
MDL,MDL,2013,6,29
MDL,MDL,2013,7,5
MDL,MDL,2013,7,6
MDL,MDL,2013,7,12
MDL,MDL,2013,7,13
MDL,MDL,2013,7,19
MDL,MDL,2013,7,20
MDL,MDL,2013,7,26
MDL,MDL,2013,7,27
MDL,MDL,2013,8,2
MDL,MDL,2013,8,3
MDL,MDL,2013,11,23
MDL,MDL,2013,11,29
MDL,MDL,2013,11,30
MDL,MDL,2013,12,6
MDL,MDL,2013,12,7
MDL,MDL,2013,12,13
MDL,MDL,2013,12,14
MDL,MDL,2013,12,20
MDL,MDL,2013,12,21
MDL,MDL,2013,12,27
MDL,MDL,2013,12,28
MDL,MDL,2014,1,3
MDL,MDL,2014,1,4
MDL,MDL,2014,1,9
MDL,MDL,2014,1,10
MDL,MDL,2014,1,11
MDL,MDL,2014,1,16
MDL,MDL,2014,1,17
MDL,MDL,2014,1,18
MDL,MDL,2014,1,22
MDL,MDL,2014,2,6
MDL,MDL,2014,2,7
MDL,MDL,2014,2,8
MDL,MDL,2014,2,14
MDL,MDL,2014,2,15
MDL,MDL,2014,2,20
MDL,MDL,2014,2,21
MDL,MDL,2014,2,22
MDL,MDL,2014,2,27
MDL,MDL,2014,2,28
MDL,MDL,2014,3,1
MDL,MDL,2014,3,6
MDL,MDL,2014,3,7
MDL,MDL,2014,3,8
MDL,MDL,2014,3,13
MDL,MDL,2014,3,14
MDL,MDL,2014,3,15
MDL,MDL,2014,3,20
MDL,MDL,2014,3,21
MDL,MDL,2014,3,22
MDL,MDL,2014,3,28
MDL,MDL,2014,3,29
MDL,MDL,2014,4,4
MDL,MDL,2014,4,5
MDL,MDL,2014,4,11
MDL,MDL,2014,4,12
MDL,MDL,2014,4,18
MDL,MDL,2014,4,19
MDL,MDL,2014,4,25
MDL,MDL,2014,4,26
MDL,MDL,2014,5,2
MDL,MDL,2014,5,3
MDL,MDL,2014,5,9
MDL,MDL,2014,5,10
MDL,MDL,2014,5,16
MDL,MDL,2014,5,17
MDL,MDL,2014,5,23
MDL,MDL,2014,5,24
MDL,MDL,2014,5,30
MDL,MDL,2014,5,31
MDL,MDL,2014,6,6
MDL,MDL,2014,6,7
MDL,MDL,2014,6,13
MDL,MDL,2014,6,14
MDL,MDL,2014,6,20
MDL,MDL,2014,6,21
MDL,MDL,2014,6,27
MDL,MDL,2014,6,28
MDL,MDL,2014,7,4
MDL,MDL,2014,7,5
MDL,MDL,2014,7,11
MDL,MDL,2014,7,12
MDL,MDL,2014,7,18
MDL,MDL,2014,7,19
MDL,MDL,2014,7,25
MDL,MDL,2014,7,26
MDL,MDL,2014,8,1
MDL,MDL,2014,8,2
MDL,MDL,2014,11,14
MDL,MDL,2014,11,15
MDL,MDL,2014,11,21
MDL,MDL,2014,11,22
MDL,MDL,2014,11,28
MDL,MDL,2014,11,29
MDL,MDL,2014,12,5
MDL,MDL,2014,12,6
MDL,MDL,2014,12,12
MDL,MDL,2014,12,13
MDL,MDL,2014,12,19
MDL,MDL,2014,12,20
MDL,MDL,2014,12,26
MDL,MDL,2014,12,27
MDL,MDL,2015,1,2
MDL,MDL,2015,1,3
MDL,MDL,2015,1,8
MDL,MDL,2015,1,9
MDL,MDL,2015,1,10
MDL,MDL,2015,1,15
MDL,MDL,2015,1,16
MDL,MDL,2015,1,17
MDL,MDL,2015,1,22
MDL,MDL,2015,1,23
MDL,MDL,2015,1,24
MDL,MDL,2015,1,29
MDL,MDL,2015,1,30
MDL,MDL,2015,1,31
MDL,MDL,2015,2,5
MDL,MDL,2015,2,6
MDL,MDL,2015,2,7
MDL,MDL,2015,2,12
MDL,MDL,2015,2,13
MDL,MDL,2015,2,14
MDL,MDL,2015,2,19
MDL,MDL,2015,2,20
MDL,MDL,2015,2,21
MDL,MDL,2015,2,26
MDL,MDL,2015,2,27
MDL,MDL,2015,2,28
MDL,MDL,2015,3,6
MDL,MDL,2015,3,7
MDL,MDL,2015,3,13
MDL,MDL,2015,3,14
MDL,MDL,2015,3,20
MDL,MDL,2015,3,21
MDL,MDL,2015,3,27
MDL,MDL,2015,3,28
MDL,MDL,2015,4,3
MDL,MDL,2015,4,4
MDL,MDL,2015,4,10
MDL,MDL,2015,4,11
MDL,MDL,2015,4,17
MDL,MDL,2015,4,18
MDL,MDL,2015,4,24
MDL,MDL,2015,4,25
MDL,MDL,2015,5,1
MDL,MDL,2015,5,2
MDL,MDL,2015,5,8
MDL,MDL,2015,5,9
MDL,MDL,2015,5,15
MDL,MDL,2015,5,16
MDL,MDL,2015,5,22
MDL,MDL,2015,5,23
MDL,MDL,2015,5,29
MDL,MDL,2015,5,30
MDL,MDL,2015,6,5
MDL,MDL,2015,6,6
MDL,MDL,2015,6,12
MDL,MDL,2015,6,13
MDL,MDL,2015,6,19
MDL,MDL,2015,6,20
MDL,MDL,2015,6,26
MDL,MDL,2015,6,27
MDL,MDL,2015,7,3
MDL,MDL,2015,7,4
MDL,MDL,2015,7,10
MDL,MDL,2015,7,11
MDL,MDL,2015,7,17
MDL,MDL,2015,7,18
MDL,MDL,2015,7,24
MDL,MDL,2015,7,31
MDL,MDL,2015,8,1
MDL,MDL,2015,8,7
MDL,MDL,2015,8,8
MDL,MDL,2015,11,13
MDL,MDL,2015,11,14
MDL,MDL,2015,11,20
MDL,MDL,2015,11,21
MON,MON,1998,8,14
MON,MON,1998,8,15
MON,MON,1998,8,16
MON,MON,1998,8,19
MON,MON,1998,8,21
MON,MON,1998,8,22
MON,MON,1998,8,23
MON,MON,1998,8,27
MON,MON,1998,8,28
MON,MON,1998,8,29
MON,MON,1998,8,30
MON,MON,1998,9,2
MON,MON,1998,9,3
MON,MON,1998,9,4
MON,MON,1998,9,5
MON,MON,1998,9,6
MON,MON,1998,9,7
MON,MON,1999,5,29
MON,MON,1999,5,30
MON,MON,1999,5,31
MON,MON,1999,6,4
MON,MON,1999,6,5
MON,MON,1999,6,6
MON,MON,1999,6,10
MON,MON,1999,6,11
MON,MON,1999,6,12
MON,MON,1999,6,13
MON,MON,1999,6,16
MON,MON,1999,6,17
MON,MON,1999,6,18
MON,MON,1999,6,19
MON,MON,1999,6,23
MON,MON,1999,6,24
MON,MON,1999,6,25
MON,MON,1999,6,26
MON,MON,1999,6,30
MON,MON,1999,7,1
MON,MON,1999,7,2
MON,MON,1999,7,3
MON,MON,1999,7,4
MON,MON,1999,7,5
MON,MON,1999,7,7
MON,MON,1999,7,8
MON,MON,1999,7,9
MON,MON,1999,7,10
MON,MON,1999,7,11
MON,MON,1999,7,14
MON,MON,1999,7,16
MON,MON,1999,7,18
MON,MON,1999,7,21
MON,MON,1999,7,22
MON,MON,1999,7,23
MON,MON,1999,7,24
MON,MON,1999,7,25
MON,MON,1999,7,28
MON,MON,1999,7,29
MON,MON,1999,7,30
MON,MON,1999,7,31
MON,MON,1999,8,1
MON,MON,1999,8,4
MON,MON,1999,8,5
MON,MON,1999,8,8
MON,MON,1999,8,11
MON,MON,1999,8,15
MON,MON,1999,8,18
MON,MON,1999,8,19
MON,MON,1999,8,20
MON,MON,1999,8,21
MON,MON,1999,8,22
MON,MON,1999,8,25
MON,MON,1999,8,26
MON,MON,1999,8,29
MON,MON,1999,9,1
MON,MON,1999,9,2
MON,MON,1999,9,3
MON,MON,1999,9,4
MON,MON,1999,9,5
MON,MON,2000,5,27
MON,MON,2000,5,28
MON,MON,2000,5,29
MON,MON,2000,6,1
MON,MON,2000,6,2
MON,MON,2000,6,3
MON,MON,2000,6,4
MON,MON,2000,6,7
MON,MON,2000,6,8
MON,MON,2000,6,9
MON,MON,2000,6,10
MON,MON,2000,6,11
MON,MON,2000,6,14
MON,MON,2000,7,7
MON,MON,2000,7,8
MON,MON,2000,7,12
MON,MON,2000,7,13
MON,MON,2000,7,14
MON,MON,2000,7,15
MON,MON,2000,7,16
MON,MON,2000,7,19
MON,MON,2000,7,20
MON,MON,2000,7,21
MON,MON,2000,7,22
MON,MON,2000,7,23
MON,MON,2000,7,26
MON,MON,2000,7,27
MON,MON,2000,7,28
MON,MON,2000,7,29
MON,MON,2000,7,30
MON,MON,2000,8,2
MON,MON,2000,8,3
MON,MON,2000,8,4
MON,MON,2000,8,5
MON,MON,2000,8,6
MON,MON,2000,8,9
MON,MON,2000,8,10
MON,MON,2000,8,11
MON,MON,2000,8,12
MON,MON,2000,8,13
MON,MON,2000,8,16
MON,MON,2000,8,18
MON,MON,2000,8,23
MON,MON,2000,8,24
MON,MON,2000,8,25
MON,MON,2000,8,26
MON,MON,2000,8,30
MON,MON,2000,8,31
MON,MON,2000,9,1
MON,MON,2000,9,2
MON,MON,2000,9,3
MON,MON,2001,5,26
MON,MON,2001,5,27
MON,MON,2001,5,28
MON,MON,2001,5,31
MON,MON,2001,6,1
MON,MON,2001,6,2
MON,MON,2001,6,3
MON,MON,2001,6,6
MON,MON,2001,6,7
MON,MON,2001,6,8
MON,MON,2001,6,13
MON,MON,2001,6,14
MON,MON,2001,6,15
MON,MON,2001,6,16
MON,MON,2001,6,17
MON,MON,2001,6,20
MON,MON,2001,6,22
MON,MON,2001,6,23
MON,MON,2001,6,24
MON,MON,2001,6,27
MON,MON,2001,6,28
MON,MON,2001,6,30
MON,MON,2001,7,1
MON,MON,2001,7,4
MON,MON,2001,7,6
MON,MON,2001,7,7
MON,MON,2001,7,8
MON,MON,2001,7,11
MON,MON,2001,7,13
MON,MON,2001,7,15
MON,MON,2001,7,18
MON,MON,2001,7,19
MON,MON,2001,7,20
MON,MON,2001,7,21
MON,MON,2001,7,28
MON,MON,2001,8,9
MON,MON,2001,8,10
MON,MON,2001,8,11
MON,MON,2001,8,12
MON,MON,2001,8,17
MON,MON,2001,8,18
MON,MON,2001,8,19
MON,MON,2001,8,22
MON,MON,2001,8,24
MON,MON,2001,8,25
MON,MON,2001,8,26
MON,MON,2001,8,31
MON,MON,2001,9,1
MON,MON,2001,9,2
MON,MON,2002,5,18
MON,MON,2002,5,19
MON,MON,2002,5,25
MON,MON,2002,5,26
MON,MON,2002,5,27
MON,MON,2002,5,30
MON,MON,2002,5,31
MON,MON,2002,6,1
MON,MON,2002,6,2
MON,MON,2002,6,5
MON,MON,2002,6,6
MON,MON,2002,6,7
MON,MON,2002,6,8
MON,MON,2002,6,9
MON,MON,2002,6,12
MON,MON,2002,6,13
MON,MON,2002,6,14
MON,MON,2002,6,15
MON,MON,2002,6,16
MON,MON,2002,6,19
MON,MON,2002,6,21
MON,MON,2002,6,22
MON,MON,2002,6,23
MON,MON,2002,6,26
MON,MON,2002,6,27
MON,MON,2002,6,28
MON,MON,2002,6,29
MON,MON,2002,6,30
MON,MON,2002,7,3
MON,MON,2002,7,4
MON,MON,2002,7,5
MON,MON,2002,7,6
MON,MON,2002,7,7
MON,MON,2002,7,10
MON,MON,2002,7,11
MON,MON,2002,7,12
MON,MON,2002,7,13
MON,MON,2002,7,14
MON,MON,2002,7,17
MON,MON,2002,7,18
MON,MON,2002,7,19
MON,MON,2002,7,20
MON,MON,2002,7,21
MON,MON,2002,7,24
MON,MON,2002,7,25
MON,MON,2002,7,26
MON,MON,2002,7,27
MON,MON,2002,7,28
MON,MON,2002,7,31
MON,MON,2002,8,1
MON,MON,2002,8,2
MON,MON,2002,8,3
MON,MON,2002,8,4
MON,MON,2002,8,7
MON,MON,2002,8,8
MON,MON,2002,8,9
MON,MON,2002,8,10
MON,MON,2002,8,11
MON,MON,2002,8,14
MON,MON,2002,8,15
MON,MON,2002,8,16
MON,MON,2002,8,17
MON,MON,2002,8,18
MON,MON,2002,8,19
MON,MON,2002,8,21
MON,MON,2002,8,22
MON,MON,2002,8,23
MON,MON,2002,8,24
MON,MON,2002,8,25
MON,MON,2002,8,26
MON,MON,2002,8,28
MON,MON,2002,8,29
MON,MON,2002,8,30
MON,MON,2002,8,31
MON,MON,2002,9,1
MON,MON,2003,5,24
MON,MON,2003,5,25
MON,MON,2003,5,26
MON,MON,2003,5,29
MON,MON,2003,5,30
MON,MON,2003,5,31
MON,MON,2003,6,1
MON,MON,2003,6,4
MON,MON,2003,6,5
MON,MON,2003,6,6
MON,MON,2003,6,7
MON,MON,2003,6,8
MON,MON,2003,6,11
MON,MON,2003,6,12
MON,MON,2003,6,13
MON,MON,2003,6,14
MON,MON,2003,6,15
MON,MON,2003,6,18
MON,MON,2003,6,19
MON,MON,2003,6,20
MON,MON,2003,6,21
MON,MON,2003,6,22
MON,MON,2003,6,25
MON,MON,2003,6,26
MON,MON,2003,6,27
MON,MON,2003,6,28
MON,MON,2003,6,29
MON,MON,2003,7,2
MON,MON,2003,7,3
MON,MON,2003,7,4
MON,MON,2003,7,5
MON,MON,2003,7,6
MON,MON,2003,7,9
MON,MON,2003,7,10
MON,MON,2003,7,11
MON,MON,2003,7,12
MON,MON,2003,7,13
MON,MON,2003,7,16
MON,MON,2003,7,17
MON,MON,2003,7,18
MON,MON,2003,7,19
MON,MON,2003,7,20
MON,MON,2003,7,23
MON,MON,2003,7,24
MON,MON,2003,7,25
MON,MON,2003,7,26
MON,MON,2003,7,27
MON,MON,2003,7,30
MON,MON,2003,7,31
MON,MON,2003,8,1
MON,MON,2003,8,2
MON,MON,2003,8,3
MON,MON,2003,8,6
MON,MON,2003,8,7
MON,MON,2003,8,8
MON,MON,2003,8,9
MON,MON,2003,8,10
MON,MON,2003,8,13
MON,MON,2003,8,14
MON,MON,2003,8,15
MON,MON,2003,8,16
MON,MON,2003,8,17
MON,MON,2003,8,20
MON,MON,2003,8,21
MON,MON,2003,8,22
MON,MON,2003,8,23
MON,MON,2003,8,24
MON,MON,2003,8,27
MON,MON,2003,8,28
MON,MON,2003,8,29
MON,MON,2003,8,30
MON,MON,2003,8,31
MON,MON,2003,9,1
MON,MON,2003,9,4
MON,MON,2003,9,5
MON,MON,2003,9,6
MON,MON,2003,9,7
MON,MON,2003,9,10
MON,MON,2003,9,11
MON,MON,2003,9,12
MON,MON,2003,9,13
MON,MON,2003,9,14
MON,MON,2003,9,17
MON,MON,2003,9,18
MON,MON,2003,9,19
MON,MON,2003,9,20
MON,MON,2003,9,21
MON,MON,2003,9,24
MON,MON,2003,9,25
MON,MON,2003,9,26
MON,MON,2003,9,27
MON,MON,2003,9,28
MON,MON,2004,5,29
MON,MON,2004,5,30
MON,MON,2004,5,31
MON,MON,2004,6,4
MON,MON,2004,6,5
MON,MON,2004,6,6
MON,MON,2004,6,9
MON,MON,2004,6,10
MON,MON,2004,6,11
MON,MON,2004,6,12
MON,MON,2004,6,13
MON,MON,2004,6,16
MON,MON,2004,6,17
MON,MON,2004,6,18
MON,MON,2004,6,19
MON,MON,2004,6,20
MON,MON,2004,6,23
MON,MON,2004,6,24
MON,MON,2004,6,25
MON,MON,2004,6,26
MON,MON,2004,6,27
MON,MON,2004,6,30
MON,MON,2004,7,1
MON,MON,2004,7,2
MON,MON,2004,7,3
MON,MON,2004,7,4
MON,MON,2004,7,5
MON,MON,2004,7,7
MON,MON,2004,7,8
MON,MON,2004,7,9
MON,MON,2004,7,10
MON,MON,2004,7,11
MON,MON,2004,7,14
MON,MON,2004,7,15
MON,MON,2004,7,16
MON,MON,2004,7,17
MON,MON,2004,7,18
MON,MON,2004,7,21
MON,MON,2004,7,22
MON,MON,2004,7,23
MON,MON,2004,7,24
MON,MON,2004,7,25
MON,MON,2004,7,28
MON,MON,2004,7,29
MON,MON,2004,7,30
MON,MON,2004,7,31
MON,MON,2004,8,1
MON,MON,2004,8,4
MON,MON,2004,8,5
MON,MON,2004,8,6
MON,MON,2004,8,7
MON,MON,2004,8,8
MON,MON,2004,8,11
MON,MON,2004,8,12
MON,MON,2004,8,13
MON,MON,2004,8,14
MON,MON,2004,8,15
MON,MON,2004,8,18
MON,MON,2004,8,19
MON,MON,2004,8,20
MON,MON,2004,8,21
MON,MON,2004,8,22
MON,MON,2004,8,25
MON,MON,2004,8,26
MON,MON,2004,8,27
MON,MON,2004,8,28
MON,MON,2004,8,29
MON,MON,2004,9,1
MON,MON,2004,9,2
MON,MON,2004,9,3
MON,MON,2004,9,4
MON,MON,2004,9,5
MON,MON,2004,9,6
MON,MON,2004,9,9
MON,MON,2004,9,10
MON,MON,2004,9,11
MON,MON,2004,9,12
MON,MON,2004,9,15
MON,MON,2004,9,16
MON,MON,2004,9,17
MON,MON,2004,9,18
MON,MON,2004,9,19
MON,MON,2004,9,22
MON,MON,2004,9,23
MON,MON,2004,9,24
MON,MON,2004,9,25
MON,MON,2004,9,26
MON,MON,2005,5,14
MON,MON,2005,5,15
MON,MON,2005,5,21
MON,MON,2005,5,22
MON,MON,2005,5,28
MON,MON,2005,5,29
MON,MON,2005,5,30
MON,MON,2005,6,2
MON,MON,2005,6,3
MON,MON,2005,6,4
MON,MON,2005,6,5
MON,MON,2005,6,8
MON,MON,2005,6,9
MON,MON,2005,6,10
MON,MON,2005,6,11
MON,MON,2005,6,12
MON,MON,2005,6,15
MON,MON,2005,6,16
MON,MON,2005,6,17
MON,MON,2005,6,18
MON,MON,2005,6,19
MON,MON,2005,6,22
MON,MON,2005,6,23
MON,MON,2005,6,24
MON,MON,2005,6,25
MON,MON,2005,6,26
MON,MON,2005,6,29
MON,MON,2005,6,30
MON,MON,2005,7,1
MON,MON,2005,7,2
MON,MON,2005,7,3
MON,MON,2005,7,4
MON,MON,2005,7,6
MON,MON,2005,7,7
MON,MON,2005,7,8
MON,MON,2005,7,9
MON,MON,2005,7,10
MON,MON,2005,7,13
MON,MON,2005,7,14
MON,MON,2005,7,15
MON,MON,2005,7,16
MON,MON,2005,7,17
MON,MON,2005,7,20
MON,MON,2005,7,21
MON,MON,2005,7,22
MON,MON,2005,7,23
MON,MON,2005,7,24
MON,MON,2005,7,27
MON,MON,2005,7,28
MON,MON,2005,7,29
MON,MON,2005,7,30
MON,MON,2005,7,31
MON,MON,2005,8,3
MON,MON,2005,8,4
MON,MON,2005,8,5
MON,MON,2005,8,6
MON,MON,2005,8,7
MON,MON,2005,8,10
MON,MON,2005,8,11
MON,MON,2005,8,12
MON,MON,2005,8,13
MON,MON,2005,8,14
MON,MON,2005,8,17
MON,MON,2005,8,18
MON,MON,2005,8,19
MON,MON,2005,8,20
MON,MON,2005,8,21
MON,MON,2005,8,24
MON,MON,2005,8,25
MON,MON,2005,8,26
MON,MON,2005,8,27
MON,MON,2005,8,28
MON,MON,2005,8,31
MON,MON,2005,9,1
MON,MON,2005,9,2
MON,MON,2005,9,3
MON,MON,2005,9,4
MON,MON,2005,9,5
MON,MON,2005,9,8
MON,MON,2005,9,9
MON,MON,2005,9,10
MON,MON,2005,9,11
MON,MON,2005,9,15
MON,MON,2005,9,16
MON,MON,2005,9,17
MON,MON,2005,9,18
MON,MON,2005,9,22
MON,MON,2005,9,23
MON,MON,2005,9,24
MON,MON,2005,9,25
MON,MON,2006,5,13
MON,MON,2006,5,14
MON,MON,2006,5,20
MON,MON,2006,5,21
MON,MON,2006,5,27
MON,MON,2006,5,28
MON,MON,2006,5,29
MON,MON,2006,6,2
MON,MON,2006,6,3
MON,MON,2006,6,4
MON,MON,2006,6,8
MON,MON,2006,6,9
MON,MON,2006,6,10
MON,MON,2006,6,11
MON,MON,2006,6,12
MON,MON,2006,6,15
MON,MON,2006,6,16
MON,MON,2006,6,17
MON,MON,2006,6,18
MON,MON,2006,6,19
MON,MON,2006,6,22
MON,MON,2006,6,23
MON,MON,2006,6,24
MON,MON,2006,6,25
MON,MON,2006,6,28
MON,MON,2006,6,29
MON,MON,2006,6,30
MON,MON,2006,7,1
MON,MON,2006,7,2
MON,MON,2006,7,3
MON,MON,2006,7,4
MON,MON,2006,7,8
MON,MON,2006,7,9
MON,MON,2006,7,12
MON,MON,2006,7,13
MON,MON,2006,7,14
MON,MON,2006,7,15
MON,MON,2006,7,16
MON,MON,2006,7,19
MON,MON,2006,7,20
MON,MON,2006,7,21
MON,MON,2006,7,22
MON,MON,2006,7,23
MON,MON,2006,7,26
MON,MON,2006,7,27
MON,MON,2006,7,28
MON,MON,2006,7,29
MON,MON,2006,7,30
MON,MON,2006,8,3
MON,MON,2006,8,4
MON,MON,2006,8,5
MON,MON,2006,8,6
MON,MON,2006,8,9
MON,MON,2006,8,10
MON,MON,2006,8,11
MON,MON,2006,8,12
MON,MON,2006,8,13
MON,MON,2006,8,16
MON,MON,2006,8,17
MON,MON,2006,8,18
MON,MON,2006,8,19
MON,MON,2006,8,20
MON,MON,2006,8,23
MON,MON,2006,8,24
MON,MON,2006,8,25
MON,MON,2006,8,26
MON,MON,2006,8,27
MON,MON,2006,8,30
MON,MON,2006,8,31
MON,MON,2006,9,1
MON,MON,2006,9,3
MON,MON,2006,9,4
MON,MON,2006,9,6
MON,MON,2006,9,7
MON,MON,2006,9,8
MON,MON,2006,9,9
MON,MON,2006,9,10
MON,MON,2006,9,13
MON,MON,2006,9,14
MON,MON,2006,9,15
MON,MON,2006,9,16
MON,MON,2006,9,17
MON,MON,2006,9,20
MON,MON,2006,9,21
MON,MON,2006,9,22
MON,MON,2006,9,23
MON,MON,2006,9,24
MON,MON,2007,5,12
MON,MON,2007,5,13
MON,MON,2007,5,19
MON,MON,2007,5,20
MON,MON,2007,5,26
MON,MON,2007,5,27
MON,MON,2007,5,28
MON,MON,2007,6,1
MON,MON,2007,6,2
MON,MON,2007,6,3
MON,MON,2007,6,6
MON,MON,2007,6,7
MON,MON,2007,6,8
MON,MON,2007,6,9
MON,MON,2007,6,10
MON,MON,2007,6,13
MON,MON,2007,6,14
MON,MON,2007,6,15
MON,MON,2007,6,16
MON,MON,2007,6,17
MON,MON,2007,6,20
MON,MON,2007,6,21
MON,MON,2007,6,22
MON,MON,2007,6,23
MON,MON,2007,6,24
MON,MON,2007,6,27
MON,MON,2007,6,28
MON,MON,2007,6,29
MON,MON,2007,6,30
MON,MON,2007,7,1
MON,MON,2007,7,4
MON,MON,2007,7,5
MON,MON,2007,7,6
MON,MON,2007,7,7
MON,MON,2007,7,8
MON,MON,2007,7,11
MON,MON,2007,7,12
MON,MON,2007,7,13
MON,MON,2007,7,14
MON,MON,2007,7,15
MON,MON,2007,7,18
MON,MON,2007,7,19
MON,MON,2007,7,20
MON,MON,2007,7,21
MON,MON,2007,7,22
MON,MON,2007,7,25
MON,MON,2007,7,26
MON,MON,2007,7,27
MON,MON,2007,7,28
MON,MON,2007,7,29
MON,MON,2007,8,1
MON,MON,2007,8,2
MON,MON,2007,8,3
MON,MON,2007,8,4
MON,MON,2007,8,5
MON,MON,2007,8,8
MON,MON,2007,8,9
MON,MON,2007,8,10
MON,MON,2007,8,11
MON,MON,2007,8,12
MON,MON,2007,8,15
MON,MON,2007,8,16
MON,MON,2007,8,17
MON,MON,2007,8,18
MON,MON,2007,8,19
MON,MON,2007,8,22
MON,MON,2007,8,23
MON,MON,2007,8,24
MON,MON,2007,8,25
MON,MON,2007,8,26
MON,MON,2007,8,29
MON,MON,2007,8,30
MON,MON,2007,8,31
MON,MON,2007,9,1
MON,MON,2007,9,2
MON,MON,2007,10,24
MON,MON,2007,10,25
MON,MON,2007,10,26
MON,MON,2007,10,27
MON,MON,2008,5,9
MON,MON,2008,5,10
MON,MON,2008,5,11
MON,MON,2008,5,16
MON,MON,2008,5,17
MON,MON,2008,5,18
MON,MON,2008,5,23
MON,MON,2008,5,24
MON,MON,2008,5,25
MON,MON,2008,5,26
MON,MON,2008,5,29
MON,MON,2008,5,30
MON,MON,2008,5,31
MON,MON,2008,6,1
MON,MON,2008,6,4
MON,MON,2008,6,5
MON,MON,2008,6,6
MON,MON,2008,6,7
MON,MON,2008,6,8
MON,MON,2008,6,11
MON,MON,2008,6,12
MON,MON,2008,6,13
MON,MON,2008,6,14
MON,MON,2008,6,15
MON,MON,2008,6,18
MON,MON,2008,6,19
MON,MON,2008,6,20
MON,MON,2008,6,21
MON,MON,2008,6,22
MON,MON,2008,6,25
MON,MON,2008,6,26
MON,MON,2008,6,27
MON,MON,2008,6,28
MON,MON,2008,6,29
MON,MON,2008,7,2
MON,MON,2008,7,3
MON,MON,2008,7,4
MON,MON,2008,7,5
MON,MON,2008,7,6
MON,MON,2008,7,9
MON,MON,2008,7,10
MON,MON,2008,7,11
MON,MON,2008,7,12
MON,MON,2008,7,13
MON,MON,2008,7,16
MON,MON,2008,7,17
MON,MON,2008,7,18
MON,MON,2008,7,19
MON,MON,2008,7,20
MON,MON,2008,7,23
MON,MON,2008,7,24
MON,MON,2008,7,25
MON,MON,2008,7,26
MON,MON,2008,7,27
MON,MON,2008,7,30
MON,MON,2008,7,31
MON,MON,2008,8,1
MON,MON,2008,8,2
MON,MON,2008,8,3
MON,MON,2008,8,6
MON,MON,2008,8,7
MON,MON,2008,8,8
MON,MON,2008,8,9
MON,MON,2008,8,10
MON,MON,2008,8,13
MON,MON,2008,8,14
MON,MON,2008,8,15
MON,MON,2008,8,16
MON,MON,2008,8,17
MON,MON,2008,8,20
MON,MON,2008,8,21
MON,MON,2008,8,22
MON,MON,2008,8,23
MON,MON,2008,8,24
MON,MON,2008,8,27
MON,MON,2008,8,28
MON,MON,2008,8,29
MON,MON,2008,8,30
MON,MON,2008,8,31
MON,MON,2008,9,1
MON,MON,2008,9,3
MON,MON,2008,9,4
MON,MON,2008,9,5
MON,MON,2008,9,6
MON,MON,2008,9,7
MON,MON,2008,9,10
MON,MON,2008,9,11
MON,MON,2008,9,12
MON,MON,2008,9,13
MON,MON,2008,9,14
MON,MON,2008,9,17
MON,MON,2008,9,18
MON,MON,2008,9,19
MON,MON,2008,9,20
MON,MON,2008,9,21
MON,MON,2008,9,24
MON,MON,2008,9,25
MON,MON,2008,9,26
MON,MON,2008,9,27
MON,MON,2008,9,28
MON,MON,2009,5,9
MON,MON,2009,5,10
MON,MON,2009,5,16
MON,MON,2009,5,17
MON,MON,2009,5,22
MON,MON,2009,5,23
MON,MON,2009,5,24
MON,MON,2009,5,25
MON,MON,2009,5,29
MON,MON,2009,5,30
MON,MON,2009,5,31
MON,MON,2009,6,3
MON,MON,2009,6,4
MON,MON,2009,6,5
MON,MON,2009,6,6
MON,MON,2009,6,7
MON,MON,2009,6,10
MON,MON,2009,6,11
MON,MON,2009,6,12
MON,MON,2009,6,13
MON,MON,2009,6,14
MON,MON,2009,6,17
MON,MON,2009,6,18
MON,MON,2009,6,19
MON,MON,2009,6,20
MON,MON,2009,6,21
MON,MON,2009,6,24
MON,MON,2009,6,25
MON,MON,2009,6,26
MON,MON,2009,6,27
MON,MON,2009,6,28
MON,MON,2009,7,1
MON,MON,2009,7,2
MON,MON,2009,7,3
MON,MON,2009,7,4
MON,MON,2009,7,5
MON,MON,2009,7,8
MON,MON,2009,7,9
MON,MON,2009,7,10
MON,MON,2009,7,11
MON,MON,2009,7,12
MON,MON,2009,7,15
MON,MON,2009,7,16
MON,MON,2009,7,17
MON,MON,2009,7,18
MON,MON,2009,7,19
MON,MON,2009,7,22
MON,MON,2009,7,23
MON,MON,2009,7,24
MON,MON,2009,7,25
MON,MON,2009,7,26
MON,MON,2009,7,29
MON,MON,2009,7,30
MON,MON,2009,7,31
MON,MON,2009,8,1
MON,MON,2009,8,2
MON,MON,2009,8,5
MON,MON,2009,8,6
MON,MON,2009,8,7
MON,MON,2009,8,8
MON,MON,2009,8,9
MON,MON,2009,8,12
MON,MON,2009,8,13
MON,MON,2009,8,14
MON,MON,2009,8,15
MON,MON,2009,8,16
MON,MON,2009,8,19
MON,MON,2009,8,20
MON,MON,2009,8,21
MON,MON,2009,8,22
MON,MON,2009,8,23
MON,MON,2009,8,26
MON,MON,2009,8,27
MON,MON,2009,8,28
MON,MON,2009,8,29
MON,MON,2009,8,30
MON,MON,2009,9,2
MON,MON,2009,9,3
MON,MON,2009,9,4
MON,MON,2009,9,5
MON,MON,2009,9,6
MON,MON,2009,9,7
MON,MON,2009,9,10
MON,MON,2009,9,12
MON,MON,2009,9,13
MON,MON,2009,9,17
MON,MON,2009,9,18
MON,MON,2009,9,19
MON,MON,2009,9,20
MON,MON,2009,9,24
MON,MON,2009,9,25
MON,MON,2009,9,26
MON,MON,2009,9,27
MON,MON,2010,5,22
MON,MON,2010,5,23
MON,MON,2010,5,29
MON,MON,2010,5,30
MON,MON,2010,5,31
MON,MON,2010,6,4
MON,MON,2010,6,5
MON,MON,2010,6,6
MON,MON,2010,6,11
MON,MON,2010,6,12
MON,MON,2010,6,13
MON,MON,2010,6,18
MON,MON,2010,6,19
MON,MON,2010,6,20
MON,MON,2010,6,25
MON,MON,2010,6,26
MON,MON,2010,6,27
MON,MON,2010,7,2
MON,MON,2010,7,3
MON,MON,2010,7,4
MON,MON,2010,7,5
MON,MON,2010,7,9
MON,MON,2010,7,10
MON,MON,2010,7,11
MON,MON,2010,7,16
MON,MON,2010,7,17
MON,MON,2010,7,18
MON,MON,2010,7,23
MON,MON,2010,7,24
MON,MON,2010,7,25
MON,MON,2010,7,30
MON,MON,2010,7,31
MON,MON,2010,8,1
MON,MON,2010,8,6
MON,MON,2010,8,7
MON,MON,2010,8,8
MON,MON,2010,8,13
MON,MON,2010,8,14
MON,MON,2010,8,15
MON,MON,2010,8,20
MON,MON,2010,8,21
MON,MON,2010,8,22
MON,MON,2010,8,27
MON,MON,2010,8,28
MON,MON,2010,8,29
MON,MON,2010,9,3
MON,MON,2010,9,4
MON,MON,2010,9,5
MON,MON,2010,9,6
MON,MON,2010,9,11
MON,MON,2010,9,12
MON,MON,2010,9,18
MON,MON,2010,9,19
MON,MON,2010,9,25
MON,MON,2010,9,26
MON,MON,2010,10,2
MON,MON,2010,10,3
MON,MON,2010,10,9
MON,MON,2010,10,10
MON,MON,2010,10,16
MON,MON,2010,10,17
MON,MON,2010,10,23
MON,MON,2010,10,24
MON,MON,2010,10,30
MON,MON,2010,10,31
MON,MON,2010,11,6
MON,MON,2010,11,7
MON,MON,2010,11,13
MON,MON,2010,11,14
MON,MON,2010,11,20
MON,MON,2010,11,21
MON,MON,2011,5,14
MON,MON,2011,5,15
MON,MON,2011,5,21
MON,MON,2011,5,22
MON,MON,2011,5,28
MON,MON,2011,5,29
MON,MON,2011,5,30
MON,MON,2011,6,3
MON,MON,2011,6,4
MON,MON,2011,6,5
MON,MON,2011,6,10
MON,MON,2011,6,11
MON,MON,2011,6,12
MON,MON,2011,6,17
MON,MON,2011,6,18
MON,MON,2011,6,19
MON,MON,2011,6,24
MON,MON,2011,6,25
MON,MON,2011,6,26
MON,MON,2011,7,1
MON,MON,2011,7,2
MON,MON,2011,7,3
MON,MON,2011,7,4
MON,MON,2011,7,8
MON,MON,2011,7,9
MON,MON,2011,7,10
MON,MON,2011,7,15
MON,MON,2011,7,16
MON,MON,2011,7,17
MON,MON,2011,7,24
MON,MON,2011,7,25
MON,MON,2011,7,29
MON,MON,2011,7,30
MON,MON,2011,7,31
MON,MON,2011,8,5
MON,MON,2011,8,6
MON,MON,2011,8,7
MON,MON,2011,8,12
MON,MON,2011,8,13
MON,MON,2011,8,14
MON,MON,2011,8,19
MON,MON,2011,8,20
MON,MON,2011,8,21
MON,MON,2011,8,26
MON,MON,2011,9,2
MON,MON,2011,9,3
MON,MON,2011,9,4
MON,MON,2011,9,5
MON,MON,2011,9,10
MON,MON,2011,9,11
MON,MON,2011,9,17
MON,MON,2011,9,18
MON,MON,2011,9,24
MON,MON,2011,9,25
MON,MON,2011,10,1
MON,MON,2011,10,2
MON,MON,2011,10,8
MON,MON,2011,10,9
MON,MON,2011,10,10
MON,MON,2011,10,14
MON,MON,2011,10,15
MON,MON,2011,10,16
MON,MON,2011,10,21
MON,MON,2011,10,22
MON,MON,2011,10,23
MON,MON,2011,10,28
MON,MON,2011,10,29
MON,MON,2011,10,30
MON,MON,2011,11,4
MON,MON,2011,11,5
MON,MON,2011,11,6
MON,MON,2011,11,11
MON,MON,2011,11,12
MON,MON,2011,11,13
MON,MON,2011,11,18
MON,MON,2011,11,19
MON,MON,2011,11,20
MON,MON,2012,5,4
MON,MON,2012,5,5
MON,MON,2012,5,12
MON,MON,2012,5,13
MON,MON,2012,5,19
MON,MON,2012,5,20
MON,MON,2012,5,26
MON,MON,2012,5,27
MON,MON,2012,5,28
MON,MON,2012,6,1
MON,MON,2012,6,2
MON,MON,2012,6,3
MON,MON,2012,6,8
MON,MON,2012,6,9
MON,MON,2012,6,10
MON,MON,2012,6,15
MON,MON,2012,6,16
MON,MON,2012,6,17
MON,MON,2012,6,22
MON,MON,2012,6,23
MON,MON,2012,6,24
MON,MON,2012,6,29
MON,MON,2012,6,30
MON,MON,2012,7,1
MON,MON,2012,7,4
MON,MON,2012,7,6
MON,MON,2012,7,7
MON,MON,2012,7,8
MON,MON,2012,7,13
MON,MON,2012,7,14
MON,MON,2012,7,15
MON,MON,2012,7,20
MON,MON,2012,7,21
MON,MON,2012,7,22
MON,MON,2012,7,27
MON,MON,2012,7,28
MON,MON,2012,7,29
MON,MON,2012,8,3
MON,MON,2012,8,4
MON,MON,2012,8,5
MON,MON,2012,8,9
MON,MON,2012,8,10
MON,MON,2012,8,11
MON,MON,2012,8,12
MON,MON,2012,8,16
MON,MON,2012,8,17
MON,MON,2012,8,18
MON,MON,2012,8,19
MON,MON,2012,8,23
MON,MON,2012,8,24
MON,MON,2012,8,25
MON,MON,2012,8,26
MON,MON,2012,8,30
MON,MON,2012,8,31
MON,MON,2012,9,1
MON,MON,2012,9,2
MON,MON,2012,9,3
MON,MON,2012,9,8
MON,MON,2012,9,9
MON,MON,2012,9,15
MON,MON,2012,9,16
MON,MON,2012,9,22
MON,MON,2012,9,23
MON,MON,2012,9,29
MON,MON,2012,9,30
MON,MON,2012,10,6
MON,MON,2012,10,7
MON,MON,2012,10,12
MON,MON,2012,10,13
MON,MON,2012,10,20
MON,MON,2012,10,26
MON,MON,2012,10,27
MON,MON,2013,5,11
MON,MON,2013,5,12
MON,MON,2013,5,18
MON,MON,2013,5,19
MON,MON,2013,5,25
MON,MON,2013,5,26
MON,MON,2013,5,27
MON,MON,2013,5,31
MON,MON,2013,6,1
MON,MON,2013,6,2
MON,MON,2013,6,7
MON,MON,2013,6,8
MON,MON,2013,6,9
MON,MON,2013,6,14
MON,MON,2013,6,15
MON,MON,2013,6,16
MON,MON,2013,6,21
MON,MON,2013,6,22
MON,MON,2013,6,23
MON,MON,2013,6,28
MON,MON,2013,6,29
MON,MON,2013,6,30
MON,MON,2013,7,4
MON,MON,2013,7,5
MON,MON,2013,7,6
MON,MON,2013,7,7
MON,MON,2013,7,12
MON,MON,2013,7,13
MON,MON,2013,7,14
MON,MON,2013,7,19
MON,MON,2013,7,20
MON,MON,2013,7,21
MON,MON,2013,7,26
MON,MON,2013,7,27
MON,MON,2013,7,28
MON,MON,2013,8,2
MON,MON,2013,8,3
MON,MON,2013,8,4
MON,MON,2013,8,9
MON,MON,2013,8,10
MON,MON,2013,8,11
MON,MON,2013,8,16
MON,MON,2013,8,17
MON,MON,2013,8,18
MON,MON,2013,8,23
MON,MON,2013,8,24
MON,MON,2013,8,25
MON,MON,2013,8,30
MON,MON,2013,8,31
MON,MON,2013,9,1
MON,MON,2013,9,2
MON,MON,2013,9,7
MON,MON,2013,9,8
MON,MON,2013,9,14
MON,MON,2013,9,15
MON,MON,2013,9,21
MON,MON,2013,9,22
MON,MON,2013,9,28
MON,MON,2013,9,29
MON,MON,2013,10,5
MON,MON,2013,10,6
MON,MON,2013,10,11
MON,MON,2013,10,12
MON,MON,2013,10,14
MON,MON,2013,10,18
MON,MON,2013,10,19
MON,MON,2013,10,25
MON,MON,2013,10,26
MON,MON,2013,10,28
MON,MON,2013,11,2
MON,MON,2014,5,10
MON,MON,2014,5,11
MON,MON,2014,5,17
MON,MON,2014,5,18
MON,MON,2014,5,24
MON,MON,2014,5,25
MON,MON,2014,5,26
MON,MON,2014,5,31
MON,MON,2014,6,1
MON,MON,2014,6,6
MON,MON,2014,6,7
MON,MON,2014,6,8
MON,MON,2014,6,13
MON,MON,2014,6,14
MON,MON,2014,6,15
MON,MON,2014,6,20
MON,MON,2014,6,21
MON,MON,2014,6,22
MON,MON,2014,6,27
MON,MON,2014,6,28
MON,MON,2014,6,29
MON,MON,2014,7,4
MON,MON,2014,7,5
MON,MON,2014,7,6
MON,MON,2014,7,11
MON,MON,2014,7,12
MON,MON,2014,7,13
MON,MON,2014,7,18
MON,MON,2014,7,19
MON,MON,2014,7,20
MON,MON,2014,7,25
MON,MON,2014,7,26
MON,MON,2014,7,27
MON,MON,2014,8,1
MON,MON,2014,8,2
MON,MON,2014,8,3
MON,MON,2014,8,8
MON,MON,2014,8,9
MON,MON,2014,8,10
MON,MON,2014,8,15
MON,MON,2014,8,16
MON,MON,2014,8,17
MON,MON,2014,8,22
MON,MON,2014,8,23
MON,MON,2014,8,24
MON,MON,2014,8,29
MON,MON,2014,8,30
MON,MON,2014,8,31
MON,MON,2014,9,1
MON,MON,2014,9,6
MON,MON,2014,9,7
MON,MON,2014,9,13
MON,MON,2014,9,14
MON,MON,2014,9,18
MON,MON,2014,9,19
MON,MON,2014,9,20
MON,MON,2014,9,21
MON,MON,2014,9,26
MON,MON,2014,9,27
MON,MON,2014,9,28
MON,MON,2014,10,3
MON,MON,2014,10,10
MON,MON,2014,10,17
MON,MON,2014,10,18
MON,MON,2014,10,31
MON,MON,2015,5,9
MON,MON,2015,5,10
MON,MON,2015,5,16
MON,MON,2015,5,17
MON,MON,2015,5,23
MON,MON,2015,5,24
MON,MON,2015,5,25
MON,MON,2015,5,30
MON,MON,2015,5,31
MON,MON,2015,6,5
MON,MON,2015,6,6
MON,MON,2015,6,7
MON,MON,2015,6,12
MON,MON,2015,6,13
MON,MON,2015,6,14
MON,MON,2015,6,19
MON,MON,2015,6,20
MON,MON,2015,6,21
MON,MON,2015,6,26
MON,MON,2015,6,27
MON,MON,2015,6,28
MON,MON,2015,7,3
MON,MON,2015,7,4
MON,MON,2015,7,5
MON,MON,2015,7,10
MON,MON,2015,7,11
MON,MON,2015,7,12
MON,MON,2015,7,17
MON,MON,2015,7,18
MON,MON,2015,7,19
MON,MON,2015,7,24
MON,MON,2015,7,25
MON,MON,2015,7,26
MON,MON,2015,7,31
MON,MON,2015,8,1
MON,MON,2015,8,2
MON,MON,2015,8,7
MON,MON,2015,8,8
MON,MON,2015,8,9
MON,MON,2015,8,14
MON,MON,2015,8,15
MON,MON,2015,8,16
MON,MON,2015,8,21
MON,MON,2015,8,22
MON,MON,2015,8,23
MON,MON,2015,8,28
MON,MON,2015,8,29
MON,MON,2015,8,30
MON,MON,2015,9,4
MON,MON,2015,9,5
MON,MON,2015,9,6
MON,MON,2015,9,7
MON,MON,2015,9,12
MON,MON,2015,9,13
MON,MON,2015,9,19
MON,MON,2015,9,20
MON,MON,2015,9,26
MON,MON,2015,9,27
MON,MON,2015,10,1
MON,MON,2015,10,8
MON,MON,2015,10,10
MON,MON,2015,10,12
MON,MON,2015,10,16
MON,MON,2015,10,17
MON,MON,2015,10,23
MON,MON,2015,10,24
MON,MON,2015,10,30
MON,MON,2015,10,31
MTR,MTR,2000,9,5
MTR,MTR,2000,9,8
MTR,MTR,2000,9,9
MTR,MTR,2000,9,10
MTR,MTR,2000,9,12
MTR,MTR,2000,9,15
MTR,MTR,2000,9,16
MTR,MTR,2000,9,18
MTR,MTR,2000,9,19
MTR,MTR,2000,9,24
MTR,MTR,2000,9,25
MTR,MTR,2000,9,26
MTR,MTR,2000,9,29
MTR,MTR,2000,9,30
MTR,MTR,2000,10,1
MTR,MTR,2000,10,2
MTR,MTR,2000,10,3
MTR,MTR,2000,10,7
MTR,MTR,2000,10,8
MTR,MTR,2000,10,9
MTR,MTR,2000,10,10
MTR,MTR,2000,10,13
MTR,MTR,2000,10,14
MTR,MTR,2000,10,15
MTR,MTR,2000,10,16
MTR,MTR,2000,10,17
MTR,MTR,2000,10,20
MTR,MTR,2000,10,21
MTR,MTR,2000,10,22
MTR,MTR,2000,10,23
MTR,MTR,2000,10,24
MTR,MTR,2000,10,27
MTR,MTR,2000,10,28
MTR,MTR,2000,10,30
MTR,MTR,2000,10,31
MTR,MTR,2000,11,3
MTR,MTR,2000,11,4
MTR,MTR,2000,11,5
MTR,MTR,2000,11,6
MTR,MTR,2000,11,7
MTR,MTR,2000,11,10
MTR,MTR,2000,11,11
MTR,MTR,2000,11,12
MTR,MTR,2000,11,13
MTR,MTR,2000,11,14
MTR,MTR,2000,11,17
MTR,MTR,2000,11,18
MTR,MTR,2000,11,19
MTR,MTR,2000,11,20
MTR,MTR,2000,11,21
MTR,MTR,2000,11,24
MTR,MTR,2000,11,25
MTR,MTR,2000,11,26
MTR,MTR,2000,12,1
MTR,MTR,2000,12,2
MTR,MTR,2000,12,3
MTR,MTR,2000,12,4
MTR,MTR,2000,12,5
MTR,MTR,2000,12,8
MTR,MTR,2000,12,9
MTR,MTR,2000,12,10
MTR,MTR,2000,12,11
MTR,MTR,2000,12,12
MTR,MTR,2000,12,15
MTR,MTR,2000,12,16
MTR,MTR,2000,12,23
MTR,MTR,2000,12,26
MTR,MTR,2000,12,27
MTR,MTR,2000,12,29
MTR,MTR,2000,12,30
MTR,MTR,2000,12,31
MTR,MTR,2001,1,13
MTR,MTR,2001,1,14
MTR,MTR,2001,1,15
MTR,MTR,2001,1,16
MTR,MTR,2001,1,19
MTR,MTR,2001,1,20
MTR,MTR,2001,1,23
MTR,MTR,2001,1,26
MTR,MTR,2001,2,2
MTR,MTR,2001,2,3
MTR,MTR,2001,2,4
MTR,MTR,2001,2,5
MTR,MTR,2001,2,6
MTR,MTR,2001,2,9
MTR,MTR,2001,2,10
MTR,MTR,2001,2,11
MTR,MTR,2001,2,12
MTR,MTR,2001,2,20
MTR,MTR,2001,2,23
MTR,MTR,2001,2,24
MTR,MTR,2001,2,25
MTR,MTR,2001,2,26
MTR,MTR,2001,2,27
MTR,MTR,2001,3,2
MTR,MTR,2001,3,3
MTR,MTR,2001,3,4
MTR,MTR,2001,3,5
MTR,MTR,2001,3,6
MTR,MTR,2001,3,9
MTR,MTR,2001,3,10
MTR,MTR,2001,3,11
MTR,MTR,2001,3,12
MTR,MTR,2001,3,13
MTR,MTR,2001,3,16
MTR,MTR,2001,3,17
MTR,MTR,2001,3,18
MTR,MTR,2001,3,19
MTR,MTR,2001,3,20
MTR,MTR,2001,3,23
MTR,MTR,2001,3,24
MTR,MTR,2001,3,25
MTR,MTR,2001,3,26
MTR,MTR,2001,3,27
MTR,MTR,2001,4,2
MTR,MTR,2001,4,3
MTR,MTR,2001,4,7
MTR,MTR,2001,4,8
MTR,MTR,2001,4,9
MTR,MTR,2001,4,10
MTR,MTR,2001,4,13
MTR,MTR,2001,4,14
MTR,MTR,2001,4,16
MTR,MTR,2001,4,17
MTR,MTR,2001,4,21
MTR,MTR,2001,4,22
MTR,MTR,2001,4,29
MTR,MTR,2001,4,30
MTR,MTR,2001,5,1
MTR,MTR,2001,5,4
MTR,MTR,2001,5,5
MTR,MTR,2001,5,6
MTR,MTR,2001,5,8
MTR,MTR,2001,5,11
MTR,MTR,2001,5,12
MTR,MTR,2001,5,13
MTR,MTR,2001,5,14
MTR,MTR,2001,5,15
MTR,MTR,2001,5,18
MTR,MTR,2001,5,19
MTR,MTR,2001,5,20
MTR,MTR,2001,5,21
MTR,MTR,2001,5,22
MTR,MTR,2001,5,25
MTR,MTR,2001,5,26
MTR,MTR,2001,5,27
MTR,MTR,2001,5,28
MTR,MTR,2001,5,29
MTR,MTR,2001,6,1
MTR,MTR,2001,6,2
MTR,MTR,2001,6,3
MTR,MTR,2001,6,4
MTR,MTR,2001,6,5
MTR,MTR,2001,6,8
MTR,MTR,2001,6,11
MTR,MTR,2001,6,12
MTR,MTR,2001,6,15
MTR,MTR,2001,6,17
MTR,MTR,2001,6,18
MTR,MTR,2001,6,19
MTR,MTR,2001,6,22
MTR,MTR,2001,6,23
MTR,MTR,2001,6,24
MTR,MTR,2001,6,25
MTR,MTR,2001,6,26
MTR,MTR,2001,6,30
MTR,MTR,2001,7,1
MTR,MTR,2001,7,2
MTR,MTR,2001,7,3
MTR,MTR,2001,7,7
MTR,MTR,2001,7,8
MTR,MTR,2001,7,10
MTR,MTR,2001,7,13
MTR,MTR,2001,7,14
MTR,MTR,2001,7,15
MTR,MTR,2001,7,16
MTR,MTR,2001,7,17
MTR,MTR,2001,7,20
MTR,MTR,2001,7,21
MTR,MTR,2001,7,24
MTR,MTR,2001,7,28
MTR,MTR,2001,8,6
MTR,MTR,2001,8,7
MTR,MTR,2001,8,10
MTR,MTR,2001,8,11
MTR,MTR,2001,8,12
MTR,MTR,2001,8,17
MTR,MTR,2001,8,18
MTR,MTR,2001,8,19
MTR,MTR,2001,8,20
MTR,MTR,2001,8,21
MTR,MTR,2001,8,25
MTR,MTR,2001,8,26
MTR,MTR,2001,8,27
MTR,MTR,2001,8,28
MTR,MTR,2001,8,31
MTR,MTR,2001,9,1
MTR,MTR,2001,9,2
MTR,MTR,2001,9,3
MTR,MTR,2001,9,4
MTR,MTR,2001,9,8
MTR,MTR,2001,9,9
MTR,MTR,2001,9,10
MTR,MTR,2001,9,15
MTR,MTR,2001,9,16
MTR,MTR,2001,9,18
MTR,MTR,2001,9,22
MTR,MTR,2001,9,23
MTR,MTR,2001,9,24
MTR,MTR,2001,9,25
MTR,MTR,2001,9,29
MTR,MTR,2001,9,30
MTR,MTR,2001,10,1
MTR,MTR,2001,10,2
MTR,MTR,2001,10,5
MTR,MTR,2001,10,6
MTR,MTR,2001,10,7
MTR,MTR,2001,10,8
MTR,MTR,2001,10,9
MTR,MTR,2001,10,12
MTR,MTR,2001,10,13
MTR,MTR,2001,10,14
MTR,MTR,2001,10,15
MTR,MTR,2001,10,19
MTR,MTR,2001,10,21
MTR,MTR,2001,10,22
MTR,MTR,2001,10,27
MTR,MTR,2001,10,29
MTR,MTR,2001,10,30
MTR,MTR,2001,11,3
MTR,MTR,2001,11,4
MTR,MTR,2001,11,5
MTR,MTR,2001,11,6
MTR,MTR,2001,11,9
MTR,MTR,2001,11,10
MTR,MTR,2001,11,11
MTR,MTR,2001,11,12
MTR,MTR,2001,11,13
MTR,MTR,2001,11,16
MTR,MTR,2001,11,18
MTR,MTR,2001,11,19
MTR,MTR,2001,11,20
MTR,MTR,2001,11,24
MTR,MTR,2001,11,25
MTR,MTR,2001,11,26
MTR,MTR,2001,11,27
MTR,MTR,2001,11,30
MTR,MTR,2001,12,1
MTR,MTR,2001,12,2
MTR,MTR,2001,12,3
MTR,MTR,2001,12,4
MTR,MTR,2001,12,26
MTR,MTR,2001,12,27
MTR,MTR,2001,12,29
MTR,MTR,2001,12,30
MTR,MTR,2001,12,31
MTR,MTR,2002,1,12
MTR,MTR,2002,1,13
MTR,MTR,2002,1,14
MTR,MTR,2002,1,15
MTR,MTR,2002,1,19
MTR,MTR,2002,1,20
MTR,MTR,2002,1,21
MTR,MTR,2002,1,22
MTR,MTR,2002,1,26
MTR,MTR,2002,1,27
MTR,MTR,2002,1,28
MTR,MTR,2002,1,29
MTR,MTR,2002,2,1
MTR,MTR,2002,2,2
MTR,MTR,2002,2,4
MTR,MTR,2002,2,5
MTR,MTR,2002,2,8
MTR,MTR,2002,2,9
MTR,MTR,2002,2,10
MTR,MTR,2002,2,12
MTR,MTR,2002,2,15
MTR,MTR,2002,2,16
MTR,MTR,2002,2,17
MTR,MTR,2002,2,18
MTR,MTR,2002,2,19
MTR,MTR,2002,2,22
MTR,MTR,2002,2,23
MTR,MTR,2002,2,24
MTR,MTR,2002,2,25
MTR,MTR,2002,2,26
MTR,MTR,2002,3,1
MTR,MTR,2002,3,2
MTR,MTR,2002,3,3
MTR,MTR,2002,3,5
MTR,MTR,2002,3,8
MTR,MTR,2002,3,9
MTR,MTR,2002,3,10
MTR,MTR,2002,3,11
MTR,MTR,2002,3,12
MTR,MTR,2002,3,15
MTR,MTR,2002,3,16
MTR,MTR,2002,3,17
MTR,MTR,2002,3,18
MTR,MTR,2002,3,19
MTR,MTR,2002,3,22
MTR,MTR,2002,3,23
MTR,MTR,2002,3,24
MTR,MTR,2002,3,25
MTR,MTR,2002,3,26
MTR,MTR,2002,3,29
MTR,MTR,2002,3,30
MTR,MTR,2002,4,1
MTR,MTR,2002,4,2
MTR,MTR,2002,4,5
MTR,MTR,2002,4,7
MTR,MTR,2002,4,8
MTR,MTR,2002,4,9
MTR,MTR,2002,4,12
MTR,MTR,2002,4,13
MTR,MTR,2002,4,14
MTR,MTR,2002,4,15
MTR,MTR,2002,4,16
MTR,MTR,2002,4,19
MTR,MTR,2002,4,21
MTR,MTR,2002,4,22
MTR,MTR,2002,4,23
MTR,MTR,2002,4,26
MTR,MTR,2002,4,28
MTR,MTR,2002,5,14
MTR,MTR,2002,5,17
MTR,MTR,2002,5,18
MTR,MTR,2002,5,19
MTR,MTR,2002,5,20
MTR,MTR,2002,5,21
MTR,MTR,2002,5,24
MTR,MTR,2002,5,25
MTR,MTR,2002,5,26
MTR,MTR,2002,5,27
MTR,MTR,2002,5,28
MTR,MTR,2002,5,31
MTR,MTR,2002,6,1
MTR,MTR,2002,6,2
MTR,MTR,2002,6,3
MTR,MTR,2002,6,4
MTR,MTR,2002,6,7
MTR,MTR,2002,6,8
MTR,MTR,2002,6,9
MTR,MTR,2002,6,10
MTR,MTR,2002,6,11
MTR,MTR,2002,6,14
MTR,MTR,2002,6,15
MTR,MTR,2002,6,16
MTR,MTR,2002,6,17
MTR,MTR,2002,6,18
MTR,MTR,2002,6,21
MTR,MTR,2002,6,22
MTR,MTR,2002,6,23
MTR,MTR,2002,6,24
MTR,MTR,2002,6,25
MTR,MTR,2002,6,28
MTR,MTR,2002,6,29
MTR,MTR,2002,6,30
MTR,MTR,2002,7,1
MTR,MTR,2002,7,2
MTR,MTR,2002,7,5
MTR,MTR,2002,7,6
MTR,MTR,2002,7,7
MTR,MTR,2002,7,8
MTR,MTR,2002,7,9
MTR,MTR,2002,7,12
MTR,MTR,2002,7,13
MTR,MTR,2002,7,14
MTR,MTR,2002,7,15
MTR,MTR,2002,7,16
MTR,MTR,2002,7,19
MTR,MTR,2002,7,20
MTR,MTR,2002,7,21
MTR,MTR,2002,7,22
MTR,MTR,2002,7,23
MTR,MTR,2002,7,26
MTR,MTR,2002,7,27
MTR,MTR,2002,7,28
MTR,MTR,2002,7,29
MTR,MTR,2002,8,2
MTR,MTR,2002,8,3
MTR,MTR,2002,8,4
MTR,MTR,2002,8,5
MTR,MTR,2002,8,6
MTR,MTR,2002,8,9
MTR,MTR,2002,8,10
MTR,MTR,2002,8,11
MTR,MTR,2002,8,12
MTR,MTR,2002,8,13
MTR,MTR,2002,8,16
MTR,MTR,2002,8,17
MTR,MTR,2002,8,18
MTR,MTR,2002,8,19
MTR,MTR,2002,8,20
MTR,MTR,2002,8,23
MTR,MTR,2002,8,24
MTR,MTR,2002,8,25
MTR,MTR,2002,8,26
MTR,MTR,2002,8,27
MTR,MTR,2002,8,30
MTR,MTR,2002,8,31
MTR,MTR,2002,9,1
MTR,MTR,2002,9,2
MTR,MTR,2002,9,3
MTR,MTR,2002,9,7
MTR,MTR,2002,9,8
MTR,MTR,2002,9,9
MTR,MTR,2002,9,10
MTR,MTR,2002,9,14
MTR,MTR,2002,9,15
MTR,MTR,2002,9,16
MTR,MTR,2002,9,17
MTR,MTR,2002,9,21
MTR,MTR,2002,9,22
MTR,MTR,2002,9,23
MTR,MTR,2002,9,24
MTR,MTR,2002,9,28
MTR,MTR,2002,9,29
MTR,MTR,2002,9,30
MTR,MTR,2002,10,1
MTR,MTR,2002,10,4
MTR,MTR,2002,10,5
MTR,MTR,2002,10,6
MTR,MTR,2002,10,7
MTR,MTR,2002,10,8
MTR,MTR,2002,10,11
MTR,MTR,2002,10,12
MTR,MTR,2002,10,13
MTR,MTR,2002,10,14
MTR,MTR,2002,10,15
MTR,MTR,2002,10,18
MTR,MTR,2002,10,19
MTR,MTR,2002,10,20
MTR,MTR,2002,10,21
MTR,MTR,2002,10,22
MTR,MTR,2002,10,25
MTR,MTR,2002,10,26
MTR,MTR,2002,10,27
MTR,MTR,2002,10,28
MTR,MTR,2002,10,29
MTR,MTR,2002,11,1
MTR,MTR,2002,11,2
MTR,MTR,2002,11,3
MTR,MTR,2002,11,4
MTR,MTR,2002,11,5
MTR,MTR,2002,11,8
MTR,MTR,2002,11,9
MTR,MTR,2002,11,10
MTR,MTR,2002,11,11
MTR,MTR,2002,11,12
MTR,MTR,2002,11,15
MTR,MTR,2002,11,16
MTR,MTR,2002,11,17
MTR,MTR,2002,11,18
MTR,MTR,2002,11,19
MTR,MTR,2002,11,22
MTR,MTR,2002,11,23
MTR,MTR,2002,11,24
MTR,MTR,2002,11,25
MTR,MTR,2002,11,26
MTR,MTR,2002,11,29
MTR,MTR,2002,11,30
MTR,MTR,2002,12,1
MTR,MTR,2002,12,2
MTR,MTR,2002,12,3
MTR,MTR,2002,12,6
MTR,MTR,2002,12,7
MTR,MTR,2002,12,8
MTR,MTR,2002,12,26
MTR,MTR,2002,12,27
MTR,MTR,2002,12,29
MTR,MTR,2002,12,30
MTR,MTR,2003,1,11
MTR,MTR,2003,1,12
MTR,MTR,2003,1,13
MTR,MTR,2003,1,14
MTR,MTR,2003,1,18
MTR,MTR,2003,1,19
MTR,MTR,2003,1,20
MTR,MTR,2003,1,21
MTR,MTR,2003,1,25
MTR,MTR,2003,1,27
MTR,MTR,2003,1,28
MTR,MTR,2003,2,1
MTR,MTR,2003,2,2
MTR,MTR,2003,2,4
MTR,MTR,2003,2,8
MTR,MTR,2003,2,9
MTR,MTR,2003,2,10
MTR,MTR,2003,2,11
MTR,MTR,2003,2,15
MTR,MTR,2003,2,25
MTR,MTR,2003,3,4
MTR,MTR,2003,3,8
MTR,MTR,2003,3,9
MTR,MTR,2003,3,10
MTR,MTR,2003,3,11
MTR,MTR,2003,3,15
MTR,MTR,2003,3,16
MTR,MTR,2003,3,17
MTR,MTR,2003,3,18
MTR,MTR,2003,3,22
MTR,MTR,2003,3,23
MTR,MTR,2003,3,24
MTR,MTR,2003,3,25
MTR,MTR,2003,3,29
MTR,MTR,2003,3,30
MTR,MTR,2003,3,31
MTR,MTR,2003,4,1
MTR,MTR,2003,4,5
MTR,MTR,2003,4,6
MTR,MTR,2003,4,7
MTR,MTR,2003,4,8
MTR,MTR,2003,4,12
MTR,MTR,2003,4,13
MTR,MTR,2003,4,14
MTR,MTR,2003,4,15
MTR,MTR,2003,4,19
MTR,MTR,2003,4,21
MTR,MTR,2003,4,22
MTR,MTR,2003,4,26
MTR,MTR,2003,4,27
MTR,MTR,2003,4,28
MTR,MTR,2003,4,29
MTR,MTR,2003,5,2
MTR,MTR,2003,5,3
MTR,MTR,2003,5,4
MTR,MTR,2003,5,5
MTR,MTR,2003,5,6
MTR,MTR,2003,5,9
MTR,MTR,2003,5,10
MTR,MTR,2003,5,11
MTR,MTR,2003,5,12
MTR,MTR,2003,5,13
MTR,MTR,2003,5,16
MTR,MTR,2003,5,17
MTR,MTR,2003,5,18
MTR,MTR,2003,5,19
MTR,MTR,2003,5,20
MTR,MTR,2003,5,23
MTR,MTR,2003,5,24
MTR,MTR,2003,5,25
MTR,MTR,2003,5,26
MTR,MTR,2003,5,27
MTR,MTR,2003,5,30
MTR,MTR,2003,5,31
MTR,MTR,2003,6,1
MTR,MTR,2003,6,2
MTR,MTR,2003,6,3
MTR,MTR,2003,6,6
MTR,MTR,2003,6,7
MTR,MTR,2003,6,8
MTR,MTR,2003,6,9
MTR,MTR,2003,6,10
MTR,MTR,2003,6,13
MTR,MTR,2003,6,14
MTR,MTR,2003,6,15
MTR,MTR,2003,6,16
MTR,MTR,2003,6,17
MTR,MTR,2003,6,20
MTR,MTR,2003,6,21
MTR,MTR,2003,6,22
MTR,MTR,2003,6,23
MTR,MTR,2003,6,24
MTR,MTR,2003,6,27
MTR,MTR,2003,6,28
MTR,MTR,2003,6,29
MTR,MTR,2003,6,30
MTR,MTR,2003,7,1
MTR,MTR,2003,7,4
MTR,MTR,2003,7,5
MTR,MTR,2003,7,6
MTR,MTR,2003,7,7
MTR,MTR,2003,7,8
MTR,MTR,2003,7,11
MTR,MTR,2003,7,12
MTR,MTR,2003,7,13
MTR,MTR,2003,7,14
MTR,MTR,2003,7,15
MTR,MTR,2003,7,18
MTR,MTR,2003,7,19
MTR,MTR,2003,7,20
MTR,MTR,2003,7,21
MTR,MTR,2003,7,22
MTR,MTR,2003,7,25
MTR,MTR,2003,7,26
MTR,MTR,2003,7,27
MTR,MTR,2003,7,28
MTR,MTR,2003,7,29
MTR,MTR,2003,8,1
MTR,MTR,2003,8,2
MTR,MTR,2003,8,3
MTR,MTR,2003,8,4
MTR,MTR,2003,8,5
MTR,MTR,2003,8,8
MTR,MTR,2003,8,9
MTR,MTR,2003,8,10
MTR,MTR,2003,8,11
MTR,MTR,2003,8,12
MTR,MTR,2003,8,15
MTR,MTR,2003,8,16
MTR,MTR,2003,8,17
MTR,MTR,2003,8,18
MTR,MTR,2003,8,19
MTR,MTR,2003,8,22
MTR,MTR,2003,8,23
MTR,MTR,2003,8,24
MTR,MTR,2003,8,25
MTR,MTR,2003,8,26
MTR,MTR,2003,8,29
MTR,MTR,2003,8,30
MTR,MTR,2003,8,31
MTR,MTR,2003,9,1
MTR,MTR,2003,9,2
MTR,MTR,2003,9,5
MTR,MTR,2003,9,6
MTR,MTR,2003,9,7
MTR,MTR,2003,9,8
MTR,MTR,2003,9,9
MTR,MTR,2003,9,12
MTR,MTR,2003,9,13
MTR,MTR,2003,9,14
MTR,MTR,2003,9,15
MTR,MTR,2003,9,16
MTR,MTR,2003,9,19
MTR,MTR,2003,9,20
MTR,MTR,2003,9,21
MTR,MTR,2003,9,22
MTR,MTR,2003,9,23
MTR,MTR,2003,9,26
MTR,MTR,2003,9,27
MTR,MTR,2003,9,28
MTR,MTR,2003,9,29
MTR,MTR,2003,9,30
MTR,MTR,2003,10,3
MTR,MTR,2003,10,4
MTR,MTR,2003,10,5
MTR,MTR,2003,10,6
MTR,MTR,2003,10,7
MTR,MTR,2003,10,10
MTR,MTR,2003,10,11
MTR,MTR,2003,10,12
MTR,MTR,2003,10,13
MTR,MTR,2003,10,14
MTR,MTR,2003,10,17
MTR,MTR,2003,10,18
MTR,MTR,2003,10,19
MTR,MTR,2003,10,20
MTR,MTR,2003,10,21
MTR,MTR,2003,10,24
MTR,MTR,2003,10,25
MTR,MTR,2003,10,26
MTR,MTR,2003,10,27
MTR,MTR,2003,10,28
MTR,MTR,2003,10,31
MTR,MTR,2003,11,1
MTR,MTR,2003,11,2
MTR,MTR,2003,11,3
MTR,MTR,2003,11,4
MTR,MTR,2003,11,7
MTR,MTR,2003,11,8
MTR,MTR,2003,11,9
MTR,MTR,2003,11,10
MTR,MTR,2003,11,11
MTR,MTR,2003,11,14
MTR,MTR,2003,11,15
MTR,MTR,2003,11,16
MTR,MTR,2003,11,17
MTR,MTR,2003,11,18
MTR,MTR,2003,11,21
MTR,MTR,2003,11,22
MTR,MTR,2003,11,23
MTR,MTR,2003,11,24
MTR,MTR,2003,11,25
MTR,MTR,2003,11,28
MTR,MTR,2003,11,29
MTR,MTR,2003,11,30
MTR,MTR,2003,12,1
MTR,MTR,2003,12,2
MTR,MTR,2003,12,5
MTR,MTR,2003,12,6
MTR,MTR,2003,12,7
MTR,MTR,2003,12,8
MTR,MTR,2003,12,9
MTR,MTR,2003,12,12
MTR,MTR,2003,12,13
MTR,MTR,2003,12,15
MTR,MTR,2003,12,16
MTR,MTR,2003,12,26
MTR,MTR,2003,12,27
MTR,MTR,2003,12,28
MTR,MTR,2003,12,29
MTR,MTR,2003,12,30
MTR,MTR,2004,1,19
MTR,MTR,2004,1,20
MTR,MTR,2004,1,24
MTR,MTR,2004,2,2
MTR,MTR,2004,2,8
MTR,MTR,2004,2,9
MTR,MTR,2004,2,10
MTR,MTR,2004,2,14
MTR,MTR,2004,2,15
MTR,MTR,2004,2,16
MTR,MTR,2004,2,17
MTR,MTR,2004,2,28
MTR,MTR,2004,2,29
MTR,MTR,2004,3,1
MTR,MTR,2004,3,2
MTR,MTR,2004,3,5
MTR,MTR,2004,3,6
MTR,MTR,2004,3,7
MTR,MTR,2004,3,8
MTR,MTR,2004,3,9
MTR,MTR,2004,3,12
MTR,MTR,2004,3,13
MTR,MTR,2004,3,14
MTR,MTR,2004,3,15
MTR,MTR,2004,3,19
MTR,MTR,2004,3,20
MTR,MTR,2004,3,21
MTR,MTR,2004,3,22
MTR,MTR,2004,3,23
MTR,MTR,2004,3,26
MTR,MTR,2004,3,27
MTR,MTR,2004,3,28
MTR,MTR,2004,3,29
MTR,MTR,2004,3,30
MTR,MTR,2004,4,2
MTR,MTR,2004,4,3
MTR,MTR,2004,4,4
MTR,MTR,2004,4,5
MTR,MTR,2004,4,6
MTR,MTR,2004,4,9
MTR,MTR,2004,4,10
MTR,MTR,2004,4,12
MTR,MTR,2004,4,13
MTR,MTR,2004,4,16
MTR,MTR,2004,4,17
MTR,MTR,2004,4,18
MTR,MTR,2004,4,19
MTR,MTR,2004,4,20
MTR,MTR,2004,4,23
MTR,MTR,2004,4,24
MTR,MTR,2004,4,25
MTR,MTR,2004,4,26
MTR,MTR,2004,4,27
MTR,MTR,2004,4,30
MTR,MTR,2004,5,1
MTR,MTR,2004,5,2
MTR,MTR,2004,5,3
MTR,MTR,2004,5,4
MTR,MTR,2004,5,7
MTR,MTR,2004,5,8
MTR,MTR,2004,5,9
MTR,MTR,2004,5,10
MTR,MTR,2004,5,11
MTR,MTR,2004,5,14
MTR,MTR,2004,5,15
MTR,MTR,2004,5,16
MTR,MTR,2004,5,17
MTR,MTR,2004,5,18
MTR,MTR,2004,5,21
MTR,MTR,2004,5,22
MTR,MTR,2004,5,23
MTR,MTR,2004,5,24
MTR,MTR,2004,5,25
MTR,MTR,2004,5,28
MTR,MTR,2004,5,29
MTR,MTR,2004,5,30
MTR,MTR,2004,5,31
MTR,MTR,2004,6,1
MTR,MTR,2004,6,4
MTR,MTR,2004,6,5
MTR,MTR,2004,6,6
MTR,MTR,2004,6,7
MTR,MTR,2004,6,8
MTR,MTR,2004,6,11
MTR,MTR,2004,6,12
MTR,MTR,2004,6,13
MTR,MTR,2004,6,14
MTR,MTR,2004,6,15
MTR,MTR,2004,6,18
MTR,MTR,2004,6,19
MTR,MTR,2004,6,20
MTR,MTR,2004,6,21
MTR,MTR,2004,6,22
MTR,MTR,2004,6,25
MTR,MTR,2004,6,26
MTR,MTR,2004,6,27
MTR,MTR,2004,6,28
MTR,MTR,2004,6,29
MTR,MTR,2004,7,2
MTR,MTR,2004,7,3
MTR,MTR,2004,7,4
MTR,MTR,2004,7,5
MTR,MTR,2004,7,6
MTR,MTR,2004,7,9
MTR,MTR,2004,7,10
MTR,MTR,2004,7,11
MTR,MTR,2004,7,12
MTR,MTR,2004,7,13
MTR,MTR,2004,7,16
MTR,MTR,2004,7,17
MTR,MTR,2004,7,18
MTR,MTR,2004,7,19
MTR,MTR,2004,7,20
MTR,MTR,2004,7,23
MTR,MTR,2004,7,24
MTR,MTR,2004,7,25
MTR,MTR,2004,7,26
MTR,MTR,2004,7,27
MTR,MTR,2004,7,30
MTR,MTR,2004,7,31
MTR,MTR,2004,8,1
MTR,MTR,2004,8,2
MTR,MTR,2004,8,3
MTR,MTR,2004,8,6
MTR,MTR,2004,8,7
MTR,MTR,2004,8,8
MTR,MTR,2004,8,9
MTR,MTR,2004,8,10
MTR,MTR,2004,8,13
MTR,MTR,2004,8,14
MTR,MTR,2004,8,15
MTR,MTR,2004,8,16
MTR,MTR,2004,8,17
MTR,MTR,2004,8,20
MTR,MTR,2004,8,21
MTR,MTR,2004,8,22
MTR,MTR,2004,8,23
MTR,MTR,2004,8,24
MTR,MTR,2004,8,27
MTR,MTR,2004,8,28
MTR,MTR,2004,8,29
MTR,MTR,2004,8,30
MTR,MTR,2004,8,31
MTR,MTR,2004,9,3
MTR,MTR,2004,9,4
MTR,MTR,2004,9,5
MTR,MTR,2004,9,6
MTR,MTR,2004,9,7
MTR,MTR,2004,9,10
MTR,MTR,2004,9,11
MTR,MTR,2004,9,12
MTR,MTR,2004,9,13
MTR,MTR,2004,9,14
MTR,MTR,2004,9,18
MTR,MTR,2004,9,19
MTR,MTR,2004,9,20
MTR,MTR,2004,9,21
MTR,MTR,2004,9,24
MTR,MTR,2004,9,25
MTR,MTR,2004,9,26
MTR,MTR,2004,9,27
MTR,MTR,2004,9,28
MTR,MTR,2004,10,1
MTR,MTR,2004,10,2
MTR,MTR,2004,10,3
MTR,MTR,2004,10,4
MTR,MTR,2004,10,5
MTR,MTR,2004,10,8
MTR,MTR,2004,10,9
MTR,MTR,2004,10,10
MTR,MTR,2004,10,11
MTR,MTR,2004,10,12
MTR,MTR,2004,10,15
MTR,MTR,2004,10,16
MTR,MTR,2004,10,17
MTR,MTR,2004,10,18
MTR,MTR,2004,10,19
MTR,MTR,2004,10,22
MTR,MTR,2004,10,23
MTR,MTR,2004,10,24
MTR,MTR,2004,10,25
MTR,MTR,2004,10,26
MTR,MTR,2004,10,29
MTR,MTR,2004,10,30
MTR,MTR,2004,10,31
MTR,MTR,2004,11,1
MTR,MTR,2004,11,2
MTR,MTR,2004,11,5
MTR,MTR,2004,11,6
MTR,MTR,2004,11,7
MTR,MTR,2004,11,8
MTR,MTR,2004,11,9
MTR,MTR,2004,11,12
MTR,MTR,2004,11,13
MTR,MTR,2004,11,14
MTR,MTR,2004,11,15
MTR,MTR,2004,11,16
MTR,MTR,2004,11,19
MTR,MTR,2004,11,20
MTR,MTR,2004,11,21
MTR,MTR,2004,11,22
MTR,MTR,2004,11,23
MTR,MTR,2004,11,26
MTR,MTR,2004,11,27
MTR,MTR,2004,11,28
MTR,MTR,2004,11,29
MTR,MTR,2004,11,30
MTR,MTR,2004,12,3
MTR,MTR,2004,12,4
MTR,MTR,2004,12,5
MTR,MTR,2004,12,6
MTR,MTR,2004,12,7
MTR,MTR,2004,12,10
MTR,MTR,2004,12,11
MTR,MTR,2004,12,12
MTR,MTR,2004,12,13
MTR,MTR,2004,12,26
MTR,MTR,2004,12,27
MTR,MTR,2004,12,28
MTR,MTR,2005,1,15
MTR,MTR,2005,1,16
MTR,MTR,2005,1,18
MTR,MTR,2005,1,25
MTR,MTR,2005,1,29
MTR,MTR,2005,2,5
MTR,MTR,2005,2,7
MTR,MTR,2005,2,8
MTR,MTR,2005,2,12
MTR,MTR,2005,2,13
MTR,MTR,2005,2,14
MTR,MTR,2005,2,15
MTR,MTR,2005,2,19
MTR,MTR,2005,2,20
MTR,MTR,2005,2,21
MTR,MTR,2005,2,22
MTR,MTR,2005,2,26
MTR,MTR,2005,2,27
MTR,MTR,2005,2,28
MTR,MTR,2005,3,5
MTR,MTR,2005,3,6
MTR,MTR,2005,3,7
MTR,MTR,2005,3,11
MTR,MTR,2005,3,12
MTR,MTR,2005,3,13
MTR,MTR,2005,3,14
MTR,MTR,2005,3,15
MTR,MTR,2005,3,18
MTR,MTR,2005,3,19
MTR,MTR,2005,3,20
MTR,MTR,2005,3,21
MTR,MTR,2005,3,22
MTR,MTR,2005,3,25
MTR,MTR,2005,3,26
MTR,MTR,2005,3,28
MTR,MTR,2005,3,29
MTR,MTR,2005,4,1
MTR,MTR,2005,4,2
MTR,MTR,2005,4,3
MTR,MTR,2005,4,4
MTR,MTR,2005,4,5
MTR,MTR,2005,4,8
MTR,MTR,2005,4,9
MTR,MTR,2005,4,10
MTR,MTR,2005,4,11
MTR,MTR,2005,4,12
MTR,MTR,2005,4,15
MTR,MTR,2005,4,16
MTR,MTR,2005,4,17
MTR,MTR,2005,4,18
MTR,MTR,2005,4,19
MTR,MTR,2005,4,22
MTR,MTR,2005,4,23
MTR,MTR,2005,4,24
MTR,MTR,2005,4,25
MTR,MTR,2005,4,26
MTR,MTR,2005,4,29
MTR,MTR,2005,4,30
MTR,MTR,2005,5,1
MTR,MTR,2005,5,2
MTR,MTR,2005,5,3
MTR,MTR,2005,5,6
MTR,MTR,2005,5,7
MTR,MTR,2005,5,8
MTR,MTR,2005,5,9
MTR,MTR,2005,5,10
MTR,MTR,2005,5,13
MTR,MTR,2005,5,14
MTR,MTR,2005,5,15
MTR,MTR,2005,5,16
MTR,MTR,2005,5,17
MTR,MTR,2005,5,20
MTR,MTR,2005,5,21
MTR,MTR,2005,5,22
MTR,MTR,2005,5,23
MTR,MTR,2005,5,24
MTR,MTR,2005,5,27
MTR,MTR,2005,5,28
MTR,MTR,2005,5,29
MTR,MTR,2005,5,30
MTR,MTR,2005,5,31
MTR,MTR,2005,6,3
MTR,MTR,2005,6,4
MTR,MTR,2005,6,5
MTR,MTR,2005,6,6
MTR,MTR,2005,6,7
MTR,MTR,2005,6,10
MTR,MTR,2005,6,11
MTR,MTR,2005,6,12
MTR,MTR,2005,6,13
MTR,MTR,2005,6,14
MTR,MTR,2005,6,17
MTR,MTR,2005,6,18
MTR,MTR,2005,6,19
MTR,MTR,2005,6,20
MTR,MTR,2005,6,21
MTR,MTR,2005,6,24
MTR,MTR,2005,6,25
MTR,MTR,2005,6,26
MTR,MTR,2005,6,27
MTR,MTR,2005,6,28
MTR,MTR,2005,7,1
MTR,MTR,2005,7,2
MTR,MTR,2005,7,3
MTR,MTR,2005,7,4
MTR,MTR,2005,7,5
MTR,MTR,2005,7,8
MTR,MTR,2005,7,9
MTR,MTR,2005,7,10
MTR,MTR,2005,7,11
MTR,MTR,2005,7,12
MTR,MTR,2005,7,15
MTR,MTR,2005,7,16
MTR,MTR,2005,7,17
MTR,MTR,2005,7,18
MTR,MTR,2005,7,19
MTR,MTR,2005,7,22
MTR,MTR,2005,7,23
MTR,MTR,2005,7,24
MTR,MTR,2005,7,25
MTR,MTR,2005,7,26
MTR,MTR,2005,7,29
MTR,MTR,2005,7,30
MTR,MTR,2005,7,31
MTR,MTR,2005,8,1
MTR,MTR,2005,8,2
MTR,MTR,2005,8,5
MTR,MTR,2005,8,6
MTR,MTR,2005,8,7
MTR,MTR,2005,8,8
MTR,MTR,2005,8,9
MTR,MTR,2005,8,12
MTR,MTR,2005,8,13
MTR,MTR,2005,8,14
MTR,MTR,2005,8,15
MTR,MTR,2005,8,16
MTR,MTR,2005,8,19
MTR,MTR,2005,8,20
MTR,MTR,2005,8,21
MTR,MTR,2005,8,22
MTR,MTR,2005,8,23
MTR,MTR,2005,8,26
MTR,MTR,2005,8,27
MTR,MTR,2005,8,28
MTR,MTR,2005,8,29
MTR,MTR,2005,8,30
MTR,MTR,2005,9,2
MTR,MTR,2005,9,3
MTR,MTR,2005,9,4
MTR,MTR,2005,9,5
MTR,MTR,2005,9,6
MTR,MTR,2005,9,9
MTR,MTR,2005,9,10
MTR,MTR,2005,9,11
MTR,MTR,2005,9,12
MTR,MTR,2005,9,13
MTR,MTR,2005,9,16
MTR,MTR,2005,9,17
MTR,MTR,2005,9,18
MTR,MTR,2005,9,19
MTR,MTR,2005,9,20
MTR,MTR,2005,9,23
MTR,MTR,2005,9,24
MTR,MTR,2005,9,25
MTR,MTR,2005,9,26
MTR,MTR,2005,9,27
MTR,MTR,2005,9,30
MTR,MTR,2005,10,1
MTR,MTR,2005,10,2
MTR,MTR,2005,10,3
MTR,MTR,2005,10,4
MTR,MTR,2005,10,7
MTR,MTR,2005,10,8
MTR,MTR,2005,10,9
MTR,MTR,2005,10,11
MTR,MTR,2005,10,14
MTR,MTR,2005,10,15
MTR,MTR,2005,10,16
MTR,MTR,2005,10,17
MTR,MTR,2005,10,18
MTR,MTR,2005,10,21
MTR,MTR,2005,10,22
MTR,MTR,2005,10,23
MTR,MTR,2005,10,28
MTR,MTR,2005,10,29
MTR,MTR,2005,10,30
MTR,MTR,2005,10,31
MTR,MTR,2005,11,1
MTR,MTR,2005,11,4
MTR,MTR,2005,11,5
MTR,MTR,2005,11,6
MTR,MTR,2005,11,7
MTR,MTR,2005,11,8
MTR,MTR,2005,11,11
MTR,MTR,2005,11,12
MTR,MTR,2005,11,13
MTR,MTR,2005,11,14
MTR,MTR,2005,11,15
MTR,MTR,2005,11,18
MTR,MTR,2005,11,19
MTR,MTR,2005,11,20
MTR,MTR,2005,11,21
MTR,MTR,2005,11,22
MTR,MTR,2005,11,26
MTR,MTR,2005,11,27
MTR,MTR,2005,11,28
MTR,MTR,2005,11,29
MTR,MTR,2005,12,2
MTR,MTR,2005,12,3
MTR,MTR,2005,12,4
MTR,MTR,2005,12,5
MTR,MTR,2005,12,10
MTR,MTR,2005,12,11
MTR,MTR,2005,12,18
MTR,MTR,2005,12,19
MTR,MTR,2005,12,20
MTR,MTR,2006,1,14
MTR,MTR,2006,1,15
MTR,MTR,2006,1,16
MTR,MTR,2006,1,17
MTR,MTR,2006,1,21
MTR,MTR,2006,1,22
MTR,MTR,2006,1,23
MTR,MTR,2006,1,24
MTR,MTR,2006,1,28
MTR,MTR,2006,1,29
MTR,MTR,2006,1,30
MTR,MTR,2006,1,31
MTR,MTR,2006,2,4
MTR,MTR,2006,2,6
MTR,MTR,2006,2,7
MTR,MTR,2006,2,11
MTR,MTR,2006,2,12
MTR,MTR,2006,2,13
MTR,MTR,2006,2,14
MTR,MTR,2006,2,21
MTR,MTR,2006,2,25
MTR,MTR,2006,2,26
MTR,MTR,2006,2,27
MTR,MTR,2006,2,28
MTR,MTR,2006,3,3
MTR,MTR,2006,3,4
MTR,MTR,2006,3,5
MTR,MTR,2006,3,6
MTR,MTR,2006,3,7
MTR,MTR,2006,3,10
MTR,MTR,2006,3,11
MTR,MTR,2006,3,12
MTR,MTR,2006,3,13
MTR,MTR,2006,3,14
MTR,MTR,2006,3,17
MTR,MTR,2006,3,18
MTR,MTR,2006,3,19
MTR,MTR,2006,3,20
MTR,MTR,2006,3,21
MTR,MTR,2006,3,24
MTR,MTR,2006,3,25
MTR,MTR,2006,3,26
MTR,MTR,2006,3,27
MTR,MTR,2006,3,28
MTR,MTR,2006,3,31
MTR,MTR,2006,4,1
MTR,MTR,2006,4,2
MTR,MTR,2006,4,3
MTR,MTR,2006,4,4
MTR,MTR,2006,4,7
MTR,MTR,2006,4,8
MTR,MTR,2006,4,9
MTR,MTR,2006,4,10
MTR,MTR,2006,4,11
MTR,MTR,2006,4,14
MTR,MTR,2006,4,15
MTR,MTR,2006,4,17
MTR,MTR,2006,4,18
MTR,MTR,2006,4,21
MTR,MTR,2006,4,22
MTR,MTR,2006,4,23
MTR,MTR,2006,4,24
MTR,MTR,2006,4,25
MTR,MTR,2006,4,28
MTR,MTR,2006,4,29
MTR,MTR,2006,4,30
MTR,MTR,2006,5,1
MTR,MTR,2006,5,2
MTR,MTR,2006,5,5
MTR,MTR,2006,5,6
MTR,MTR,2006,5,7
MTR,MTR,2006,5,8
MTR,MTR,2006,5,9
MTR,MTR,2006,5,12
MTR,MTR,2006,5,13
MTR,MTR,2006,5,14
MTR,MTR,2006,5,15
MTR,MTR,2006,5,16
MTR,MTR,2006,5,19
MTR,MTR,2006,5,20
MTR,MTR,2006,5,21
MTR,MTR,2006,5,22
MTR,MTR,2006,5,23
MTR,MTR,2006,5,26
MTR,MTR,2006,5,27
MTR,MTR,2006,5,28
MTR,MTR,2006,5,29
MTR,MTR,2006,5,30
MTR,MTR,2006,6,2
MTR,MTR,2006,6,3
MTR,MTR,2006,6,4
MTR,MTR,2006,6,5
MTR,MTR,2006,6,6
MTR,MTR,2006,6,9
MTR,MTR,2006,6,10
MTR,MTR,2006,6,11
MTR,MTR,2006,6,12
MTR,MTR,2006,6,13
MTR,MTR,2006,6,16
MTR,MTR,2006,6,17
MTR,MTR,2006,6,18
MTR,MTR,2006,6,19
MTR,MTR,2006,6,20
MTR,MTR,2006,6,23
MTR,MTR,2006,6,24
MTR,MTR,2006,6,25
MTR,MTR,2006,6,26
MTR,MTR,2006,6,27
MTR,MTR,2006,6,30
MTR,MTR,2006,7,1
MTR,MTR,2006,7,2
MTR,MTR,2006,7,3
MTR,MTR,2006,7,7
MTR,MTR,2006,7,8
MTR,MTR,2006,7,9
MTR,MTR,2006,7,10
MTR,MTR,2006,7,11
MTR,MTR,2006,7,14
MTR,MTR,2006,7,15
MTR,MTR,2006,7,16
MTR,MTR,2006,7,17
MTR,MTR,2006,7,18
MTR,MTR,2006,7,21
MTR,MTR,2006,7,22
MTR,MTR,2006,7,23
MTR,MTR,2006,7,24
MTR,MTR,2006,7,25
MTR,MTR,2006,7,28
MTR,MTR,2006,7,29
MTR,MTR,2006,7,30
MTR,MTR,2006,7,31
MTR,MTR,2006,8,1
MTR,MTR,2006,8,4
MTR,MTR,2006,8,5
MTR,MTR,2006,8,6
MTR,MTR,2006,8,7
MTR,MTR,2006,8,8
MTR,MTR,2006,8,11
MTR,MTR,2006,8,12
MTR,MTR,2006,8,13
MTR,MTR,2006,8,14
MTR,MTR,2006,8,15
MTR,MTR,2006,8,18
MTR,MTR,2006,8,19
MTR,MTR,2006,8,20
MTR,MTR,2006,8,21
MTR,MTR,2006,8,22
MTR,MTR,2006,8,25
MTR,MTR,2006,8,26
MTR,MTR,2006,8,27
MTR,MTR,2006,8,28
MTR,MTR,2006,8,29
MTR,MTR,2006,9,1
MTR,MTR,2006,9,2
MTR,MTR,2006,9,3
MTR,MTR,2006,9,4
MTR,MTR,2006,9,5
MTR,MTR,2006,9,8
MTR,MTR,2006,9,9
MTR,MTR,2006,9,10
MTR,MTR,2006,9,11
MTR,MTR,2006,9,12
MTR,MTR,2006,9,15
MTR,MTR,2006,9,16
MTR,MTR,2006,9,17
MTR,MTR,2006,9,18
MTR,MTR,2006,9,19
MTR,MTR,2006,9,22
MTR,MTR,2006,9,23
MTR,MTR,2006,9,24
MTR,MTR,2006,9,25
MTR,MTR,2006,9,26
MTR,MTR,2006,9,29
MTR,MTR,2006,9,30
MTR,MTR,2006,10,1
MTR,MTR,2006,10,2
MTR,MTR,2006,10,3
MTR,MTR,2006,10,6
MTR,MTR,2006,10,7
MTR,MTR,2006,10,8
MTR,MTR,2006,10,9
MTR,MTR,2006,10,10
MTR,MTR,2006,10,13
MTR,MTR,2006,10,14
MTR,MTR,2006,10,15
MTR,MTR,2006,10,16
MTR,MTR,2006,10,17
MTR,MTR,2006,10,20
MTR,MTR,2006,10,21
MTR,MTR,2006,10,22
MTR,MTR,2006,10,23
MTR,MTR,2006,10,24
MTR,MTR,2006,10,27
MTR,MTR,2006,10,28
MTR,MTR,2006,10,29
MTR,MTR,2006,10,30
MTR,MTR,2006,11,3
MTR,MTR,2006,11,4
MTR,MTR,2006,11,5
MTR,MTR,2006,11,6
MTR,MTR,2006,11,7
MTR,MTR,2006,11,10
MTR,MTR,2006,11,11
MTR,MTR,2006,11,12
MTR,MTR,2006,11,13
MTR,MTR,2006,11,14
MTR,MTR,2006,11,17
MTR,MTR,2006,11,18
MTR,MTR,2006,11,19
MTR,MTR,2006,11,20
MTR,MTR,2006,11,21
MTR,MTR,2006,11,24
MTR,MTR,2006,11,25
MTR,MTR,2006,11,26
MTR,MTR,2006,11,27
MTR,MTR,2006,11,28
MTR,MTR,2006,12,2
MTR,MTR,2006,12,3
MTR,MTR,2006,12,4
MTR,MTR,2006,12,5
MTR,MTR,2006,12,9
MTR,MTR,2006,12,10
MTR,MTR,2006,12,11
MTR,MTR,2006,12,12
MTR,MTR,2006,12,16
MTR,MTR,2006,12,26
MTR,MTR,2006,12,29
MTR,MTR,2006,12,30
MTR,MTR,2007,1,21
MTR,MTR,2007,1,22
MTR,MTR,2007,1,23
MTR,MTR,2007,1,27
MTR,MTR,2007,1,28
MTR,MTR,2007,2,10
MTR,MTR,2007,2,11
MTR,MTR,2007,2,12
MTR,MTR,2007,2,17
MTR,MTR,2007,2,18
MTR,MTR,2007,2,19
MTR,MTR,2007,2,20
MTR,MTR,2007,2,24
MTR,MTR,2007,2,25
MTR,MTR,2007,2,26
MTR,MTR,2007,2,27
MTR,MTR,2007,3,2
MTR,MTR,2007,3,3
MTR,MTR,2007,3,4
MTR,MTR,2007,3,5
MTR,MTR,2007,3,6
MTR,MTR,2007,3,9
MTR,MTR,2007,3,10
MTR,MTR,2007,3,11
MTR,MTR,2007,3,12
MTR,MTR,2007,3,13
MTR,MTR,2007,3,17
MTR,MTR,2007,3,18
MTR,MTR,2007,3,19
MTR,MTR,2007,3,20
MTR,MTR,2007,3,23
MTR,MTR,2007,3,24
MTR,MTR,2007,3,25
MTR,MTR,2007,3,26
MTR,MTR,2007,3,27
MTR,MTR,2007,3,30
MTR,MTR,2007,3,31
MTR,MTR,2007,4,1
MTR,MTR,2007,4,2
MTR,MTR,2007,4,3
MTR,MTR,2007,4,6
MTR,MTR,2007,4,7
MTR,MTR,2007,4,9
MTR,MTR,2007,4,10
MTR,MTR,2007,4,13
MTR,MTR,2007,4,14
MTR,MTR,2007,4,15
MTR,MTR,2007,4,16
MTR,MTR,2007,4,17
MTR,MTR,2007,4,20
MTR,MTR,2007,4,21
MTR,MTR,2007,4,22
MTR,MTR,2007,4,23
MTR,MTR,2007,4,24
MTR,MTR,2007,4,27
MTR,MTR,2007,4,28
MTR,MTR,2007,4,29
MTR,MTR,2007,4,30
MTR,MTR,2007,5,1
MTR,MTR,2007,5,4
MTR,MTR,2007,5,5
MTR,MTR,2007,5,6
MTR,MTR,2007,5,7
MTR,MTR,2007,5,8
MTR,MTR,2007,5,11
MTR,MTR,2007,5,12
MTR,MTR,2007,5,13
MTR,MTR,2007,5,14
MTR,MTR,2007,5,15
MTR,MTR,2007,5,18
MTR,MTR,2007,5,19
MTR,MTR,2007,5,20
MTR,MTR,2007,5,21
MTR,MTR,2007,5,22
MTR,MTR,2007,5,25
MTR,MTR,2007,5,26
MTR,MTR,2007,5,27
MTR,MTR,2007,5,28
MTR,MTR,2007,5,29
MTR,MTR,2007,6,1
MTR,MTR,2007,6,2
MTR,MTR,2007,6,3
MTR,MTR,2007,6,4
MTR,MTR,2007,6,5
MTR,MTR,2007,6,8
MTR,MTR,2007,6,9
MTR,MTR,2007,6,10
MTR,MTR,2007,6,11
MTR,MTR,2007,6,12
MTR,MTR,2007,6,15
MTR,MTR,2007,6,16
MTR,MTR,2007,6,17
MTR,MTR,2007,6,18
MTR,MTR,2007,6,19
MTR,MTR,2007,6,22
MTR,MTR,2007,6,23
MTR,MTR,2007,6,24
MTR,MTR,2007,6,25
MTR,MTR,2007,6,26
MTR,MTR,2007,6,29
MTR,MTR,2007,6,30
MTR,MTR,2007,7,1
MTR,MTR,2007,7,2
MTR,MTR,2007,7,3
MTR,MTR,2007,7,6
MTR,MTR,2007,7,7
MTR,MTR,2007,7,8
MTR,MTR,2007,7,9
MTR,MTR,2007,7,10
MTR,MTR,2007,7,13
MTR,MTR,2007,7,14
MTR,MTR,2007,7,15
MTR,MTR,2007,7,16
MTR,MTR,2007,7,17
MTR,MTR,2007,7,20
MTR,MTR,2007,7,21
MTR,MTR,2007,7,22
MTR,MTR,2007,7,23
MTR,MTR,2007,7,24
MTR,MTR,2007,7,27
MTR,MTR,2007,7,28
MTR,MTR,2007,7,29
MTR,MTR,2007,7,30
MTR,MTR,2007,7,31
MTR,MTR,2007,8,3
MTR,MTR,2007,8,4
MTR,MTR,2007,8,5
MTR,MTR,2007,8,6
MTR,MTR,2007,8,7
MTR,MTR,2007,8,10
MTR,MTR,2007,8,11
MTR,MTR,2007,8,12
MTR,MTR,2007,8,13
MTR,MTR,2007,8,14
MTR,MTR,2007,8,17
MTR,MTR,2007,8,18
MTR,MTR,2007,8,19
MTR,MTR,2007,8,20
MTR,MTR,2007,8,21
MTR,MTR,2007,8,24
MTR,MTR,2007,8,25
MTR,MTR,2007,8,26
MTR,MTR,2007,8,27
MTR,MTR,2007,8,28
MTR,MTR,2007,8,31
MTR,MTR,2007,9,1
MTR,MTR,2007,9,2
MTR,MTR,2007,9,3
MTR,MTR,2007,9,4
MTR,MTR,2007,9,8
MTR,MTR,2007,9,9
MTR,MTR,2007,9,10
MTR,MTR,2007,9,11
MTR,MTR,2007,9,15
MTR,MTR,2007,9,16
MTR,MTR,2007,9,17
MTR,MTR,2007,9,18
MTR,MTR,2007,9,22
MTR,MTR,2007,9,23
MTR,MTR,2007,9,24
MTR,MTR,2007,9,25
MTR,MTR,2007,9,29
MTR,MTR,2007,9,30
MTR,MTR,2007,10,1
MTR,MTR,2007,10,2
MTR,MTR,2007,10,5
MTR,MTR,2007,10,6
MTR,MTR,2007,10,7
MTR,MTR,2007,10,8
MTR,MTR,2007,10,9
MTR,MTR,2007,10,12
MTR,MTR,2007,10,13
MTR,MTR,2007,10,14
MTR,MTR,2007,10,15
MTR,MTR,2007,10,16
MTR,MTR,2007,10,19
MTR,MTR,2007,10,20
MTR,MTR,2007,10,21
MTR,MTR,2007,10,22
MTR,MTR,2007,10,23
MTR,MTR,2007,10,26
MTR,MTR,2007,10,27
MTR,MTR,2007,10,28
MTR,MTR,2007,10,29
MTR,MTR,2007,10,30
MTR,MTR,2007,11,2
MTR,MTR,2007,11,3
MTR,MTR,2007,11,4
MTR,MTR,2007,11,5
MTR,MTR,2007,11,6
MTR,MTR,2007,11,9
MTR,MTR,2007,11,10
MTR,MTR,2007,11,11
MTR,MTR,2007,11,12
MTR,MTR,2007,11,13
MTR,MTR,2007,11,16
MTR,MTR,2007,11,17
MTR,MTR,2007,11,18
MTR,MTR,2007,11,20
MTR,MTR,2007,11,23
MTR,MTR,2007,11,25
MTR,MTR,2007,11,27
MTR,MTR,2007,11,30
MTR,MTR,2007,12,2
MTR,MTR,2007,12,4
MTR,MTR,2007,12,7
MTR,MTR,2007,12,9
MTR,MTR,2007,12,11
MTR,MTR,2007,12,14
MTR,MTR,2007,12,18
MTR,MTR,2007,12,21
MTR,MTR,2007,12,22
MTR,MTR,2007,12,28
MTR,MTR,2007,12,29
MTR,MTR,2007,12,30
MTR,MTR,2008,1,19
MTR,MTR,2008,1,21
MTR,MTR,2008,1,22
MTR,MTR,2008,1,26
MTR,MTR,2008,1,27
MTR,MTR,2008,1,28
MTR,MTR,2008,1,29
MTR,MTR,2008,2,2
MTR,MTR,2008,2,9
MTR,MTR,2008,2,17
MTR,MTR,2008,2,18
MTR,MTR,2008,2,19
MTR,MTR,2008,2,23
MTR,MTR,2008,2,24
MTR,MTR,2008,2,25
MTR,MTR,2008,3,1
MTR,MTR,2008,3,10
MTR,MTR,2008,3,11
MTR,MTR,2008,3,14
MTR,MTR,2008,3,15
MTR,MTR,2008,3,16
MTR,MTR,2008,3,17
MTR,MTR,2008,3,18
MTR,MTR,2008,3,21
MTR,MTR,2008,3,22
MTR,MTR,2008,3,24
MTR,MTR,2008,3,25
MTR,MTR,2008,3,28
MTR,MTR,2008,3,29
MTR,MTR,2008,3,30
MTR,MTR,2008,3,31
MTR,MTR,2008,4,1
MTR,MTR,2008,4,4
MTR,MTR,2008,4,5
MTR,MTR,2008,4,6
MTR,MTR,2008,4,7
MTR,MTR,2008,4,8
MTR,MTR,2008,4,11
MTR,MTR,2008,4,12
MTR,MTR,2008,4,13
MTR,MTR,2008,4,14
MTR,MTR,2008,4,15
MTR,MTR,2008,4,18
MTR,MTR,2008,4,19
MTR,MTR,2008,4,20
MTR,MTR,2008,4,21
MTR,MTR,2008,4,22
MTR,MTR,2008,4,25
MTR,MTR,2008,4,26
MTR,MTR,2008,4,27
MTR,MTR,2008,4,28
MTR,MTR,2008,4,29
MTR,MTR,2008,5,2
MTR,MTR,2008,5,3
MTR,MTR,2008,5,4
MTR,MTR,2008,5,5
MTR,MTR,2008,5,6
MTR,MTR,2008,5,9
MTR,MTR,2008,5,10
MTR,MTR,2008,5,11
MTR,MTR,2008,5,12
MTR,MTR,2008,5,13
MTR,MTR,2008,5,16
MTR,MTR,2008,5,17
MTR,MTR,2008,5,18
MTR,MTR,2008,5,19
MTR,MTR,2008,5,20
MTR,MTR,2008,5,23
MTR,MTR,2008,5,24
MTR,MTR,2008,5,25
MTR,MTR,2008,5,26
MTR,MTR,2008,5,27
MTR,MTR,2008,5,30
MTR,MTR,2008,5,31
MTR,MTR,2008,6,1
MTR,MTR,2008,6,2
MTR,MTR,2008,6,3
MTR,MTR,2008,6,6
MTR,MTR,2008,6,7
MTR,MTR,2008,6,8
MTR,MTR,2008,6,9
MTR,MTR,2008,6,10
MTR,MTR,2008,6,13
MTR,MTR,2008,6,14
MTR,MTR,2008,6,15
MTR,MTR,2008,6,16
MTR,MTR,2008,6,17
MTR,MTR,2008,6,20
MTR,MTR,2008,6,21
MTR,MTR,2008,6,22
MTR,MTR,2008,6,23
MTR,MTR,2008,6,24
MTR,MTR,2008,6,27
MTR,MTR,2008,6,28
MTR,MTR,2008,6,29
MTR,MTR,2008,6,30
MTR,MTR,2008,7,1
MTR,MTR,2008,7,5
MTR,MTR,2008,7,6
MTR,MTR,2008,7,7
MTR,MTR,2008,7,8
MTR,MTR,2008,7,11
MTR,MTR,2008,7,12
MTR,MTR,2008,7,13
MTR,MTR,2008,7,14
MTR,MTR,2008,7,15
MTR,MTR,2008,7,18
MTR,MTR,2008,7,19
MTR,MTR,2008,7,20
MTR,MTR,2008,7,21
MTR,MTR,2008,7,22
MTR,MTR,2008,7,25
MTR,MTR,2008,7,26
MTR,MTR,2008,7,27
MTR,MTR,2008,7,28
MTR,MTR,2008,7,29
MTR,MTR,2008,8,1
MTR,MTR,2008,8,2
MTR,MTR,2008,8,3
MTR,MTR,2008,8,4
MTR,MTR,2008,8,5
MTR,MTR,2008,8,8
MTR,MTR,2008,8,9
MTR,MTR,2008,8,10
MTR,MTR,2008,8,11
MTR,MTR,2008,8,12
MTR,MTR,2008,8,15
MTR,MTR,2008,8,16
MTR,MTR,2008,8,17
MTR,MTR,2008,8,18
MTR,MTR,2008,8,19
MTR,MTR,2008,8,22
MTR,MTR,2008,8,23
MTR,MTR,2008,8,24
MTR,MTR,2008,8,25
MTR,MTR,2008,8,26
MTR,MTR,2008,8,29
MTR,MTR,2008,8,30
MTR,MTR,2008,8,31
MTR,MTR,2008,9,1
MTR,MTR,2008,9,2
MTR,MTR,2008,9,5
MTR,MTR,2008,9,6
MTR,MTR,2008,9,7
MTR,MTR,2008,9,8
MTR,MTR,2008,9,9
MTR,MTR,2008,9,12
MTR,MTR,2008,9,13
MTR,MTR,2008,9,14
MTR,MTR,2008,9,15
MTR,MTR,2008,9,16
MTR,MTR,2008,9,19
MTR,MTR,2008,9,20
MTR,MTR,2008,9,21
MTR,MTR,2008,9,22
MTR,MTR,2008,9,23
MTR,MTR,2008,9,26
MTR,MTR,2008,9,27
MTR,MTR,2008,9,28
MTR,MTR,2008,9,29
MTR,MTR,2008,9,30
MTR,MTR,2008,10,3
MTR,MTR,2008,10,4
MTR,MTR,2008,10,5
MTR,MTR,2008,10,6
MTR,MTR,2008,10,7
MTR,MTR,2008,10,10
MTR,MTR,2008,10,11
MTR,MTR,2008,10,12
MTR,MTR,2008,10,13
MTR,MTR,2008,10,14
MTR,MTR,2008,10,17
MTR,MTR,2008,10,18
MTR,MTR,2008,10,19
MTR,MTR,2008,10,20
MTR,MTR,2008,10,21
MTR,MTR,2008,10,24
MTR,MTR,2008,10,25
MTR,MTR,2008,10,26
MTR,MTR,2008,10,27
MTR,MTR,2008,10,28
MTR,MTR,2008,10,31
MTR,MTR,2008,11,1
MTR,MTR,2008,11,2
MTR,MTR,2008,11,3
MTR,MTR,2008,11,4
MTR,MTR,2008,11,7
MTR,MTR,2008,11,8
MTR,MTR,2008,11,9
MTR,MTR,2008,11,10
MTR,MTR,2008,11,11
MTR,MTR,2008,11,14
MTR,MTR,2008,11,15
MTR,MTR,2008,11,16
MTR,MTR,2008,11,17
MTR,MTR,2008,11,18
MTR,MTR,2008,11,21
MTR,MTR,2008,11,22
MTR,MTR,2008,11,23
MTR,MTR,2008,11,24
MTR,MTR,2008,11,25
MTR,MTR,2008,11,28
MTR,MTR,2008,11,30
MTR,MTR,2008,12,1
MTR,MTR,2008,12,2
MTR,MTR,2008,12,8
MTR,MTR,2008,12,9
MTR,MTR,2008,12,13
MTR,MTR,2008,12,14
MTR,MTR,2008,12,15
MTR,MTR,2008,12,16
MTR,MTR,2008,12,27
MTR,MTR,2008,12,28
MTR,MTR,2008,12,29
MTR,MTR,2008,12,30
MTR,MTR,2009,1,19
MTR,MTR,2009,1,20
MTR,MTR,2009,1,25
MTR,MTR,2009,1,26
MTR,MTR,2009,1,27
MTR,MTR,2009,1,31
MTR,MTR,2009,2,7
MTR,MTR,2009,2,9
MTR,MTR,2009,2,10
MTR,MTR,2009,2,14
MTR,MTR,2009,2,15
MTR,MTR,2009,2,16
MTR,MTR,2009,2,17
MTR,MTR,2009,2,21
MTR,MTR,2009,2,22
MTR,MTR,2009,2,23
MTR,MTR,2009,2,24
MTR,MTR,2009,2,28
MTR,MTR,2009,3,1
MTR,MTR,2009,3,3
MTR,MTR,2009,3,6
MTR,MTR,2009,3,7
MTR,MTR,2009,3,8
MTR,MTR,2009,3,9
MTR,MTR,2009,3,10
MTR,MTR,2009,3,13
MTR,MTR,2009,3,14
MTR,MTR,2009,3,15
MTR,MTR,2009,3,16
MTR,MTR,2009,3,17
MTR,MTR,2009,3,20
MTR,MTR,2009,3,21
MTR,MTR,2009,3,22
MTR,MTR,2009,3,23
MTR,MTR,2009,3,24
MTR,MTR,2009,3,27
MTR,MTR,2009,3,28
MTR,MTR,2009,3,29
MTR,MTR,2009,3,30
MTR,MTR,2009,3,31
MTR,MTR,2009,4,3
MTR,MTR,2009,4,4
MTR,MTR,2009,4,5
MTR,MTR,2009,4,6
MTR,MTR,2009,4,7
MTR,MTR,2009,4,10
MTR,MTR,2009,4,11
MTR,MTR,2009,4,13
MTR,MTR,2009,4,14
MTR,MTR,2009,4,17
MTR,MTR,2009,4,18
MTR,MTR,2009,4,19
MTR,MTR,2009,4,20
MTR,MTR,2009,4,21
MTR,MTR,2009,4,24
MTR,MTR,2009,4,25
MTR,MTR,2009,4,26
MTR,MTR,2009,4,27
MTR,MTR,2009,4,28
MTR,MTR,2009,5,1
MTR,MTR,2009,5,2
MTR,MTR,2009,5,3
MTR,MTR,2009,5,4
MTR,MTR,2009,5,5
MTR,MTR,2009,5,8
MTR,MTR,2009,5,9
MTR,MTR,2009,5,10
MTR,MTR,2009,5,11
MTR,MTR,2009,5,12
MTR,MTR,2009,5,15
MTR,MTR,2009,5,16
MTR,MTR,2009,5,17
MTR,MTR,2009,5,18
MTR,MTR,2009,5,19
MTR,MTR,2009,5,22
MTR,MTR,2009,5,23
MTR,MTR,2009,5,24
MTR,MTR,2009,5,25
MTR,MTR,2009,5,26
MTR,MTR,2009,5,29
MTR,MTR,2009,5,30
MTR,MTR,2009,5,31
MTR,MTR,2009,6,1
MTR,MTR,2009,6,2
MTR,MTR,2009,6,5
MTR,MTR,2009,6,6
MTR,MTR,2009,6,7
MTR,MTR,2009,6,8
MTR,MTR,2009,6,9
MTR,MTR,2009,6,12
MTR,MTR,2009,6,13
MTR,MTR,2009,6,14
MTR,MTR,2009,6,15
MTR,MTR,2009,6,16
MTR,MTR,2009,6,19
MTR,MTR,2009,6,20
MTR,MTR,2009,6,21
MTR,MTR,2009,6,22
MTR,MTR,2009,6,23
MTR,MTR,2009,6,26
MTR,MTR,2009,6,27
MTR,MTR,2009,6,28
MTR,MTR,2009,6,29
MTR,MTR,2009,6,30
MTR,MTR,2009,7,3
MTR,MTR,2009,7,4
MTR,MTR,2009,7,5
MTR,MTR,2009,7,6
MTR,MTR,2009,7,7
MTR,MTR,2009,7,10
MTR,MTR,2009,7,11
MTR,MTR,2009,7,12
MTR,MTR,2009,7,13
MTR,MTR,2009,7,14
MTR,MTR,2009,7,17
MTR,MTR,2009,7,18
MTR,MTR,2009,7,19
MTR,MTR,2009,7,20
MTR,MTR,2009,7,21
MTR,MTR,2009,7,24
MTR,MTR,2009,7,25
MTR,MTR,2009,7,26
MTR,MTR,2009,7,27
MTR,MTR,2009,7,28
MTR,MTR,2009,7,31
MTR,MTR,2009,8,1
MTR,MTR,2009,8,2
MTR,MTR,2009,8,3
MTR,MTR,2009,8,4
MTR,MTR,2009,8,7
MTR,MTR,2009,8,8
MTR,MTR,2009,8,9
MTR,MTR,2009,8,10
MTR,MTR,2009,8,11
MTR,MTR,2009,8,14
MTR,MTR,2009,8,15
MTR,MTR,2009,8,16
MTR,MTR,2009,8,17
MTR,MTR,2009,8,18
MTR,MTR,2009,8,21
MTR,MTR,2009,8,22
MTR,MTR,2009,8,23
MTR,MTR,2009,8,24
MTR,MTR,2009,8,25
MTR,MTR,2009,8,28
MTR,MTR,2009,8,29
MTR,MTR,2009,8,30
MTR,MTR,2009,8,31
MTR,MTR,2009,9,1
MTR,MTR,2009,9,4
MTR,MTR,2009,9,5
MTR,MTR,2009,9,6
MTR,MTR,2009,9,7
MTR,MTR,2009,9,8
MTR,MTR,2009,9,11
MTR,MTR,2009,9,12
MTR,MTR,2009,9,13
MTR,MTR,2009,9,14
MTR,MTR,2009,9,15
MTR,MTR,2009,9,18
MTR,MTR,2009,9,19
MTR,MTR,2009,9,20
MTR,MTR,2009,9,21
MTR,MTR,2009,9,22
MTR,MTR,2009,9,25
MTR,MTR,2009,9,26
MTR,MTR,2009,9,27
MTR,MTR,2009,9,28
MTR,MTR,2009,9,29
MTR,MTR,2009,10,2
MTR,MTR,2009,10,3
MTR,MTR,2009,10,4
MTR,MTR,2009,10,5
MTR,MTR,2009,10,6
MTR,MTR,2009,10,9
MTR,MTR,2009,10,10
MTR,MTR,2009,10,11
MTR,MTR,2009,10,12
MTR,MTR,2009,10,13
MTR,MTR,2009,10,16
MTR,MTR,2009,10,17
MTR,MTR,2009,10,18
MTR,MTR,2009,10,19
MTR,MTR,2009,10,20
MTR,MTR,2009,10,23
MTR,MTR,2009,10,24
MTR,MTR,2009,10,25
MTR,MTR,2009,10,26
MTR,MTR,2009,10,27
MTR,MTR,2009,10,30
MTR,MTR,2009,10,31
MTR,MTR,2009,11,1
MTR,MTR,2009,11,2
MTR,MTR,2009,11,3
MTR,MTR,2009,11,6
MTR,MTR,2009,11,7
MTR,MTR,2009,11,8
MTR,MTR,2009,11,9
MTR,MTR,2009,11,10
MTR,MTR,2009,11,13
MTR,MTR,2009,11,14
MTR,MTR,2009,11,15
MTR,MTR,2009,11,16
MTR,MTR,2009,11,17
MTR,MTR,2009,11,20
MTR,MTR,2009,11,21
MTR,MTR,2009,11,22
MTR,MTR,2009,11,23
MTR,MTR,2009,11,24
MTR,MTR,2009,11,27
MTR,MTR,2009,11,28
MTR,MTR,2009,11,29
MTR,MTR,2009,11,30
MTR,MTR,2009,12,1
MTR,MTR,2009,12,5
MTR,MTR,2009,12,6
MTR,MTR,2009,12,7
MTR,MTR,2009,12,8
MTR,MTR,2009,12,12
MTR,MTR,2009,12,13
MTR,MTR,2009,12,14
MTR,MTR,2009,12,26
MTR,MTR,2009,12,27
MTR,MTR,2009,12,28
MTR,MTR,2009,12,29
MTR,MTR,2010,3,1
MTR,MTR,2010,3,5
MTR,MTR,2010,3,6
MTR,MTR,2010,3,7
MTR,MTR,2010,3,8
MTR,MTR,2010,3,9
MTR,MTR,2010,3,12
MTR,MTR,2010,3,13
MTR,MTR,2010,3,14
MTR,MTR,2010,3,15
MTR,MTR,2010,3,16
MTR,MTR,2010,3,19
MTR,MTR,2010,3,20
MTR,MTR,2010,3,21
MTR,MTR,2010,3,22
MTR,MTR,2010,3,23
MTR,MTR,2010,3,26
MTR,MTR,2010,3,27
MTR,MTR,2010,3,28
MTR,MTR,2010,3,29
MTR,MTR,2010,3,30
MTR,MTR,2010,4,2
MTR,MTR,2010,4,3
MTR,MTR,2010,4,5
MTR,MTR,2010,4,6
MTR,MTR,2010,4,9
MTR,MTR,2010,4,10
MTR,MTR,2010,4,11
MTR,MTR,2010,4,12
MTR,MTR,2010,4,13
MTR,MTR,2010,4,16
MTR,MTR,2010,4,17
MTR,MTR,2010,4,18
MTR,MTR,2010,4,19
MTR,MTR,2010,4,20
MTR,MTR,2010,4,23
MTR,MTR,2010,4,24
MTR,MTR,2010,4,25
MTR,MTR,2010,4,26
MTR,MTR,2010,4,27
MTR,MTR,2010,4,30
MTR,MTR,2010,5,1
MTR,MTR,2010,5,2
MTR,MTR,2010,5,3
MTR,MTR,2010,5,4
MTR,MTR,2010,5,8
MTR,MTR,2010,5,9
MTR,MTR,2010,5,10
MTR,MTR,2010,5,11
MTR,MTR,2010,5,14
MTR,MTR,2010,5,15
MTR,MTR,2010,5,16
MTR,MTR,2010,5,17
MTR,MTR,2010,5,18
MTR,MTR,2010,5,21
MTR,MTR,2010,5,22
MTR,MTR,2010,5,23
MTR,MTR,2010,5,24
MTR,MTR,2010,5,25
MTR,MTR,2010,5,28
MTR,MTR,2010,5,29
MTR,MTR,2010,5,30
MTR,MTR,2010,5,31
MTR,MTR,2010,6,1
MTR,MTR,2010,6,4
MTR,MTR,2010,6,5
MTR,MTR,2010,6,6
MTR,MTR,2010,6,7
MTR,MTR,2010,6,8
MTR,MTR,2010,6,11
MTR,MTR,2010,6,12
MTR,MTR,2010,6,13
MTR,MTR,2010,6,14
MTR,MTR,2010,6,15
MTR,MTR,2010,6,18
MTR,MTR,2010,6,19
MTR,MTR,2010,6,20
MTR,MTR,2010,6,21
MTR,MTR,2010,6,22
MTR,MTR,2010,6,25
MTR,MTR,2010,6,26
MTR,MTR,2010,6,27
MTR,MTR,2010,6,28
MTR,MTR,2010,6,29
MTR,MTR,2010,7,2
MTR,MTR,2010,7,3
MTR,MTR,2010,7,5
MTR,MTR,2010,7,6
MTR,MTR,2010,7,9
MTR,MTR,2010,7,10
MTR,MTR,2010,7,11
MTR,MTR,2010,7,12
MTR,MTR,2010,7,13
MTR,MTR,2010,7,16
MTR,MTR,2010,7,17
MTR,MTR,2010,7,18
MTR,MTR,2010,7,19
MTR,MTR,2010,7,20
MTR,MTR,2010,7,23
MTR,MTR,2010,7,24
MTR,MTR,2010,7,25
MTR,MTR,2010,7,26
MTR,MTR,2010,7,27
MTR,MTR,2010,7,30
MTR,MTR,2010,7,31
MTR,MTR,2010,8,1
MTR,MTR,2010,8,2
MTR,MTR,2010,8,3
MTR,MTR,2010,8,6
MTR,MTR,2010,8,7
MTR,MTR,2010,8,8
MTR,MTR,2010,8,9
MTR,MTR,2010,8,10
MTR,MTR,2010,8,13
MTR,MTR,2010,8,14
MTR,MTR,2010,8,15
MTR,MTR,2010,8,16
MTR,MTR,2010,8,17
MTR,MTR,2010,8,20
MTR,MTR,2010,8,21
MTR,MTR,2010,8,22
MTR,MTR,2010,8,23
MTR,MTR,2010,8,24
MTR,MTR,2010,8,27
MTR,MTR,2010,8,28
MTR,MTR,2010,8,29
MTR,MTR,2010,8,30
MTR,MTR,2010,8,31
MTR,MTR,2010,9,3
MTR,MTR,2010,9,4
MTR,MTR,2010,9,5
MTR,MTR,2010,9,6
MTR,MTR,2010,9,7
MTR,MTR,2010,9,10
MTR,MTR,2010,9,11
MTR,MTR,2010,9,12
MTR,MTR,2010,9,13
MTR,MTR,2010,9,14
MTR,MTR,2010,9,17
MTR,MTR,2010,9,18
MTR,MTR,2010,9,19
MTR,MTR,2010,9,20
MTR,MTR,2010,9,21
MTR,MTR,2010,9,24
MTR,MTR,2010,9,25
MTR,MTR,2010,9,26
MTR,MTR,2010,9,27
MTR,MTR,2010,9,28
MTR,MTR,2010,10,1
MTR,MTR,2010,10,2
MTR,MTR,2010,10,3
MTR,MTR,2010,10,4
MTR,MTR,2010,10,5
MTR,MTR,2010,10,8
MTR,MTR,2010,10,9
MTR,MTR,2010,10,10
MTR,MTR,2010,10,11
MTR,MTR,2010,10,12
MTR,MTR,2010,10,15
MTR,MTR,2010,10,16
MTR,MTR,2010,10,17
MTR,MTR,2010,10,18
MTR,MTR,2010,10,19
MTR,MTR,2010,10,22
MTR,MTR,2010,10,23
MTR,MTR,2010,10,24
MTR,MTR,2010,10,25
MTR,MTR,2010,10,26
MTR,MTR,2010,10,29
MTR,MTR,2010,10,30
MTR,MTR,2010,10,31
MTR,MTR,2010,11,1
MTR,MTR,2010,11,2
MTR,MTR,2010,11,5
MTR,MTR,2010,11,6
MTR,MTR,2010,11,7
MTR,MTR,2010,11,8
MTR,MTR,2010,11,9
MTR,MTR,2010,11,12
MTR,MTR,2010,11,13
MTR,MTR,2010,11,14
MTR,MTR,2010,11,15
MTR,MTR,2010,11,16
MTR,MTR,2010,11,19
MTR,MTR,2010,11,20
MTR,MTR,2010,11,21
MTR,MTR,2010,11,22
MTR,MTR,2010,11,23
MTR,MTR,2010,11,26
MTR,MTR,2010,11,27
MTR,MTR,2010,11,28
MTR,MTR,2010,11,29
MTR,MTR,2010,12,3
MTR,MTR,2010,12,4
MTR,MTR,2010,12,5
MTR,MTR,2010,12,6
MTR,MTR,2010,12,7
MTR,MTR,2010,12,10
MTR,MTR,2010,12,11
MTR,MTR,2010,12,17
MTR,MTR,2010,12,18
MTR,MTR,2010,12,19
MTR,MTR,2010,12,20
MTR,MTR,2010,12,21
MTR,MTR,2010,12,22
MTR,MTR,2010,12,26
MTR,MTR,2010,12,27
MTR,MTR,2010,12,28
MTR,MTR,2010,12,29
MTR,MTR,2010,12,30
MTR,MTR,2011,3,1
MTR,MTR,2011,3,4
MTR,MTR,2011,3,5
MTR,MTR,2011,3,6
MTR,MTR,2011,3,7
MTR,MTR,2011,3,8
MTR,MTR,2011,3,11
MTR,MTR,2011,3,12
MTR,MTR,2011,3,13
MTR,MTR,2011,3,14
MTR,MTR,2011,3,15
MTR,MTR,2011,3,18
MTR,MTR,2011,3,19
MTR,MTR,2011,3,20
MTR,MTR,2011,3,21
MTR,MTR,2011,3,22
MTR,MTR,2011,3,25
MTR,MTR,2011,3,26
MTR,MTR,2011,3,27
MTR,MTR,2011,3,28
MTR,MTR,2011,3,29
MTR,MTR,2011,4,1
MTR,MTR,2011,4,2
MTR,MTR,2011,4,3
MTR,MTR,2011,4,4
MTR,MTR,2011,4,5
MTR,MTR,2011,4,8
MTR,MTR,2011,4,9
MTR,MTR,2011,4,10
MTR,MTR,2011,4,11
MTR,MTR,2011,4,12
MTR,MTR,2011,4,15
MTR,MTR,2011,4,16
MTR,MTR,2011,4,17
MTR,MTR,2011,4,18
MTR,MTR,2011,4,19
MTR,MTR,2011,4,22
MTR,MTR,2011,4,23
MTR,MTR,2011,4,25
MTR,MTR,2011,4,26
MTR,MTR,2011,4,29
MTR,MTR,2011,4,30
MTR,MTR,2011,5,1
MTR,MTR,2011,5,2
MTR,MTR,2011,5,3
MTR,MTR,2011,5,6
MTR,MTR,2011,5,7
MTR,MTR,2011,5,8
MTR,MTR,2011,5,9
MTR,MTR,2011,5,10
MTR,MTR,2011,5,13
MTR,MTR,2011,5,14
MTR,MTR,2011,5,15
MTR,MTR,2011,5,16
MTR,MTR,2011,5,17
MTR,MTR,2011,5,20
MTR,MTR,2011,5,21
MTR,MTR,2011,5,22
MTR,MTR,2011,5,23
MTR,MTR,2011,5,24
MTR,MTR,2011,5,27
MTR,MTR,2011,5,28
MTR,MTR,2011,5,29
MTR,MTR,2011,5,30
MTR,MTR,2011,5,31
MTR,MTR,2011,6,3
MTR,MTR,2011,6,4
MTR,MTR,2011,6,5
MTR,MTR,2011,6,6
MTR,MTR,2011,6,7
MTR,MTR,2011,6,10
MTR,MTR,2011,6,11
MTR,MTR,2011,6,12
MTR,MTR,2011,6,13
MTR,MTR,2011,6,14
MTR,MTR,2011,6,17
MTR,MTR,2011,6,18
MTR,MTR,2011,6,19
MTR,MTR,2011,6,20
MTR,MTR,2011,6,21
MTR,MTR,2011,6,24
MTR,MTR,2011,6,25
MTR,MTR,2011,6,26
MTR,MTR,2011,6,27
MTR,MTR,2011,6,28
MTR,MTR,2011,7,1
MTR,MTR,2011,7,2
MTR,MTR,2011,7,3
MTR,MTR,2011,7,5
MTR,MTR,2011,7,8
MTR,MTR,2011,7,9
MTR,MTR,2011,7,10
MTR,MTR,2011,7,11
MTR,MTR,2011,7,12
MTR,MTR,2011,7,15
MTR,MTR,2011,7,16
MTR,MTR,2011,7,17
MTR,MTR,2011,7,18
MTR,MTR,2011,7,19
MTR,MTR,2011,7,22
MTR,MTR,2011,7,23
MTR,MTR,2011,7,24
MTR,MTR,2011,7,25
MTR,MTR,2011,7,26
MTR,MTR,2011,7,29
MTR,MTR,2011,7,30
MTR,MTR,2011,7,31
MTR,MTR,2011,8,1
MTR,MTR,2011,8,2
MTR,MTR,2011,8,5
MTR,MTR,2011,8,6
MTR,MTR,2011,8,7
MTR,MTR,2011,8,8
MTR,MTR,2011,8,9
MTR,MTR,2011,8,12
MTR,MTR,2011,8,13
MTR,MTR,2011,8,14
MTR,MTR,2011,8,15
MTR,MTR,2011,8,16
MTR,MTR,2011,8,19
MTR,MTR,2011,8,20
MTR,MTR,2011,8,21
MTR,MTR,2011,8,22
MTR,MTR,2011,8,23
MTR,MTR,2011,8,26
MTR,MTR,2011,8,27
MTR,MTR,2011,8,28
MTR,MTR,2011,8,29
MTR,MTR,2011,8,30
MTR,MTR,2011,9,2
MTR,MTR,2011,9,3
MTR,MTR,2011,9,4
MTR,MTR,2011,9,5
MTR,MTR,2011,9,6
MTR,MTR,2011,9,9
MTR,MTR,2011,9,10
MTR,MTR,2011,9,11
MTR,MTR,2011,9,12
MTR,MTR,2011,9,13
MTR,MTR,2011,9,14
MTR,MTR,2011,9,17
MTR,MTR,2011,9,18
MTR,MTR,2011,9,19
MTR,MTR,2011,9,20
MTR,MTR,2011,9,23
MTR,MTR,2011,9,24
MTR,MTR,2011,9,25
MTR,MTR,2011,9,26
MTR,MTR,2011,9,27
MTR,MTR,2011,9,30
MTR,MTR,2011,10,1
MTR,MTR,2011,10,2
MTR,MTR,2011,10,3
MTR,MTR,2011,10,4
MTR,MTR,2011,10,7
MTR,MTR,2011,10,8
MTR,MTR,2011,10,9
MTR,MTR,2011,10,10
MTR,MTR,2011,10,11
MTR,MTR,2011,10,14
MTR,MTR,2011,10,15
MTR,MTR,2011,10,16
MTR,MTR,2011,10,17
MTR,MTR,2011,10,18
MTR,MTR,2011,10,21
MTR,MTR,2011,10,22
MTR,MTR,2011,10,23
MTR,MTR,2011,10,24
MTR,MTR,2011,10,25
MTR,MTR,2011,10,28
MTR,MTR,2011,10,29
MTR,MTR,2011,10,30
MTR,MTR,2011,10,31
MTR,MTR,2011,11,1
MTR,MTR,2011,11,4
MTR,MTR,2011,11,5
MTR,MTR,2011,11,6
MTR,MTR,2011,11,7
MTR,MTR,2011,11,8
MTR,MTR,2011,11,11
MTR,MTR,2011,11,12
MTR,MTR,2011,11,13
MTR,MTR,2011,11,14
MTR,MTR,2011,11,15
MTR,MTR,2011,11,18
MTR,MTR,2011,11,19
MTR,MTR,2011,11,20
MTR,MTR,2011,11,21
MTR,MTR,2011,11,22
MTR,MTR,2011,11,25
MTR,MTR,2011,11,26
MTR,MTR,2011,11,27
MTR,MTR,2011,11,28
MTR,MTR,2011,11,29
MTR,MTR,2011,12,2
MTR,MTR,2011,12,3
MTR,MTR,2011,12,4
MTR,MTR,2011,12,5
MTR,MTR,2011,12,6
MTR,MTR,2011,12,9
MTR,MTR,2011,12,10
MTR,MTR,2011,12,11
MTR,MTR,2011,12,12
MTR,MTR,2011,12,13
MTR,MTR,2011,12,16
MTR,MTR,2011,12,17
MTR,MTR,2011,12,18
MTR,MTR,2011,12,19
MTR,MTR,2011,12,20
MTR,MTR,2011,12,23
MTR,MTR,2012,3,2
MTR,MTR,2012,3,3
MTR,MTR,2012,3,4
MTR,MTR,2012,3,5
MTR,MTR,2012,3,6
MTR,MTR,2012,3,9
MTR,MTR,2012,3,10
MTR,MTR,2012,3,11
MTR,MTR,2012,3,12
MTR,MTR,2012,3,13
MTR,MTR,2012,3,16
MTR,MTR,2012,3,17
MTR,MTR,2012,3,18
MTR,MTR,2012,3,19
MTR,MTR,2012,3,20
MTR,MTR,2012,3,23
MTR,MTR,2012,3,24
MTR,MTR,2012,3,25
MTR,MTR,2012,3,26
MTR,MTR,2012,3,27
MTR,MTR,2012,3,30
MTR,MTR,2012,3,31
MTR,MTR,2012,4,1
MTR,MTR,2012,4,2
MTR,MTR,2012,4,3
MTR,MTR,2012,4,6
MTR,MTR,2012,4,7
MTR,MTR,2012,4,9
MTR,MTR,2012,4,10
MTR,MTR,2012,4,13
MTR,MTR,2012,4,14
MTR,MTR,2012,4,15
MTR,MTR,2012,4,16
MTR,MTR,2012,4,17
MTR,MTR,2012,4,20
MTR,MTR,2012,4,21
MTR,MTR,2012,4,22
MTR,MTR,2012,4,23
MTR,MTR,2012,4,24
MTR,MTR,2012,4,27
MTR,MTR,2012,4,28
MTR,MTR,2012,4,29
MTR,MTR,2012,4,30
MTR,MTR,2012,5,1
MTR,MTR,2012,5,4
MTR,MTR,2012,5,5
MTR,MTR,2012,5,6
MTR,MTR,2012,5,7
MTR,MTR,2012,5,8
MTR,MTR,2012,5,11
MTR,MTR,2012,5,12
MTR,MTR,2012,5,13
MTR,MTR,2012,5,14
MTR,MTR,2012,5,15
MTR,MTR,2012,5,18
MTR,MTR,2012,5,19
MTR,MTR,2012,5,20
MTR,MTR,2012,5,21
MTR,MTR,2012,5,22
MTR,MTR,2012,5,25
MTR,MTR,2012,5,26
MTR,MTR,2012,5,27
MTR,MTR,2012,5,28
MTR,MTR,2012,5,29
MTR,MTR,2012,6,1
MTR,MTR,2012,6,2
MTR,MTR,2012,6,3
MTR,MTR,2012,6,4
MTR,MTR,2012,6,5
MTR,MTR,2012,6,8
MTR,MTR,2012,6,9
MTR,MTR,2012,6,10
MTR,MTR,2012,6,11
MTR,MTR,2012,6,12
MTR,MTR,2012,6,15
MTR,MTR,2012,6,16
MTR,MTR,2012,6,17
MTR,MTR,2012,6,18
MTR,MTR,2012,6,19
MTR,MTR,2012,6,22
MTR,MTR,2012,6,23
MTR,MTR,2012,6,24
MTR,MTR,2012,6,25
MTR,MTR,2012,6,26
MTR,MTR,2012,6,29
MTR,MTR,2012,6,30
MTR,MTR,2012,7,1
MTR,MTR,2012,7,2
MTR,MTR,2012,7,3
MTR,MTR,2012,7,6
MTR,MTR,2012,7,7
MTR,MTR,2012,7,8
MTR,MTR,2012,7,9
MTR,MTR,2012,7,10
MTR,MTR,2012,7,13
MTR,MTR,2012,7,14
MTR,MTR,2012,7,15
MTR,MTR,2012,7,16
MTR,MTR,2012,7,17
MTR,MTR,2012,7,20
MTR,MTR,2012,7,21
MTR,MTR,2012,7,22
MTR,MTR,2012,7,23
MTR,MTR,2012,7,24
MTR,MTR,2012,7,27
MTR,MTR,2012,7,28
MTR,MTR,2012,7,29
MTR,MTR,2012,7,30
MTR,MTR,2012,7,31
MTR,MTR,2012,8,3
MTR,MTR,2012,8,4
MTR,MTR,2012,8,5
MTR,MTR,2012,8,6
MTR,MTR,2012,8,7
MTR,MTR,2012,8,10
MTR,MTR,2012,8,11
MTR,MTR,2012,8,12
MTR,MTR,2012,8,13
MTR,MTR,2012,8,14
MTR,MTR,2012,8,17
MTR,MTR,2012,8,18
MTR,MTR,2012,8,19
MTR,MTR,2012,8,20
MTR,MTR,2012,8,21
MTR,MTR,2012,8,24
MTR,MTR,2012,8,25
MTR,MTR,2012,8,26
MTR,MTR,2012,8,27
MTR,MTR,2012,8,28
MTR,MTR,2012,8,31
MTR,MTR,2012,9,1
MTR,MTR,2012,9,2
MTR,MTR,2012,9,3
MTR,MTR,2012,9,4
MTR,MTR,2012,9,7
MTR,MTR,2012,9,8
MTR,MTR,2012,9,9
MTR,MTR,2012,9,10
MTR,MTR,2012,9,11
MTR,MTR,2012,9,14
MTR,MTR,2012,9,15
MTR,MTR,2012,9,16
MTR,MTR,2012,9,17
MTR,MTR,2012,9,18
MTR,MTR,2012,9,21
MTR,MTR,2012,9,22
MTR,MTR,2012,9,23
MTR,MTR,2012,9,24
MTR,MTR,2012,9,25
MTR,MTR,2012,9,28
MTR,MTR,2012,9,29
MTR,MTR,2012,9,30
MTR,MTR,2012,10,1
MTR,MTR,2012,10,2
MTR,MTR,2012,10,5
MTR,MTR,2012,10,6
MTR,MTR,2012,10,7
MTR,MTR,2012,10,8
MTR,MTR,2012,10,9
MTR,MTR,2012,10,12
MTR,MTR,2012,10,13
MTR,MTR,2012,10,14
MTR,MTR,2012,10,15
MTR,MTR,2012,10,16
MTR,MTR,2012,10,19
MTR,MTR,2012,10,20
MTR,MTR,2012,10,21
MTR,MTR,2012,10,22
MTR,MTR,2012,10,23
MTR,MTR,2012,10,26
MTR,MTR,2012,10,27
MTR,MTR,2012,10,28
MTR,MTR,2012,10,29
MTR,MTR,2012,10,30
MTR,MTR,2012,11,2
MTR,MTR,2012,11,3
MTR,MTR,2012,11,4
MTR,MTR,2012,11,5
MTR,MTR,2012,11,6
MTR,MTR,2012,11,9
MTR,MTR,2012,11,10
MTR,MTR,2012,11,11
MTR,MTR,2012,11,12
MTR,MTR,2012,11,13
MTR,MTR,2012,11,16
MTR,MTR,2012,11,17
MTR,MTR,2012,11,18
MTR,MTR,2012,11,19
MTR,MTR,2012,11,20
MTR,MTR,2012,11,23
MTR,MTR,2012,11,24
MTR,MTR,2012,11,25
MTR,MTR,2012,11,26
MTR,MTR,2012,11,27
MTR,MTR,2012,11,30
MTR,MTR,2012,12,1
MTR,MTR,2012,12,2
MTR,MTR,2012,12,3
MTR,MTR,2012,12,4
MTR,MTR,2012,12,7
MTR,MTR,2012,12,8
MTR,MTR,2012,12,9
MTR,MTR,2012,12,10
MTR,MTR,2012,12,11
MTR,MTR,2012,12,14
MTR,MTR,2012,12,15
MTR,MTR,2012,12,16
MTR,MTR,2012,12,17
MTR,MTR,2012,12,18
MTR,MTR,2012,12,21
MTR,MTR,2013,3,1
MTR,MTR,2013,3,2
MTR,MTR,2013,3,4
MTR,MTR,2013,3,5
MTR,MTR,2013,3,8
MTR,MTR,2013,3,9
MTR,MTR,2013,3,10
MTR,MTR,2013,3,11
MTR,MTR,2013,3,12
MTR,MTR,2013,3,15
MTR,MTR,2013,3,16
MTR,MTR,2013,3,17
MTR,MTR,2013,3,18
MTR,MTR,2013,3,19
MTR,MTR,2013,3,22
MTR,MTR,2013,3,23
MTR,MTR,2013,3,24
MTR,MTR,2013,3,25
MTR,MTR,2013,3,26
MTR,MTR,2013,3,29
MTR,MTR,2013,3,30
MTR,MTR,2013,4,1
MTR,MTR,2013,4,2
MTR,MTR,2013,4,5
MTR,MTR,2013,4,6
MTR,MTR,2013,4,7
MTR,MTR,2013,4,8
MTR,MTR,2013,4,9
MTR,MTR,2013,4,12
MTR,MTR,2013,4,13
MTR,MTR,2013,4,14
MTR,MTR,2013,4,15
MTR,MTR,2013,4,16
MTR,MTR,2013,4,19
MTR,MTR,2013,4,20
MTR,MTR,2013,4,21
MTR,MTR,2013,4,22
MTR,MTR,2013,4,23
MTR,MTR,2013,4,26
MTR,MTR,2013,4,27
MTR,MTR,2013,4,28
MTR,MTR,2013,4,29
MTR,MTR,2013,4,30
MTR,MTR,2013,5,3
MTR,MTR,2013,5,4
MTR,MTR,2013,5,5
MTR,MTR,2013,5,6
MTR,MTR,2013,5,7
MTR,MTR,2013,5,10
MTR,MTR,2013,5,11
MTR,MTR,2013,5,12
MTR,MTR,2013,5,13
MTR,MTR,2013,5,14
MTR,MTR,2013,5,17
MTR,MTR,2013,5,18
MTR,MTR,2013,5,19
MTR,MTR,2013,5,20
MTR,MTR,2013,5,21
MTR,MTR,2013,5,24
MTR,MTR,2013,5,25
MTR,MTR,2013,5,26
MTR,MTR,2013,5,27
MTR,MTR,2013,5,28
MTR,MTR,2013,5,31
MTR,MTR,2013,6,1
MTR,MTR,2013,6,2
MTR,MTR,2013,6,3
MTR,MTR,2013,6,4
MTR,MTR,2013,6,7
MTR,MTR,2013,6,8
MTR,MTR,2013,6,9
MTR,MTR,2013,6,10
MTR,MTR,2013,6,11
MTR,MTR,2013,6,14
MTR,MTR,2013,6,15
MTR,MTR,2013,6,16
MTR,MTR,2013,6,17
MTR,MTR,2013,6,18
MTR,MTR,2013,6,21
MTR,MTR,2013,6,22
MTR,MTR,2013,6,23
MTR,MTR,2013,6,24
MTR,MTR,2013,6,25
MTR,MTR,2013,6,28
MTR,MTR,2013,6,29
MTR,MTR,2013,6,30
MTR,MTR,2013,7,1
MTR,MTR,2013,7,2
MTR,MTR,2013,7,5
MTR,MTR,2013,7,6
MTR,MTR,2013,7,7
MTR,MTR,2013,7,8
MTR,MTR,2013,7,9
MTR,MTR,2013,7,12
MTR,MTR,2013,7,13
MTR,MTR,2013,7,14
MTR,MTR,2013,7,15
MTR,MTR,2013,7,16
MTR,MTR,2013,7,19
MTR,MTR,2013,7,20
MTR,MTR,2013,7,21
MTR,MTR,2013,7,22
MTR,MTR,2013,7,23
MTR,MTR,2013,7,26
MTR,MTR,2013,7,27
MTR,MTR,2013,7,28
MTR,MTR,2013,7,29
MTR,MTR,2013,7,30
MTR,MTR,2013,8,2
MTR,MTR,2013,8,3
MTR,MTR,2013,8,4
MTR,MTR,2013,8,5
MTR,MTR,2013,8,6
MTR,MTR,2013,8,9
MTR,MTR,2013,8,10
MTR,MTR,2013,8,11
MTR,MTR,2013,8,12
MTR,MTR,2013,8,13
MTR,MTR,2013,8,16
MTR,MTR,2013,8,17
MTR,MTR,2013,8,18
MTR,MTR,2013,8,19
MTR,MTR,2013,8,20
MTR,MTR,2013,8,23
MTR,MTR,2013,8,24
MTR,MTR,2013,8,25
MTR,MTR,2013,8,26
MTR,MTR,2013,8,27
MTR,MTR,2013,8,30
MTR,MTR,2013,8,31
MTR,MTR,2013,9,1
MTR,MTR,2013,9,2
MTR,MTR,2013,9,3
MTR,MTR,2013,9,6
MTR,MTR,2013,9,7
MTR,MTR,2013,9,8
MTR,MTR,2013,9,9
MTR,MTR,2013,9,10
MTR,MTR,2013,9,13
MTR,MTR,2013,9,14
MTR,MTR,2013,9,15
MTR,MTR,2013,9,16
MTR,MTR,2013,9,17
MTR,MTR,2013,9,20
MTR,MTR,2013,9,21
MTR,MTR,2013,9,22
MTR,MTR,2013,9,23
MTR,MTR,2013,9,24
MTR,MTR,2013,9,27
MTR,MTR,2013,9,28
MTR,MTR,2013,9,29
MTR,MTR,2013,9,30
MTR,MTR,2013,10,1
MTR,MTR,2013,10,4
MTR,MTR,2013,10,5
MTR,MTR,2013,10,6
MTR,MTR,2013,10,7
MTR,MTR,2013,10,8
MTR,MTR,2013,10,11
MTR,MTR,2013,10,12
MTR,MTR,2013,10,13
MTR,MTR,2013,10,14
MTR,MTR,2013,10,15
MTR,MTR,2013,10,18
MTR,MTR,2013,10,19
MTR,MTR,2013,10,20
MTR,MTR,2013,10,21
MTR,MTR,2013,10,22
MTR,MTR,2013,10,25
MTR,MTR,2013,10,26
MTR,MTR,2013,10,27
MTR,MTR,2013,10,28
MTR,MTR,2013,10,29
MTR,MTR,2013,11,1
MTR,MTR,2013,11,2
MTR,MTR,2013,11,3
MTR,MTR,2013,11,4
MTR,MTR,2013,11,5
MTR,MTR,2013,11,8
MTR,MTR,2013,11,9
MTR,MTR,2013,11,10
MTR,MTR,2013,11,11
MTR,MTR,2013,11,12
MTR,MTR,2013,11,15
MTR,MTR,2013,11,16
MTR,MTR,2013,11,17
MTR,MTR,2013,11,18
MTR,MTR,2013,11,19
MTR,MTR,2013,11,22
MTR,MTR,2013,11,23
MTR,MTR,2013,11,25
MTR,MTR,2013,11,26
MTR,MTR,2013,11,29
MTR,MTR,2013,11,30
MTR,MTR,2013,12,1
MTR,MTR,2013,12,2
MTR,MTR,2013,12,6
MTR,MTR,2013,12,7
MTR,MTR,2013,12,8
MTR,MTR,2013,12,9
MTR,MTR,2013,12,13
MTR,MTR,2013,12,14
MTR,MTR,2013,12,16
MTR,MTR,2013,12,17
MTR,MTR,2013,12,22
MTR,MTR,2013,12,23
MTR,MTR,2013,12,26
MTR,MTR,2013,12,27
MTR,MTR,2013,12,28
MTR,MTR,2013,12,29
MTR,MTR,2014,3,1
MTR,MTR,2014,3,2
MTR,MTR,2014,3,3
MTR,MTR,2014,3,4
MTR,MTR,2014,3,5
MTR,MTR,2014,3,8
MTR,MTR,2014,3,9
MTR,MTR,2014,3,10
MTR,MTR,2014,3,11
MTR,MTR,2014,3,12
MTR,MTR,2014,3,15
MTR,MTR,2014,3,16
MTR,MTR,2014,3,17
MTR,MTR,2014,3,18
MTR,MTR,2014,3,19
MTR,MTR,2014,3,22
MTR,MTR,2014,3,23
MTR,MTR,2014,3,24
MTR,MTR,2014,3,25
MTR,MTR,2014,3,26
MTR,MTR,2014,3,29
MTR,MTR,2014,3,30
MTR,MTR,2014,3,31
MTR,MTR,2014,4,1
MTR,MTR,2014,4,2
MTR,MTR,2014,4,5
MTR,MTR,2014,4,6
MTR,MTR,2014,4,7
MTR,MTR,2014,4,8
MTR,MTR,2014,4,9
MTR,MTR,2014,4,12
MTR,MTR,2014,4,13
MTR,MTR,2014,4,14
MTR,MTR,2014,4,15
MTR,MTR,2014,4,16
MTR,MTR,2014,4,19
MTR,MTR,2014,4,21
MTR,MTR,2014,4,22
MTR,MTR,2014,4,23
MTR,MTR,2014,4,26
MTR,MTR,2014,4,27
MTR,MTR,2014,4,28
MTR,MTR,2014,4,29
MTR,MTR,2014,4,30
MTR,MTR,2014,5,3
MTR,MTR,2014,5,4
MTR,MTR,2014,5,5
MTR,MTR,2014,5,6
MTR,MTR,2014,5,7
MTR,MTR,2014,5,10
MTR,MTR,2014,5,11
MTR,MTR,2014,5,12
MTR,MTR,2014,5,13
MTR,MTR,2014,5,14
MTR,MTR,2014,5,17
MTR,MTR,2014,5,18
MTR,MTR,2014,5,19
MTR,MTR,2014,5,20
MTR,MTR,2014,5,21
MTR,MTR,2014,5,24
MTR,MTR,2014,5,25
MTR,MTR,2014,5,26
MTR,MTR,2014,5,27
MTR,MTR,2014,5,28
MTR,MTR,2014,5,31
MTR,MTR,2014,6,1
MTR,MTR,2014,6,2
MTR,MTR,2014,6,3
MTR,MTR,2014,6,4
MTR,MTR,2014,6,7
MTR,MTR,2014,6,8
MTR,MTR,2014,6,9
MTR,MTR,2014,6,10
MTR,MTR,2014,6,11
MTR,MTR,2014,6,14
MTR,MTR,2014,6,15
MTR,MTR,2014,6,16
MTR,MTR,2014,6,17
MTR,MTR,2014,6,18
MTR,MTR,2014,6,21
MTR,MTR,2014,6,22
MTR,MTR,2014,6,23
MTR,MTR,2014,6,24
MTR,MTR,2014,6,25
MTR,MTR,2014,6,28
MTR,MTR,2014,6,29
MTR,MTR,2014,6,30
MTR,MTR,2014,7,1
MTR,MTR,2014,7,2
MTR,MTR,2014,7,5
MTR,MTR,2014,7,6
MTR,MTR,2014,7,7
MTR,MTR,2014,7,8
MTR,MTR,2014,7,9
MTR,MTR,2014,7,12
MTR,MTR,2014,7,13
MTR,MTR,2014,7,14
MTR,MTR,2014,7,15
MTR,MTR,2014,7,16
MTR,MTR,2014,7,19
MTR,MTR,2014,7,20
MTR,MTR,2014,7,21
MTR,MTR,2014,7,22
MTR,MTR,2014,7,23
MTR,MTR,2014,7,26
MTR,MTR,2014,7,27
MTR,MTR,2014,7,28
MTR,MTR,2014,7,29
MTR,MTR,2014,7,30
MTR,MTR,2014,8,2
MTR,MTR,2014,8,3
MTR,MTR,2014,8,4
MTR,MTR,2014,8,5
MTR,MTR,2014,8,6
MTR,MTR,2014,8,9
MTR,MTR,2014,8,10
MTR,MTR,2014,8,11
MTR,MTR,2014,8,12
MTR,MTR,2014,8,13
MTR,MTR,2014,8,16
MTR,MTR,2014,8,17
MTR,MTR,2014,8,18
MTR,MTR,2014,8,19
MTR,MTR,2014,8,20
MTR,MTR,2014,8,23
MTR,MTR,2014,8,24
MTR,MTR,2014,8,25
MTR,MTR,2014,8,26
MTR,MTR,2014,8,27
MTR,MTR,2014,8,30
MTR,MTR,2014,8,31
MTR,MTR,2014,9,1
MTR,MTR,2014,9,2
MTR,MTR,2014,9,3
MTR,MTR,2014,9,6
MTR,MTR,2014,9,7
MTR,MTR,2014,9,8
MTR,MTR,2014,9,9
MTR,MTR,2014,9,10
MTR,MTR,2014,9,13
MTR,MTR,2014,9,14
MTR,MTR,2014,9,15
MTR,MTR,2014,9,16
MTR,MTR,2014,9,17
MTR,MTR,2014,9,20
MTR,MTR,2014,9,21
MTR,MTR,2014,9,22
MTR,MTR,2014,9,23
MTR,MTR,2014,9,24
MTR,MTR,2014,9,27
MTR,MTR,2014,9,28
MTR,MTR,2014,9,29
MTR,MTR,2014,9,30
MTR,MTR,2014,10,1
MTR,MTR,2014,10,4
MTR,MTR,2014,10,5
MTR,MTR,2014,10,6
MTR,MTR,2014,10,7
MTR,MTR,2014,10,8
MTR,MTR,2014,10,11
MTR,MTR,2014,10,12
MTR,MTR,2014,10,13
MTR,MTR,2014,10,14
MTR,MTR,2014,10,15
MTR,MTR,2014,10,18
MTR,MTR,2014,10,19
MTR,MTR,2014,10,20
MTR,MTR,2014,10,21
MTR,MTR,2014,10,22
MTR,MTR,2014,10,25
MTR,MTR,2014,10,26
MTR,MTR,2014,10,27
MTR,MTR,2014,10,28
MTR,MTR,2014,10,29
MTR,MTR,2014,11,1
MTR,MTR,2014,11,2
MTR,MTR,2014,11,3
MTR,MTR,2014,11,4
MTR,MTR,2014,11,5
MTR,MTR,2014,11,8
MTR,MTR,2014,11,9
MTR,MTR,2014,11,10
MTR,MTR,2014,11,11
MTR,MTR,2014,11,12
MTR,MTR,2014,11,15
MTR,MTR,2014,11,16
MTR,MTR,2014,11,17
MTR,MTR,2014,11,19
MTR,MTR,2014,11,22
MTR,MTR,2014,11,23
MTR,MTR,2014,11,24
MTR,MTR,2014,11,25
MTR,MTR,2014,11,26
MTR,MTR,2014,11,29
MTR,MTR,2014,11,30
MTR,MTR,2015,3,1
MTR,MTR,2015,3,3
MTR,MTR,2015,3,4
MTR,MTR,2015,3,7
MTR,MTR,2015,3,8
MTR,MTR,2015,3,11
MTR,MTR,2015,3,14
MTR,MTR,2015,3,15
MTR,MTR,2015,3,16
MTR,MTR,2015,3,17
MTR,MTR,2015,3,18
MTR,MTR,2015,3,21
MTR,MTR,2015,3,22
MTR,MTR,2015,3,23
MTR,MTR,2015,3,24
MTR,MTR,2015,3,25
MTR,MTR,2015,3,28
MTR,MTR,2015,3,29
MTR,MTR,2015,3,30
MTR,MTR,2015,3,31
MTR,MTR,2015,4,1
MTR,MTR,2015,4,4
MTR,MTR,2015,4,6
MTR,MTR,2015,4,7
MTR,MTR,2015,4,8
MTR,MTR,2015,4,11
MTR,MTR,2015,4,12
MTR,MTR,2015,4,13
MTR,MTR,2015,4,14
MTR,MTR,2015,4,15
MTR,MTR,2015,4,18
MTR,MTR,2015,4,19
MTR,MTR,2015,4,20
MTR,MTR,2015,4,21
MTR,MTR,2015,4,22
MTR,MTR,2015,4,25
MTR,MTR,2015,4,26
MTR,MTR,2015,4,27
MTR,MTR,2015,4,28
MTR,MTR,2015,4,29
MTR,MTR,2015,5,2
MTR,MTR,2015,5,3
MTR,MTR,2015,5,4
MTR,MTR,2015,5,5
MTR,MTR,2015,5,6
MTR,MTR,2015,5,9
MTR,MTR,2015,5,10
MTR,MTR,2015,5,11
MTR,MTR,2015,5,12
MTR,MTR,2015,5,13
MTR,MTR,2015,5,16
MTR,MTR,2015,5,17
MTR,MTR,2015,5,18
MTR,MTR,2015,5,19
MTR,MTR,2015,5,20
MTR,MTR,2015,5,23
MTR,MTR,2015,5,24
MTR,MTR,2015,5,25
MTR,MTR,2015,5,26
MTR,MTR,2015,5,27
MTR,MTR,2015,5,30
MTR,MTR,2015,5,31
MTR,MTR,2015,6,1
MTR,MTR,2015,6,2
MTR,MTR,2015,6,3
MTR,MTR,2015,6,6
MTR,MTR,2015,6,7
MTR,MTR,2015,6,8
MTR,MTR,2015,6,9
MTR,MTR,2015,6,10
MTR,MTR,2015,6,13
MTR,MTR,2015,6,14
MTR,MTR,2015,6,15
MTR,MTR,2015,6,16
MTR,MTR,2015,6,17
MTR,MTR,2015,6,20
MTR,MTR,2015,6,21
MTR,MTR,2015,6,22
MTR,MTR,2015,6,23
MTR,MTR,2015,6,24
MTR,MTR,2015,6,27
MTR,MTR,2015,6,28
MTR,MTR,2015,6,29
MTR,MTR,2015,6,30
MTR,MTR,2015,7,1
MTR,MTR,2015,7,5
MTR,MTR,2015,7,6
MTR,MTR,2015,7,7
MTR,MTR,2015,7,8
MTR,MTR,2015,7,11
MTR,MTR,2015,7,12
MTR,MTR,2015,7,13
MTR,MTR,2015,7,14
MTR,MTR,2015,7,15
MTR,MTR,2015,7,18
MTR,MTR,2015,7,19
MTR,MTR,2015,7,20
MTR,MTR,2015,7,21
MTR,MTR,2015,7,22
MTR,MTR,2015,7,25
MTR,MTR,2015,7,26
MTR,MTR,2015,7,27
MTR,MTR,2015,7,28
MTR,MTR,2015,7,29
MTR,MTR,2015,8,1
MTR,MTR,2015,8,2
MTR,MTR,2015,8,3
MTR,MTR,2015,8,4
MTR,MTR,2015,8,5
MTR,MTR,2015,8,8
MTR,MTR,2015,8,9
MTR,MTR,2015,8,10
MTR,MTR,2015,8,11
MTR,MTR,2015,8,12
MTR,MTR,2015,8,15
MTR,MTR,2015,8,16
MTR,MTR,2015,8,17
MTR,MTR,2015,8,18
MTR,MTR,2015,8,19
MTR,MTR,2015,8,22
MTR,MTR,2015,8,23
MTR,MTR,2015,8,24
MTR,MTR,2015,8,25
MTR,MTR,2015,8,26
MTR,MTR,2015,8,29
MTR,MTR,2015,8,30
MTR,MTR,2015,8,31
MTR,MTR,2015,9,1
MTR,MTR,2015,9,2
MTR,MTR,2015,9,5
MTR,MTR,2015,9,6
MTR,MTR,2015,9,7
MTR,MTR,2015,9,8
MTR,MTR,2015,9,9
MTR,MTR,2015,9,12
MTR,MTR,2015,9,13
MTR,MTR,2015,9,14
MTR,MTR,2015,9,15
MTR,MTR,2015,9,16
MTR,MTR,2015,9,19
MTR,MTR,2015,9,20
MTR,MTR,2015,9,21
MTR,MTR,2015,9,22
MTR,MTR,2015,9,23
MTR,MTR,2015,9,26
MTR,MTR,2015,9,27
MTR,MTR,2015,9,28
MTR,MTR,2015,9,29
MTR,MTR,2015,9,30
MTR,MTR,2015,10,3
MTR,MTR,2015,10,4
MTR,MTR,2015,10,5
MTR,MTR,2015,10,6
MTR,MTR,2015,10,7
MTR,MTR,2015,10,10
MTR,MTR,2015,10,11
MTR,MTR,2015,10,12
MTR,MTR,2015,10,13
MTR,MTR,2015,10,14
MTR,MTR,2015,10,17
OAK,OAK,2000,4,12
OAK,OAK,2000,4,13
OAK,OAK,2000,4,14
OAK,OAK,2000,4,15
OAK,OAK,2001,2,2
OAK,OAK,2001,2,3
OAK,OAK,2001,2,4
OAK,OAK,2001,2,7
OAK,OAK,2001,2,8
OAK,OAK,2001,2,9
OAK,OAK,2001,2,10
OAK,OAK,2001,2,11
OAK,OAK,2001,2,22
OAK,OAK,2001,2,23
OAK,OAK,2001,2,24
OAK,OAK,2001,2,25
OAK,OAK,2001,2,28
OAK,OAK,2001,3,1
OAK,OAK,2001,3,3
OAK,OAK,2001,3,4
OAK,OAK,2001,3,7
OAK,OAK,2001,3,8
OAK,OAK,2001,3,9
OAK,OAK,2001,3,10
OAK,OAK,2001,3,11
OAK,OAK,2001,3,14
OAK,OAK,2001,3,15
OAK,OAK,2001,3,16
OAK,OAK,2001,3,17
OAK,OAK,2001,3,18
OAK,OAK,2001,3,21
OAK,OAK,2001,3,22
OAK,OAK,2001,3,23
OAK,OAK,2001,3,24
OAK,OAK,2001,3,25
OAK,OAK,2001,3,28
OAK,OAK,2001,3,29
OAK,OAK,2001,4,4
OAK,OAK,2001,4,5
OAK,OAK,2001,4,6
OAK,OAK,2001,4,7
OAK,OAK,2001,4,8
OAK,OAK,2001,4,11
OAK,OAK,2001,4,12
OAK,OAK,2001,4,13
OAK,OAK,2001,4,14
OAK,OAK,2002,1,25
OAK,OAK,2002,1,26
OAK,OAK,2002,1,27
OAK,OAK,2002,2,1
OAK,OAK,2002,2,2
OAK,OAK,2002,2,3
OAK,OAK,2002,2,7
OAK,OAK,2002,2,8
OAK,OAK,2002,2,10
OAK,OAK,2002,2,14
OAK,OAK,2002,2,15
OAK,OAK,2002,2,16
OAK,OAK,2002,2,17
OAK,OAK,2002,2,18
OAK,OAK,2002,2,21
OAK,OAK,2002,2,22
OAK,OAK,2002,2,23
OAK,OAK,2002,2,24
OAK,OAK,2002,2,27
OAK,OAK,2002,2,28
OAK,OAK,2002,3,1
OAK,OAK,2002,3,2
OAK,OAK,2002,3,6
OAK,OAK,2002,3,7
OAK,OAK,2002,3,8
OAK,OAK,2002,3,9
OAK,OAK,2002,3,10
OAK,OAK,2002,3,13
OAK,OAK,2002,3,14
OAK,OAK,2002,3,15
OAK,OAK,2002,3,16
OAK,OAK,2002,3,17
OAK,OAK,2002,3,20
OAK,OAK,2002,3,21
OAK,OAK,2002,3,22
OAK,OAK,2002,3,23
OAK,OAK,2002,3,24
OAK,OAK,2002,3,27
OAK,OAK,2002,3,28
OAK,OAK,2002,3,29
OAK,OAK,2002,3,30
OAK,OAK,2002,4,3
OAK,OAK,2002,4,4
OAK,OAK,2002,4,5
OAK,OAK,2002,4,7
OAK,OAK,2002,4,10
OAK,OAK,2002,4,11
OAK,OAK,2002,4,12
OAK,OAK,2002,4,13
OAK,OAK,2003,1,31
OAK,OAK,2003,2,1
OAK,OAK,2003,2,2
OAK,OAK,2003,2,5
OAK,OAK,2003,2,7
OAK,OAK,2003,2,8
OAK,OAK,2003,2,9
OAK,OAK,2003,2,12
OAK,OAK,2003,2,13
OAK,OAK,2003,2,14
OAK,OAK,2003,2,15
OAK,OAK,2003,2,16
OAK,OAK,2003,2,17
OAK,OAK,2003,2,20
OAK,OAK,2003,2,21
OAK,OAK,2003,2,22
OAK,OAK,2003,2,23
OAK,OAK,2003,3,5
OAK,OAK,2003,3,6
OAK,OAK,2003,3,7
OAK,OAK,2003,3,8
OAK,OAK,2003,3,9
OAK,OAK,2003,3,12
OAK,OAK,2003,3,13
OAK,OAK,2003,3,14
OAK,OAK,2003,3,15
OAK,OAK,2003,3,16
OAK,OAK,2003,3,19
OAK,OAK,2003,3,20
OAK,OAK,2003,3,21
OAK,OAK,2003,3,22
OAK,OAK,2003,3,23
OAK,OAK,2003,3,26
OAK,OAK,2003,3,27
OAK,OAK,2003,3,28
OAK,OAK,2003,3,29
OAK,OAK,2003,3,30
OAK,OAK,2003,4,2
OAK,OAK,2003,4,3
OAK,OAK,2003,4,4
OAK,OAK,2003,4,5
OAK,OAK,2003,4,6
OAK,OAK,2003,4,9
OAK,OAK,2003,4,10
OAK,OAK,2003,4,11
OAK,OAK,2003,4,12
OAK,OAK,2004,1,23
OAK,OAK,2004,1,24
OAK,OAK,2004,1,25
OAK,OAK,2004,1,30
OAK,OAK,2004,1,31
OAK,OAK,2004,2,1
OAK,OAK,2004,2,4
OAK,OAK,2004,2,5
OAK,OAK,2004,2,6
OAK,OAK,2004,2,7
OAK,OAK,2004,2,8
OAK,OAK,2004,2,11
OAK,OAK,2004,2,12
OAK,OAK,2004,2,13
OAK,OAK,2004,2,14
OAK,OAK,2004,2,15
OAK,OAK,2004,2,16
OAK,OAK,2004,2,19
OAK,OAK,2004,2,20
OAK,OAK,2004,2,21
OAK,OAK,2004,2,22
OAK,OAK,2004,2,25
OAK,OAK,2004,2,26
OAK,OAK,2004,2,27
OAK,OAK,2004,2,28
OAK,OAK,2004,2,29
OAK,OAK,2004,3,3
OAK,OAK,2004,3,4
OAK,OAK,2004,3,5
OAK,OAK,2004,3,6
OAK,OAK,2004,3,7
OAK,OAK,2004,3,10
OAK,OAK,2004,3,11
OAK,OAK,2004,3,12
OAK,OAK,2004,3,13
OAK,OAK,2004,3,14
OAK,OAK,2004,3,17
OAK,OAK,2004,3,18
OAK,OAK,2004,3,19
OAK,OAK,2004,3,20
OAK,OAK,2004,3,21
OAK,OAK,2004,3,24
OAK,OAK,2004,3,25
OAK,OAK,2004,3,26
OAK,OAK,2004,3,27
OAK,OAK,2004,3,28
OAK,OAK,2004,3,31
OAK,OAK,2004,4,1
OAK,OAK,2004,4,2
OAK,OAK,2004,4,3
OAK,OAK,2004,4,4
OAK,OAK,2004,4,7
OAK,OAK,2004,4,8
OAK,OAK,2004,4,9
OAK,OAK,2004,4,10
OAK,OAK,2005,1,21
OAK,OAK,2005,1,22
OAK,OAK,2005,1,23
OAK,OAK,2005,1,28
OAK,OAK,2005,1,29
OAK,OAK,2005,1,30
OAK,OAK,2005,2,4
OAK,OAK,2005,2,5
OAK,OAK,2005,2,6
OAK,OAK,2005,2,11
OAK,OAK,2005,2,12
OAK,OAK,2005,2,13
OAK,OAK,2005,2,16
OAK,OAK,2005,2,17
OAK,OAK,2005,2,18
OAK,OAK,2005,2,19
OAK,OAK,2005,2,20
OAK,OAK,2005,2,21
OAK,OAK,2005,2,24
OAK,OAK,2005,2,25
OAK,OAK,2005,2,26
OAK,OAK,2005,2,27
OAK,OAK,2005,3,2
OAK,OAK,2005,3,3
OAK,OAK,2005,3,4
OAK,OAK,2005,3,5
OAK,OAK,2005,3,6
OAK,OAK,2005,3,9
OAK,OAK,2005,3,10
OAK,OAK,2005,3,11
OAK,OAK,2005,3,12
OAK,OAK,2005,3,13
OAK,OAK,2005,3,16
OAK,OAK,2005,3,17
OAK,OAK,2005,3,18
OAK,OAK,2005,3,19
OAK,OAK,2005,3,20
OAK,OAK,2005,3,23
OAK,OAK,2005,3,24
OAK,OAK,2005,3,25
OAK,OAK,2005,3,26
OAK,OAK,2005,3,30
OAK,OAK,2005,3,31
OAK,OAK,2005,4,1
OAK,OAK,2005,4,2
OAK,OAK,2005,4,3
OAK,OAK,2005,4,6
OAK,OAK,2005,4,7
OAK,OAK,2005,4,8
OAK,OAK,2005,4,9
OAK,OAK,2005,4,10
OAK,OAK,2005,4,13
OAK,OAK,2005,4,14
OAK,OAK,2005,4,15
OAK,OAK,2005,4,16
OAK,OAK,2006,1,20
OAK,OAK,2006,1,21
OAK,OAK,2006,1,22
OAK,OAK,2006,1,27
OAK,OAK,2006,1,28
OAK,OAK,2006,1,29
OAK,OAK,2006,2,3
OAK,OAK,2006,2,4
OAK,OAK,2006,2,5
OAK,OAK,2006,2,9
OAK,OAK,2006,2,10
OAK,OAK,2006,2,11
OAK,OAK,2006,2,12
OAK,OAK,2006,2,16
OAK,OAK,2006,2,17
OAK,OAK,2006,2,23
OAK,OAK,2006,2,24
OAK,OAK,2006,2,25
OAK,OAK,2006,2,26
OAK,OAK,2006,3,1
OAK,OAK,2006,3,2
OAK,OAK,2006,3,3
OAK,OAK,2006,3,4
OAK,OAK,2006,3,5
OAK,OAK,2006,3,8
OAK,OAK,2006,3,9
OAK,OAK,2006,3,10
OAK,OAK,2006,3,11
OAK,OAK,2006,3,12
OAK,OAK,2006,3,15
OAK,OAK,2006,3,16
OAK,OAK,2006,3,17
OAK,OAK,2006,3,18
OAK,OAK,2006,3,19
OAK,OAK,2006,3,22
OAK,OAK,2006,3,23
OAK,OAK,2006,3,24
OAK,OAK,2006,3,25
OAK,OAK,2006,3,26
OAK,OAK,2006,3,29
OAK,OAK,2006,3,30
OAK,OAK,2006,3,31
OAK,OAK,2006,4,1
OAK,OAK,2006,4,2
OAK,OAK,2006,4,5
OAK,OAK,2006,4,6
OAK,OAK,2006,4,7
OAK,OAK,2006,4,8
OAK,OAK,2006,4,9
OAK,OAK,2006,4,12
OAK,OAK,2006,4,13
OAK,OAK,2006,4,14
OAK,OAK,2006,4,15
OAK,OAK,2007,1,19
OAK,OAK,2007,1,20
OAK,OAK,2007,1,21
OAK,OAK,2007,1,25
OAK,OAK,2007,1,26
OAK,OAK,2007,1,27
OAK,OAK,2007,1,28
OAK,OAK,2007,2,8
OAK,OAK,2007,2,9
OAK,OAK,2007,2,10
OAK,OAK,2007,2,11
OAK,OAK,2007,2,15
OAK,OAK,2007,2,16
OAK,OAK,2007,2,17
OAK,OAK,2007,2,18
OAK,OAK,2007,2,19
OAK,OAK,2007,2,22
OAK,OAK,2007,2,23
OAK,OAK,2007,2,24
OAK,OAK,2007,2,25
OAK,OAK,2007,3,1
OAK,OAK,2007,3,2
OAK,OAK,2007,3,3
OAK,OAK,2007,3,4
OAK,OAK,2007,3,7
OAK,OAK,2007,3,8
OAK,OAK,2007,3,9
OAK,OAK,2007,3,10
OAK,OAK,2007,3,11
OAK,OAK,2007,3,14
OAK,OAK,2007,3,15
OAK,OAK,2007,3,16
OAK,OAK,2007,3,17
OAK,OAK,2007,3,18
OAK,OAK,2007,3,21
OAK,OAK,2007,3,22
OAK,OAK,2007,3,23
OAK,OAK,2007,3,24
OAK,OAK,2007,3,25
OAK,OAK,2007,3,28
OAK,OAK,2007,3,29
OAK,OAK,2007,3,30
OAK,OAK,2007,3,31
OAK,OAK,2007,4,1
OAK,OAK,2007,4,4
OAK,OAK,2007,4,5
OAK,OAK,2007,4,6
OAK,OAK,2007,4,7
OAK,OAK,2007,4,11
OAK,OAK,2007,4,12
OAK,OAK,2007,4,13
OAK,OAK,2007,4,14
OAK,OAK,2008,1,18
OAK,OAK,2008,1,19
OAK,OAK,2008,1,20
OAK,OAK,2008,1,21
OAK,OAK,2008,1,26
OAK,OAK,2008,1,27
OAK,OAK,2008,1,31
OAK,OAK,2008,2,1
OAK,OAK,2008,2,2
OAK,OAK,2008,2,3
OAK,OAK,2008,2,7
OAK,OAK,2008,2,8
OAK,OAK,2008,2,9
OAK,OAK,2008,2,10
OAK,OAK,2008,2,14
OAK,OAK,2008,2,15
OAK,OAK,2008,2,16
OAK,OAK,2008,2,17
OAK,OAK,2008,2,18
OAK,OAK,2008,2,21
OAK,OAK,2008,2,22
OAK,OAK,2008,2,23
OAK,OAK,2008,2,24
OAK,OAK,2008,2,28
OAK,OAK,2008,2,29
OAK,OAK,2008,3,1
OAK,OAK,2008,3,2
OAK,OAK,2008,3,6
OAK,OAK,2008,3,7
OAK,OAK,2008,3,8
OAK,OAK,2008,3,9
OAK,OAK,2008,3,13
OAK,OAK,2008,3,14
OAK,OAK,2008,3,15
OAK,OAK,2008,3,16
OAK,OAK,2008,3,19
OAK,OAK,2008,3,20
OAK,OAK,2008,3,21
OAK,OAK,2008,3,22
OAK,OAK,2008,3,26
OAK,OAK,2008,3,27
OAK,OAK,2008,3,28
OAK,OAK,2008,3,29
OAK,OAK,2008,3,30
OAK,OAK,2008,4,2
OAK,OAK,2008,4,3
OAK,OAK,2008,4,4
OAK,OAK,2008,4,5
OAK,OAK,2008,4,6
OAK,OAK,2008,4,9
OAK,OAK,2008,4,10
OAK,OAK,2008,4,11
OAK,OAK,2008,4,12
OAK,OAK,2009,1,16
OAK,OAK,2009,1,17
OAK,OAK,2009,1,18
OAK,OAK,2009,1,19
OAK,OAK,2009,1,23
OAK,OAK,2009,1,24
OAK,OAK,2009,1,25
OAK,OAK,2009,1,29
OAK,OAK,2009,1,30
OAK,OAK,2009,1,31
OAK,OAK,2009,2,1
OAK,OAK,2009,2,5
OAK,OAK,2009,2,6
OAK,OAK,2009,2,7
OAK,OAK,2009,2,8
OAK,OAK,2009,2,12
OAK,OAK,2009,2,13
OAK,OAK,2009,2,14
OAK,OAK,2009,2,15
OAK,OAK,2009,2,16
OAK,OAK,2009,2,19
OAK,OAK,2009,2,20
OAK,OAK,2009,2,21
OAK,OAK,2009,2,22
OAK,OAK,2009,2,26
OAK,OAK,2009,2,27
OAK,OAK,2009,2,28
OAK,OAK,2009,3,1
OAK,OAK,2009,3,5
OAK,OAK,2009,3,6
OAK,OAK,2009,3,7
OAK,OAK,2009,3,8
OAK,OAK,2009,3,12
OAK,OAK,2009,3,13
OAK,OAK,2009,3,14
OAK,OAK,2009,3,15
OAK,OAK,2009,3,19
OAK,OAK,2009,3,20
OAK,OAK,2009,3,21
OAK,OAK,2009,3,22
OAK,OAK,2009,3,25
OAK,OAK,2009,3,26
OAK,OAK,2009,3,27
OAK,OAK,2009,3,28
OAK,OAK,2009,3,29
OAK,OAK,2009,4,1
OAK,OAK,2009,4,2
OAK,OAK,2009,4,3
OAK,OAK,2009,4,4
OAK,OAK,2009,4,5
OAK,OAK,2009,4,8
OAK,OAK,2009,4,9
OAK,OAK,2009,4,10
OAK,OAK,2009,4,11
OAK,OAK,2010,1,22
OAK,OAK,2010,1,23
OAK,OAK,2010,1,24
OAK,OAK,2010,1,28
OAK,OAK,2010,2,4
OAK,OAK,2010,2,5
OAK,OAK,2010,2,6
OAK,OAK,2010,2,7
OAK,OAK,2010,2,11
OAK,OAK,2010,2,12
OAK,OAK,2010,2,13
OAK,OAK,2010,2,14
OAK,OAK,2010,2,15
OAK,OAK,2010,2,18
OAK,OAK,2010,2,19
OAK,OAK,2010,2,20
OAK,OAK,2010,2,21
OAK,OAK,2010,2,25
OAK,OAK,2010,2,26
OAK,OAK,2010,2,27
OAK,OAK,2010,2,28
OAK,OAK,2010,3,4
OAK,OAK,2010,3,5
OAK,OAK,2010,3,6
OAK,OAK,2010,3,7
OAK,OAK,2010,3,11
OAK,OAK,2010,3,12
OAK,OAK,2010,3,13
OAK,OAK,2010,3,14
OAK,OAK,2010,3,18
OAK,OAK,2010,3,19
OAK,OAK,2010,3,20
OAK,OAK,2010,3,21
OAK,OAK,2010,3,24
OAK,OAK,2010,3,25
OAK,OAK,2010,3,26
OAK,OAK,2010,3,27
OAK,OAK,2010,3,28
OAK,OAK,2010,3,31
OAK,OAK,2010,4,1
OAK,OAK,2010,4,2
OAK,OAK,2010,4,3
OAK,OAK,2010,4,7
OAK,OAK,2010,4,8
OAK,OAK,2010,4,9
OAK,OAK,2010,4,10
OAK,OAK,2011,1,15
OAK,OAK,2011,1,16
OAK,OAK,2011,1,17
OAK,OAK,2011,1,21
OAK,OAK,2011,1,22
OAK,OAK,2011,1,23
OAK,OAK,2011,1,27
OAK,OAK,2011,1,28
OAK,OAK,2011,1,29
OAK,OAK,2011,1,30
OAK,OAK,2011,2,12
OAK,OAK,2011,2,13
OAK,OAK,2011,2,17
OAK,OAK,2011,2,18
OAK,OAK,2011,2,19
OAK,OAK,2011,2,20
OAK,OAK,2011,2,21
OAK,OAK,2011,2,24
OAK,OAK,2011,2,25
OAK,OAK,2011,2,26
OAK,OAK,2011,2,27
OAK,OAK,2011,3,3
OAK,OAK,2011,3,4
OAK,OAK,2011,3,5
OAK,OAK,2011,3,6
OAK,OAK,2011,3,10
OAK,OAK,2011,3,11
OAK,OAK,2011,3,12
OAK,OAK,2011,3,13
OAK,OAK,2011,3,17
OAK,OAK,2011,3,18
OAK,OAK,2011,3,19
OAK,OAK,2011,3,20
OAK,OAK,2011,3,24
OAK,OAK,2011,3,25
OAK,OAK,2011,3,26
OAK,OAK,2011,3,27
OAK,OAK,2011,3,31
OAK,OAK,2011,4,1
OAK,OAK,2011,4,2
OAK,OAK,2011,4,3
OAK,OAK,2011,4,7
OAK,OAK,2011,4,8
OAK,OAK,2011,4,9
OAK,OAK,2011,4,10
OAK,OAK,2011,4,13
OAK,OAK,2011,4,14
OAK,OAK,2011,4,15
OAK,OAK,2011,4,16
OAK,OAK,2012,1,13
OAK,OAK,2012,1,14
OAK,OAK,2012,1,15
OAK,OAK,2012,1,16
OAK,OAK,2012,1,19
OAK,OAK,2012,1,20
OAK,OAK,2012,1,21
OAK,OAK,2012,1,22
OAK,OAK,2012,1,26
OAK,OAK,2012,1,27
OAK,OAK,2012,1,28
OAK,OAK,2012,1,29
OAK,OAK,2012,2,2
OAK,OAK,2012,2,3
OAK,OAK,2012,2,4
OAK,OAK,2012,2,5
OAK,OAK,2012,2,9
OAK,OAK,2012,2,10
OAK,OAK,2012,2,11
OAK,OAK,2012,2,12
OAK,OAK,2012,2,16
OAK,OAK,2012,2,17
OAK,OAK,2012,2,18
OAK,OAK,2012,2,19
OAK,OAK,2012,2,20
OAK,OAK,2012,2,23
OAK,OAK,2012,2,24
OAK,OAK,2012,2,25
OAK,OAK,2012,2,26
OAK,OAK,2012,3,1
OAK,OAK,2012,3,2
OAK,OAK,2012,3,3
OAK,OAK,2012,3,4
OAK,OAK,2012,3,8
OAK,OAK,2012,3,9
OAK,OAK,2012,3,10
OAK,OAK,2012,3,11
OAK,OAK,2012,3,15
OAK,OAK,2012,3,16
OAK,OAK,2012,3,17
OAK,OAK,2012,3,18
OAK,OAK,2012,3,22
OAK,OAK,2012,3,23
OAK,OAK,2012,3,24
OAK,OAK,2012,3,25
OAK,OAK,2012,3,29
OAK,OAK,2012,3,30
OAK,OAK,2012,3,31
OAK,OAK,2012,4,1
OAK,OAK,2012,4,5
OAK,OAK,2012,4,6
OAK,OAK,2012,4,7
OAK,OAK,2012,4,11
OAK,OAK,2012,4,12
OAK,OAK,2012,4,13
OAK,OAK,2012,4,14
OAK,OAK,2013,1,11
OAK,OAK,2013,1,17
OAK,OAK,2013,1,18
OAK,OAK,2013,1,19
OAK,OAK,2013,1,20
OAK,OAK,2013,1,21
OAK,OAK,2013,1,24
OAK,OAK,2013,1,25
OAK,OAK,2013,1,26
OAK,OAK,2013,1,27
OAK,OAK,2013,1,31
OAK,OAK,2013,2,1
OAK,OAK,2013,2,2
OAK,OAK,2013,2,3
OAK,OAK,2013,2,7
OAK,OAK,2013,2,8
OAK,OAK,2013,2,9
OAK,OAK,2013,2,10
OAK,OAK,2013,2,14
OAK,OAK,2013,2,15
OAK,OAK,2013,2,16
OAK,OAK,2013,2,17
OAK,OAK,2013,2,18
OAK,OAK,2013,2,21
OAK,OAK,2013,2,22
OAK,OAK,2013,2,23
OAK,OAK,2013,2,24
OAK,OAK,2013,2,28
OAK,OAK,2013,3,1
OAK,OAK,2013,3,2
OAK,OAK,2013,3,3
OAK,OAK,2013,3,7
OAK,OAK,2013,3,8
OAK,OAK,2013,3,9
OAK,OAK,2013,3,10
OAK,OAK,2013,3,14
OAK,OAK,2013,3,15
OAK,OAK,2013,3,16
OAK,OAK,2013,3,17
OAK,OAK,2013,3,21
OAK,OAK,2013,3,22
OAK,OAK,2013,3,23
OAK,OAK,2013,3,24
OAK,OAK,2013,3,28
OAK,OAK,2013,3,29
OAK,OAK,2013,3,30
OAK,OAK,2013,4,4
OAK,OAK,2013,4,5
OAK,OAK,2013,4,6
OAK,OAK,2013,4,7
OAK,OAK,2013,4,10
OAK,OAK,2013,4,11
OAK,OAK,2013,4,12
OAK,OAK,2013,4,13
OAK,OAK,2014,1,10
OAK,OAK,2014,1,11
OAK,OAK,2014,1,12
OAK,OAK,2014,1,16
OAK,OAK,2014,1,17
OAK,OAK,2014,1,18
OAK,OAK,2014,1,19
OAK,OAK,2014,1,20
OAK,OAK,2014,1,23
OAK,OAK,2014,1,24
OAK,OAK,2014,1,25
OAK,OAK,2014,1,26
OAK,OAK,2014,1,30
OAK,OAK,2014,1,31
OAK,OAK,2014,2,1
OAK,OAK,2014,2,2
OAK,OAK,2014,2,13
OAK,OAK,2014,2,14
OAK,OAK,2014,2,15
OAK,OAK,2014,2,16
OAK,OAK,2014,2,17
OAK,OAK,2014,2,20
OAK,OAK,2014,2,21
OAK,OAK,2014,2,22
OAK,OAK,2014,2,23
OAK,OAK,2014,2,27
OAK,OAK,2014,2,28
OAK,OAK,2014,3,1
OAK,OAK,2014,3,2
OAK,OAK,2014,3,6
OAK,OAK,2014,3,7
OAK,OAK,2014,3,8
OAK,OAK,2014,3,9
OAK,OAK,2014,3,13
OAK,OAK,2014,3,14
OAK,OAK,2014,3,15
OAK,OAK,2014,3,16
OAK,OAK,2014,3,20
OAK,OAK,2014,3,21
OAK,OAK,2014,3,22
OAK,OAK,2014,3,23
OAK,OAK,2014,3,27
OAK,OAK,2014,3,28
OAK,OAK,2014,3,29
OAK,OAK,2014,3,30
OAK,OAK,2014,4,3
OAK,OAK,2014,4,4
OAK,OAK,2014,4,5
OAK,OAK,2014,4,6
OAK,OAK,2014,4,9
OAK,OAK,2014,4,10
OAK,OAK,2014,4,11
OAK,OAK,2014,4,12
OAK,OAK,2015,1,15
OAK,OAK,2015,1,16
OAK,OAK,2015,1,17
OAK,OAK,2015,1,18
OAK,OAK,2015,1,19
OAK,OAK,2015,1,22
OAK,OAK,2015,1,23
OAK,OAK,2015,1,24
OAK,OAK,2015,1,25
OAK,OAK,2015,1,29
OAK,OAK,2015,1,30
OAK,OAK,2015,1,31
OAK,OAK,2015,2,1
OAK,OAK,2015,2,5
OAK,OAK,2015,2,6
OAK,OAK,2015,2,7
OAK,OAK,2015,2,8
OAK,OAK,2015,2,12
OAK,OAK,2015,2,13
OAK,OAK,2015,2,14
OAK,OAK,2015,2,15
OAK,OAK,2015,2,19
OAK,OAK,2015,2,20
OAK,OAK,2015,2,21
OAK,OAK,2015,2,22
OAK,OAK,2015,2,26
OAK,OAK,2015,3,1
OAK,OAK,2015,3,6
OAK,OAK,2015,3,7
OAK,OAK,2015,3,8
OAK,OAK,2015,3,12
OAK,OAK,2015,3,13
OAK,OAK,2015,3,14
OAK,OAK,2015,3,15
OAK,OAK,2015,3,18
OAK,OAK,2015,3,19
OAK,OAK,2015,3,20
OAK,OAK,2015,3,21
OAK,OAK,2015,3,22
OAK,OAK,2015,3,25
OAK,OAK,2015,3,26
OAK,OAK,2015,3,27
OAK,OAK,2015,3,28
OAK,OAK,2015,3,29
OAK,OAK,2015,4,1
OAK,OAK,2015,4,2
OAK,OAK,2015,4,3
OAK,OAK,2015,4,4
OAK,OAK,2015,4,8
OAK,OAK,2015,4,9
OAK,OAK,2015,4,10
OAK,OAK,2015,4,11
PAR,PAR,1998,10,3
PAR,PAR,1998,10,4
PAR,PAR,1998,10,5
PAR,PAR,1998,10,6
PAR,PAR,1998,10,9
PAR,PAR,1998,10,10
PAR,PAR,1998,10,11
PAR,PAR,1998,10,12
PAR,PAR,1998,10,13
PAR,PAR,1998,10,16
PAR,PAR,1998,10,17
PAR,PAR,1998,10,18
PAR,PAR,1998,10,19
PAR,PAR,1998,10,20
PAR,PAR,1998,10,23
PAR,PAR,1998,10,24
PAR,PAR,1998,10,25
PAR,PAR,1998,10,26
PAR,PAR,1998,10,27
PAR,PAR,1998,10,30
PAR,PAR,1998,10,31
PAR,PAR,1998,11,1
PAR,PAR,1998,11,2
PAR,PAR,1998,11,3
PAR,PAR,1998,11,6
PAR,PAR,1998,11,7
PAR,PAR,1998,11,8
PAR,PAR,1998,11,9
PAR,PAR,1998,11,10
PAR,PAR,1998,11,11
PAR,PAR,1998,11,13
PAR,PAR,1998,11,14
PAR,PAR,1998,11,15
PAR,PAR,1998,11,16
PAR,PAR,1998,11,17
PAR,PAR,1998,11,20
PAR,PAR,1998,11,21
PAR,PAR,1998,11,22
PAR,PAR,1998,11,23
PAR,PAR,1998,11,24
PAR,PAR,1998,11,27
PAR,PAR,1998,11,28
PAR,PAR,1998,11,29
PAR,PAR,1998,11,30
PAR,PAR,1998,12,1
PAR,PAR,1998,12,4
PAR,PAR,1998,12,5
PAR,PAR,1998,12,6
PAR,PAR,1998,12,7
PAR,PAR,1998,12,8
PAR,PAR,1998,12,11
PAR,PAR,1998,12,12
PAR,PAR,1998,12,13
PAR,PAR,1998,12,14
PAR,PAR,1998,12,15
PAR,PAR,1998,12,18
PAR,PAR,1998,12,19
PAR,PAR,1998,12,20
PAR,PAR,1998,12,21
PAR,PAR,1998,12,27
PAR,PAR,1998,12,28
PAR,PAR,1998,12,29
PAR,PAR,1999,4,12
PAR,PAR,1999,4,13
PAR,PAR,1999,4,16
PAR,PAR,1999,4,17
PAR,PAR,1999,4,18
PAR,PAR,1999,4,19
PAR,PAR,1999,4,21
PAR,PAR,1999,4,22
PAR,PAR,1999,4,23
PAR,PAR,1999,4,24
PAR,PAR,1999,4,25
PAR,PAR,1999,4,30
PAR,PAR,1999,5,1
PAR,PAR,1999,5,2
PAR,PAR,1999,10,2
PAR,PAR,1999,10,3
PAR,PAR,1999,10,4
PAR,PAR,1999,10,8
PAR,PAR,1999,10,9
PAR,PAR,1999,10,10
PAR,PAR,1999,10,11
PAR,PAR,1999,10,12
PAR,PAR,1999,10,15
PAR,PAR,1999,10,16
PAR,PAR,1999,10,18
PAR,PAR,1999,10,19
PAR,PAR,1999,10,22
PAR,PAR,1999,10,23
PAR,PAR,1999,10,24
PAR,PAR,1999,10,25
PAR,PAR,1999,10,26
PAR,PAR,1999,10,29
PAR,PAR,1999,10,30
PAR,PAR,1999,10,31
PAR,PAR,1999,11,1
PAR,PAR,1999,11,2
PAR,PAR,1999,11,3
PAR,PAR,1999,11,5
PAR,PAR,1999,11,6
PAR,PAR,1999,11,7
PAR,PAR,1999,11,8
PAR,PAR,1999,11,11
PAR,PAR,1999,11,12
PAR,PAR,1999,11,13
PAR,PAR,1999,11,14
PAR,PAR,1999,11,15
PAR,PAR,1999,11,16
PAR,PAR,1999,11,19
PAR,PAR,1999,11,23
PAR,PAR,1999,11,26
PAR,PAR,1999,11,27
PAR,PAR,1999,11,28
PAR,PAR,1999,11,29
PAR,PAR,1999,11,30
PAR,PAR,1999,12,4
PAR,PAR,1999,12,5
PAR,PAR,1999,12,7
PAR,PAR,1999,12,10
PAR,PAR,1999,12,12
PAR,PAR,1999,12,13
PAR,PAR,1999,12,14
PAR,PAR,1999,12,19
PAR,PAR,1999,12,22
PAR,PAR,1999,12,26
PAR,PAR,1999,12,27
PAR,PAR,1999,12,28
PAR,PAR,2000,4,10
PAR,PAR,2000,4,11
PAR,PAR,2000,4,14
PAR,PAR,2000,4,15
PAR,PAR,2000,4,16
PAR,PAR,2000,4,17
PAR,PAR,2000,4,18
PAR,PAR,2000,4,19
PAR,PAR,2000,4,21
PAR,PAR,2000,4,22
PAR,PAR,2000,4,25
PAR,PAR,2000,4,26
PAR,PAR,2000,4,27
PAR,PAR,2000,4,28
PAR,PAR,2000,4,29
PAR,PAR,2000,4,30
PAR,PAR,2000,5,1
PAR,PAR,2000,5,2
PAR,PAR,2000,5,5
PAR,PAR,2000,5,6
PAR,PAR,2000,5,7
PAR,PAR,2000,10,2
PAR,PAR,2000,10,3
PAR,PAR,2000,10,7
PAR,PAR,2000,10,8
PAR,PAR,2000,10,9
PAR,PAR,2000,10,10
PAR,PAR,2000,10,13
PAR,PAR,2000,10,14
PAR,PAR,2000,10,15
PAR,PAR,2000,10,16
PAR,PAR,2000,10,17
PAR,PAR,2000,10,20
PAR,PAR,2000,10,21
PAR,PAR,2000,10,22
PAR,PAR,2000,10,23
PAR,PAR,2000,10,24
PAR,PAR,2000,10,27
PAR,PAR,2000,10,28
PAR,PAR,2000,10,30
PAR,PAR,2000,10,31
PAR,PAR,2000,11,3
PAR,PAR,2000,11,4
PAR,PAR,2000,11,5
PAR,PAR,2000,11,6
PAR,PAR,2000,11,7
PAR,PAR,2000,11,10
PAR,PAR,2000,11,11
PAR,PAR,2000,11,12
PAR,PAR,2000,11,13
PAR,PAR,2000,11,14
PAR,PAR,2000,11,17
PAR,PAR,2000,11,18
PAR,PAR,2000,11,19
PAR,PAR,2000,11,20
PAR,PAR,2000,11,21
PAR,PAR,2000,11,24
PAR,PAR,2000,11,25
PAR,PAR,2000,11,26
PAR,PAR,2000,12,1
PAR,PAR,2000,12,2
PAR,PAR,2000,12,3
PAR,PAR,2000,12,4
PAR,PAR,2000,12,5
PAR,PAR,2000,12,8
PAR,PAR,2000,12,9
PAR,PAR,2000,12,10
PAR,PAR,2000,12,11
PAR,PAR,2000,12,12
PAR,PAR,2000,12,15
PAR,PAR,2000,12,16
PAR,PAR,2000,12,22
PAR,PAR,2000,12,23
PAR,PAR,2000,12,26
PAR,PAR,2000,12,27
PAR,PAR,2000,12,29
PAR,PAR,2000,12,30
PAR,PAR,2000,12,31
PAR,PAR,2001,1,1
PAR,PAR,2001,1,2
PAR,PAR,2001,1,5
PAR,PAR,2001,1,6
PAR,PAR,2001,1,7
PAR,PAR,2001,1,8
PAR,PAR,2001,1,12
PAR,PAR,2001,1,13
PAR,PAR,2001,1,14
PAR,PAR,2001,1,15
PAR,PAR,2001,1,16
PAR,PAR,2001,1,17
PAR,PAR,2001,1,19
PAR,PAR,2001,1,20
PAR,PAR,2001,1,21
PAR,PAR,2001,1,23
PAR,PAR,2001,1,26
PAR,PAR,2001,2,2
PAR,PAR,2001,2,3
PAR,PAR,2001,2,4
PAR,PAR,2001,2,5
PAR,PAR,2001,2,6
PAR,PAR,2001,2,9
PAR,PAR,2001,2,10
PAR,PAR,2001,2,11
PAR,PAR,2001,2,12
PAR,PAR,2001,2,20
PAR,PAR,2001,2,23
PAR,PAR,2001,2,24
PAR,PAR,2001,2,25
PAR,PAR,2001,2,26
PAR,PAR,2001,2,27
PAR,PAR,2001,3,2
PAR,PAR,2001,3,3
PAR,PAR,2001,3,4
PAR,PAR,2001,3,5
PAR,PAR,2001,3,6
PAR,PAR,2001,3,9
PAR,PAR,2001,3,10
PAR,PAR,2001,3,11
PAR,PAR,2001,3,12
PAR,PAR,2001,3,13
PAR,PAR,2001,3,16
PAR,PAR,2001,3,17
PAR,PAR,2001,3,18
PAR,PAR,2001,3,19
PAR,PAR,2001,3,20
PAR,PAR,2001,3,23
PAR,PAR,2001,3,24
PAR,PAR,2001,3,25
PAR,PAR,2001,3,26
PAR,PAR,2001,3,27
PAR,PAR,2001,4,2
PAR,PAR,2001,4,3
PAR,PAR,2001,4,6
PAR,PAR,2001,4,7
PAR,PAR,2001,4,8
PAR,PAR,2001,4,9
PAR,PAR,2001,4,10
PAR,PAR,2001,4,13
PAR,PAR,2001,4,14
PAR,PAR,2001,4,16
PAR,PAR,2001,4,17
PAR,PAR,2001,4,18
PAR,PAR,2001,4,19
PAR,PAR,2001,4,20
PAR,PAR,2001,4,21
PAR,PAR,2001,4,22
PAR,PAR,2001,4,29
PAR,PAR,2001,4,30
PAR,PAR,2001,5,1
PAR,PAR,2001,5,5
PAR,PAR,2001,5,6
PAR,PAR,2001,5,8
PAR,PAR,2001,5,11
PAR,PAR,2001,5,12
PAR,PAR,2001,5,14
PAR,PAR,2001,5,15
PAR,PAR,2001,5,18
PAR,PAR,2001,5,19
PAR,PAR,2001,5,22
PAR,PAR,2001,9,28
PAR,PAR,2001,9,29
PAR,PAR,2001,9,30
PAR,PAR,2001,10,1
PAR,PAR,2001,10,2
PAR,PAR,2001,10,5
PAR,PAR,2001,10,6
PAR,PAR,2001,10,7
PAR,PAR,2001,10,8
PAR,PAR,2001,10,9
PAR,PAR,2001,10,12
PAR,PAR,2001,10,13
PAR,PAR,2001,10,14
PAR,PAR,2001,10,15
PAR,PAR,2001,10,16
PAR,PAR,2001,10,19
PAR,PAR,2001,10,21
PAR,PAR,2001,10,22
PAR,PAR,2001,10,27
PAR,PAR,2001,10,28
PAR,PAR,2001,10,29
PAR,PAR,2001,10,30
PAR,PAR,2001,11,3
PAR,PAR,2001,11,4
PAR,PAR,2001,11,5
PAR,PAR,2001,11,6
PAR,PAR,2001,11,9
PAR,PAR,2001,11,10
PAR,PAR,2001,11,11
PAR,PAR,2001,11,12
PAR,PAR,2001,11,13
PAR,PAR,2001,11,16
PAR,PAR,2001,11,17
PAR,PAR,2001,11,19
PAR,PAR,2001,11,20
PAR,PAR,2001,11,24
PAR,PAR,2001,11,25
PAR,PAR,2001,11,26
PAR,PAR,2001,11,27
PAR,PAR,2001,11,30
PAR,PAR,2001,12,1
PAR,PAR,2001,12,2
PAR,PAR,2001,12,3
PAR,PAR,2001,12,4
PAR,PAR,2001,12,7
PAR,PAR,2001,12,9
PAR,PAR,2001,12,11
PAR,PAR,2001,12,15
PAR,PAR,2001,12,16
PAR,PAR,2001,12,18
PAR,PAR,2001,12,19
PAR,PAR,2001,12,20
PAR,PAR,2001,12,21
PAR,PAR,2001,12,23
PAR,PAR,2001,12,27
PAR,PAR,2001,12,29
PAR,PAR,2001,12,31
PAR,PAR,2002,1,1
PAR,PAR,2002,1,3
PAR,PAR,2002,1,5
PAR,PAR,2002,1,6
PAR,PAR,2002,1,8
PAR,PAR,2002,1,9
PAR,PAR,2002,1,12
PAR,PAR,2002,1,13
PAR,PAR,2002,1,14
PAR,PAR,2002,1,15
PAR,PAR,2002,1,16
PAR,PAR,2002,1,18
PAR,PAR,2002,1,19
PAR,PAR,2002,1,20
PAR,PAR,2002,1,21
PAR,PAR,2002,1,22
PAR,PAR,2002,1,23
PAR,PAR,2002,1,25
PAR,PAR,2002,1,26
PAR,PAR,2002,1,27
PAR,PAR,2002,1,28
PAR,PAR,2002,1,29
PAR,PAR,2002,1,30
PAR,PAR,2002,2,1
PAR,PAR,2002,2,2
PAR,PAR,2002,2,3
PAR,PAR,2002,2,4
PAR,PAR,2002,2,5
PAR,PAR,2002,2,8
PAR,PAR,2002,2,9
PAR,PAR,2002,2,10
PAR,PAR,2002,2,11
PAR,PAR,2002,2,12
PAR,PAR,2002,2,15
PAR,PAR,2002,2,16
PAR,PAR,2002,2,17
PAR,PAR,2002,2,18
PAR,PAR,2002,2,19
PAR,PAR,2002,2,20
PAR,PAR,2002,2,22
PAR,PAR,2002,2,23
PAR,PAR,2002,2,24
PAR,PAR,2002,2,25
PAR,PAR,2002,2,26
PAR,PAR,2002,3,1
PAR,PAR,2002,3,2
PAR,PAR,2002,3,3
PAR,PAR,2002,3,4
PAR,PAR,2002,3,5
PAR,PAR,2002,3,8
PAR,PAR,2002,3,9
PAR,PAR,2002,3,10
PAR,PAR,2002,3,11
PAR,PAR,2002,3,12
PAR,PAR,2002,3,15
PAR,PAR,2002,3,16
PAR,PAR,2002,3,17
PAR,PAR,2002,3,18
PAR,PAR,2002,3,19
PAR,PAR,2002,3,22
PAR,PAR,2002,3,23
PAR,PAR,2002,3,24
PAR,PAR,2002,3,25
PAR,PAR,2002,3,26
PAR,PAR,2002,3,29
PAR,PAR,2002,3,30
PAR,PAR,2002,4,1
PAR,PAR,2002,4,2
PAR,PAR,2002,4,5
PAR,PAR,2002,4,7
PAR,PAR,2002,4,8
PAR,PAR,2002,4,9
PAR,PAR,2002,4,12
PAR,PAR,2002,4,13
PAR,PAR,2002,4,14
PAR,PAR,2002,4,15
PAR,PAR,2002,4,16
PAR,PAR,2002,4,19
PAR,PAR,2002,4,21
PAR,PAR,2002,4,22
PAR,PAR,2002,4,26
PAR,PAR,2002,4,28
PAR,PAR,2002,5,17
PAR,PAR,2002,5,18
PAR,PAR,2002,9,27
PAR,PAR,2002,9,28
PAR,PAR,2002,9,29
PAR,PAR,2002,9,30
PAR,PAR,2002,10,1
PAR,PAR,2002,10,4
PAR,PAR,2002,10,5
PAR,PAR,2002,10,6
PAR,PAR,2002,10,7
PAR,PAR,2002,10,8
PAR,PAR,2002,10,11
PAR,PAR,2002,10,12
PAR,PAR,2002,10,13
PAR,PAR,2002,10,14
PAR,PAR,2002,10,15
PAR,PAR,2002,10,16
PAR,PAR,2002,10,18
PAR,PAR,2002,10,19
PAR,PAR,2002,10,20
PAR,PAR,2002,10,21
PAR,PAR,2002,10,22
PAR,PAR,2002,10,25
PAR,PAR,2002,10,26
PAR,PAR,2002,10,27
PAR,PAR,2002,10,28
PAR,PAR,2002,10,29
PAR,PAR,2002,11,1
PAR,PAR,2002,11,2
PAR,PAR,2002,11,3
PAR,PAR,2002,11,4
PAR,PAR,2002,11,5
PAR,PAR,2002,11,6
PAR,PAR,2002,11,8
PAR,PAR,2002,11,9
PAR,PAR,2002,11,10
PAR,PAR,2002,11,11
PAR,PAR,2002,11,12
PAR,PAR,2002,11,13
PAR,PAR,2002,11,15
PAR,PAR,2002,11,16
PAR,PAR,2002,11,17
PAR,PAR,2002,11,18
PAR,PAR,2002,11,19
PAR,PAR,2002,11,22
PAR,PAR,2002,11,23
PAR,PAR,2002,11,24
PAR,PAR,2002,11,25
PAR,PAR,2002,11,26
PAR,PAR,2002,11,29
PAR,PAR,2002,11,30
PAR,PAR,2002,12,1
PAR,PAR,2002,12,2
PAR,PAR,2002,12,3
PAR,PAR,2002,12,6
PAR,PAR,2002,12,7
PAR,PAR,2002,12,8
PAR,PAR,2002,12,9
PAR,PAR,2002,12,10
PAR,PAR,2002,12,13
PAR,PAR,2002,12,14
PAR,PAR,2002,12,15
PAR,PAR,2002,12,16
PAR,PAR,2002,12,17
PAR,PAR,2002,12,20
PAR,PAR,2002,12,21
PAR,PAR,2002,12,22
PAR,PAR,2002,12,23
PAR,PAR,2002,12,24
PAR,PAR,2002,12,27
PAR,PAR,2002,12,28
PAR,PAR,2002,12,29
PAR,PAR,2002,12,30
PAR,PAR,2002,12,31
PAR,PAR,2003,1,3
PAR,PAR,2003,1,4
PAR,PAR,2003,1,5
PAR,PAR,2003,1,6
PAR,PAR,2003,1,7
PAR,PAR,2003,1,10
PAR,PAR,2003,1,11
PAR,PAR,2003,1,12
PAR,PAR,2003,1,13
PAR,PAR,2003,1,14
PAR,PAR,2003,1,17
PAR,PAR,2003,1,18
PAR,PAR,2003,1,19
PAR,PAR,2003,1,20
PAR,PAR,2003,1,21
PAR,PAR,2003,1,22
PAR,PAR,2003,1,24
PAR,PAR,2003,1,25
PAR,PAR,2003,1,27
PAR,PAR,2003,1,28
PAR,PAR,2003,1,31
PAR,PAR,2003,2,1
PAR,PAR,2003,2,2
PAR,PAR,2003,2,3
PAR,PAR,2003,2,4
PAR,PAR,2003,2,7
PAR,PAR,2003,2,8
PAR,PAR,2003,2,9
PAR,PAR,2003,2,10
PAR,PAR,2003,2,11
PAR,PAR,2003,2,14
PAR,PAR,2003,2,15
PAR,PAR,2003,2,16
PAR,PAR,2003,2,17
PAR,PAR,2003,2,18
PAR,PAR,2003,2,19
PAR,PAR,2003,2,21
PAR,PAR,2003,2,22
PAR,PAR,2003,2,23
PAR,PAR,2003,2,24
PAR,PAR,2003,2,25
PAR,PAR,2003,3,4
PAR,PAR,2003,3,7
PAR,PAR,2003,3,8
PAR,PAR,2003,3,9
PAR,PAR,2003,3,10
PAR,PAR,2003,3,11
PAR,PAR,2003,3,14
PAR,PAR,2003,3,15
PAR,PAR,2003,3,16
PAR,PAR,2003,3,18
PAR,PAR,2003,3,21
PAR,PAR,2003,3,22
PAR,PAR,2003,3,23
PAR,PAR,2003,3,24
PAR,PAR,2003,3,25
PAR,PAR,2003,3,28
PAR,PAR,2003,3,29
PAR,PAR,2003,3,30
PAR,PAR,2003,3,31
PAR,PAR,2003,4,1
PAR,PAR,2003,4,4
PAR,PAR,2003,4,5
PAR,PAR,2003,4,6
PAR,PAR,2003,4,7
PAR,PAR,2003,4,8
PAR,PAR,2003,4,11
PAR,PAR,2003,4,12
PAR,PAR,2003,4,13
PAR,PAR,2003,4,14
PAR,PAR,2003,4,15
PAR,PAR,2003,4,18
PAR,PAR,2003,4,19
PAR,PAR,2003,4,21
PAR,PAR,2003,4,22
PAR,PAR,2003,4,25
PAR,PAR,2003,4,26
PAR,PAR,2003,4,27
PAR,PAR,2003,4,28
PAR,PAR,2003,4,29
PAR,PAR,2003,5,2
PAR,PAR,2003,5,3
PAR,PAR,2003,5,4
PAR,PAR,2003,5,5
PAR,PAR,2003,5,6
PAR,PAR,2003,5,9
PAR,PAR,2003,5,10
PAR,PAR,2003,5,11
PAR,PAR,2003,5,16
PAR,PAR,2003,5,17
PAR,PAR,2003,5,18
PAR,PAR,2003,9,26
PAR,PAR,2003,9,27
PAR,PAR,2003,9,28
PAR,PAR,2003,9,29
PAR,PAR,2003,9,30
PAR,PAR,2003,10,3
PAR,PAR,2003,10,4
PAR,PAR,2003,10,5
PAR,PAR,2003,10,6
PAR,PAR,2003,10,7
PAR,PAR,2003,10,10
PAR,PAR,2003,10,11
PAR,PAR,2003,10,12
PAR,PAR,2003,10,13
PAR,PAR,2003,10,14
PAR,PAR,2003,10,15
PAR,PAR,2003,10,17
PAR,PAR,2003,10,18
PAR,PAR,2003,10,19
PAR,PAR,2003,10,20
PAR,PAR,2003,10,21
PAR,PAR,2003,10,24
PAR,PAR,2003,10,25
PAR,PAR,2003,10,26
PAR,PAR,2003,10,27
PAR,PAR,2003,10,28
PAR,PAR,2003,10,31
PAR,PAR,2003,11,1
PAR,PAR,2003,11,2
PAR,PAR,2003,11,3
PAR,PAR,2003,11,4
PAR,PAR,2003,11,5
PAR,PAR,2003,11,7
PAR,PAR,2003,11,8
PAR,PAR,2003,11,9
PAR,PAR,2003,11,10
PAR,PAR,2003,11,11
PAR,PAR,2003,11,12
PAR,PAR,2003,11,14
PAR,PAR,2003,11,15
PAR,PAR,2003,11,16
PAR,PAR,2003,11,17
PAR,PAR,2003,11,18
PAR,PAR,2003,11,21
PAR,PAR,2003,11,22
PAR,PAR,2003,11,23
PAR,PAR,2003,11,24
PAR,PAR,2003,11,25
PAR,PAR,2003,11,28
PAR,PAR,2003,11,29
PAR,PAR,2003,11,30
PAR,PAR,2003,12,1
PAR,PAR,2003,12,2
PAR,PAR,2003,12,5
PAR,PAR,2003,12,6
PAR,PAR,2003,12,7
PAR,PAR,2003,12,8
PAR,PAR,2003,12,9
PAR,PAR,2003,12,12
PAR,PAR,2003,12,13
PAR,PAR,2003,12,14
PAR,PAR,2003,12,15
PAR,PAR,2003,12,16
PAR,PAR,2003,12,19
PAR,PAR,2003,12,20
PAR,PAR,2003,12,21
PAR,PAR,2003,12,22
PAR,PAR,2003,12,23
PAR,PAR,2003,12,26
PAR,PAR,2003,12,27
PAR,PAR,2003,12,28
PAR,PAR,2003,12,29
PAR,PAR,2003,12,30
PAR,PAR,2004,1,2
PAR,PAR,2004,1,3
PAR,PAR,2004,1,4
PAR,PAR,2004,1,5
PAR,PAR,2004,1,6
PAR,PAR,2004,1,9
PAR,PAR,2004,1,10
PAR,PAR,2004,1,11
PAR,PAR,2004,1,12
PAR,PAR,2004,1,13
PAR,PAR,2004,1,16
PAR,PAR,2004,1,17
PAR,PAR,2004,1,18
PAR,PAR,2004,1,19
PAR,PAR,2004,1,20
PAR,PAR,2004,1,21
PAR,PAR,2004,1,23
PAR,PAR,2004,1,24
PAR,PAR,2004,1,25
PAR,PAR,2004,1,26
PAR,PAR,2004,1,27
PAR,PAR,2004,1,30
PAR,PAR,2004,1,31
PAR,PAR,2004,2,2
PAR,PAR,2004,2,3
PAR,PAR,2004,2,6
PAR,PAR,2004,2,7
PAR,PAR,2004,2,8
PAR,PAR,2004,2,9
PAR,PAR,2004,2,10
PAR,PAR,2004,2,13
PAR,PAR,2004,2,14
PAR,PAR,2004,2,15
PAR,PAR,2004,2,16
PAR,PAR,2004,2,17
PAR,PAR,2004,2,18
PAR,PAR,2004,2,20
PAR,PAR,2004,2,21
PAR,PAR,2004,2,22
PAR,PAR,2004,2,23
PAR,PAR,2004,2,24
PAR,PAR,2004,2,27
PAR,PAR,2004,2,28
PAR,PAR,2004,2,29
PAR,PAR,2004,3,1
PAR,PAR,2004,3,2
PAR,PAR,2004,3,5
PAR,PAR,2004,3,7
PAR,PAR,2004,3,8
PAR,PAR,2004,3,9
PAR,PAR,2004,3,12
PAR,PAR,2004,3,13
PAR,PAR,2004,3,14
PAR,PAR,2004,3,15
PAR,PAR,2004,3,16
PAR,PAR,2004,3,19
PAR,PAR,2004,3,20
PAR,PAR,2004,3,21
PAR,PAR,2004,3,22
PAR,PAR,2004,3,23
PAR,PAR,2004,3,26
PAR,PAR,2004,3,27
PAR,PAR,2004,3,28
PAR,PAR,2004,3,29
PAR,PAR,2004,3,30
PAR,PAR,2004,4,4
PAR,PAR,2004,4,5
PAR,PAR,2004,4,6
PAR,PAR,2004,4,9
PAR,PAR,2004,4,10
PAR,PAR,2004,4,12
PAR,PAR,2004,4,13
PAR,PAR,2004,4,16
PAR,PAR,2004,4,17
PAR,PAR,2004,4,18
PAR,PAR,2004,4,19
PAR,PAR,2004,4,20
PAR,PAR,2004,4,23
PAR,PAR,2004,4,24
PAR,PAR,2004,4,25
PAR,PAR,2004,4,26
PAR,PAR,2004,4,27
PAR,PAR,2004,4,30
PAR,PAR,2004,5,1
PAR,PAR,2004,5,2
PAR,PAR,2004,5,3
PAR,PAR,2004,5,4
PAR,PAR,2004,5,7
PAR,PAR,2004,5,8
PAR,PAR,2004,5,9
PAR,PAR,2004,5,14
PAR,PAR,2004,5,15
PAR,PAR,2004,5,16
PAR,PAR,2004,10,1
PAR,PAR,2004,10,2
PAR,PAR,2004,10,3
PAR,PAR,2004,10,4
PAR,PAR,2004,10,5
PAR,PAR,2004,10,8
PAR,PAR,2004,10,9
PAR,PAR,2004,10,10
PAR,PAR,2004,10,11
PAR,PAR,2004,10,12
PAR,PAR,2004,10,13
PAR,PAR,2004,10,15
PAR,PAR,2004,10,16
PAR,PAR,2004,10,17
PAR,PAR,2004,10,18
PAR,PAR,2004,10,19
PAR,PAR,2004,10,22
PAR,PAR,2004,10,23
PAR,PAR,2004,10,24
PAR,PAR,2004,10,25
PAR,PAR,2004,10,26
PAR,PAR,2004,10,29
PAR,PAR,2004,10,30
PAR,PAR,2004,10,31
PAR,PAR,2004,11,1
PAR,PAR,2004,11,2
PAR,PAR,2004,11,3
PAR,PAR,2004,11,5
PAR,PAR,2004,11,6
PAR,PAR,2004,11,7
PAR,PAR,2004,11,8
PAR,PAR,2004,11,9
PAR,PAR,2004,11,12
PAR,PAR,2004,11,13
PAR,PAR,2004,11,14
PAR,PAR,2004,11,15
PAR,PAR,2004,11,16
PAR,PAR,2004,11,19
PAR,PAR,2004,11,20
PAR,PAR,2004,11,21
PAR,PAR,2004,11,22
PAR,PAR,2004,11,23
PAR,PAR,2004,11,26
PAR,PAR,2004,11,27
PAR,PAR,2004,11,28
PAR,PAR,2004,11,29
PAR,PAR,2004,11,30
PAR,PAR,2004,12,3
PAR,PAR,2004,12,4
PAR,PAR,2004,12,5
PAR,PAR,2004,12,10
PAR,PAR,2004,12,11
PAR,PAR,2004,12,12
PAR,PAR,2004,12,13
PAR,PAR,2004,12,14
PAR,PAR,2004,12,17
PAR,PAR,2004,12,18
PAR,PAR,2004,12,19
PAR,PAR,2004,12,20
PAR,PAR,2004,12,21
PAR,PAR,2004,12,22
PAR,PAR,2004,12,26
PAR,PAR,2004,12,27
PAR,PAR,2004,12,28
PAR,PAR,2004,12,31
PAR,PAR,2005,1,1
PAR,PAR,2005,1,2
PAR,PAR,2005,1,3
PAR,PAR,2005,1,7
PAR,PAR,2005,1,8
PAR,PAR,2005,1,9
PAR,PAR,2005,1,10
PAR,PAR,2005,1,11
PAR,PAR,2005,1,14
PAR,PAR,2005,1,15
PAR,PAR,2005,1,16
PAR,PAR,2005,1,17
PAR,PAR,2005,1,18
PAR,PAR,2005,1,19
PAR,PAR,2005,1,21
PAR,PAR,2005,1,22
PAR,PAR,2005,1,23
PAR,PAR,2005,1,24
PAR,PAR,2005,1,25
PAR,PAR,2005,1,28
PAR,PAR,2005,1,29
PAR,PAR,2005,1,30
PAR,PAR,2005,1,31
PAR,PAR,2005,2,1
PAR,PAR,2005,2,4
PAR,PAR,2005,2,5
PAR,PAR,2005,2,7
PAR,PAR,2005,2,8
PAR,PAR,2005,2,11
PAR,PAR,2005,2,12
PAR,PAR,2005,2,13
PAR,PAR,2005,2,14
PAR,PAR,2005,2,15
PAR,PAR,2005,2,18
PAR,PAR,2005,2,21
PAR,PAR,2005,2,22
PAR,PAR,2005,2,23
PAR,PAR,2005,2,25
PAR,PAR,2005,2,26
PAR,PAR,2005,2,27
PAR,PAR,2005,2,28
PAR,PAR,2005,3,1
PAR,PAR,2005,3,4
PAR,PAR,2005,3,5
PAR,PAR,2005,3,6
PAR,PAR,2005,3,7
PAR,PAR,2005,3,8
PAR,PAR,2005,3,11
PAR,PAR,2005,3,12
PAR,PAR,2005,3,13
PAR,PAR,2005,3,14
PAR,PAR,2005,3,15
PAR,PAR,2005,3,18
PAR,PAR,2005,3,19
PAR,PAR,2005,3,20
PAR,PAR,2005,3,21
PAR,PAR,2005,3,22
PAR,PAR,2005,3,25
PAR,PAR,2005,3,26
PAR,PAR,2005,3,28
PAR,PAR,2005,3,29
PAR,PAR,2005,4,1
PAR,PAR,2005,4,2
PAR,PAR,2005,4,3
PAR,PAR,2005,4,4
PAR,PAR,2005,4,5
PAR,PAR,2005,4,8
PAR,PAR,2005,4,9
PAR,PAR,2005,4,10
PAR,PAR,2005,4,11
PAR,PAR,2005,4,12
PAR,PAR,2005,4,15
PAR,PAR,2005,4,16
PAR,PAR,2005,4,17
PAR,PAR,2005,4,18
PAR,PAR,2005,4,19
PAR,PAR,2005,4,20
PAR,PAR,2005,4,22
PAR,PAR,2005,4,23
PAR,PAR,2005,4,24
PAR,PAR,2005,4,25
PAR,PAR,2005,4,26
PAR,PAR,2005,4,29
PAR,PAR,2005,4,30
PAR,PAR,2005,5,1
PAR,PAR,2005,5,2
PAR,PAR,2005,5,3
PAR,PAR,2005,5,6
PAR,PAR,2005,5,7
PAR,PAR,2005,5,8
PAR,PAR,2005,5,13
PAR,PAR,2005,5,14
PAR,PAR,2005,5,15
PAR,PAR,2005,5,20
PAR,PAR,2005,5,21
PAR,PAR,2005,5,22
PAR,PAR,2005,9,30
PAR,PAR,2005,10,1
PAR,PAR,2005,10,2
PAR,PAR,2005,10,3
PAR,PAR,2005,10,4
PAR,PAR,2005,10,7
PAR,PAR,2005,10,8
PAR,PAR,2005,10,9
PAR,PAR,2005,10,10
PAR,PAR,2005,10,11
PAR,PAR,2005,10,13
PAR,PAR,2005,10,14
PAR,PAR,2005,10,15
PAR,PAR,2005,10,16
PAR,PAR,2005,10,17
PAR,PAR,2005,10,18
PAR,PAR,2005,10,21
PAR,PAR,2005,10,22
PAR,PAR,2005,10,23
PAR,PAR,2005,10,24
PAR,PAR,2005,10,25
PAR,PAR,2005,10,28
PAR,PAR,2005,10,29
PAR,PAR,2005,10,30
PAR,PAR,2005,10,31
PAR,PAR,2005,11,1
PAR,PAR,2005,11,4
PAR,PAR,2005,11,5
PAR,PAR,2005,11,6
PAR,PAR,2005,11,7
PAR,PAR,2005,11,8
PAR,PAR,2005,11,9
PAR,PAR,2005,11,11
PAR,PAR,2005,11,12
PAR,PAR,2005,11,13
PAR,PAR,2005,11,14
PAR,PAR,2005,11,15
PAR,PAR,2005,11,18
PAR,PAR,2005,11,19
PAR,PAR,2005,11,20
PAR,PAR,2005,11,21
PAR,PAR,2005,11,22
PAR,PAR,2005,11,25
PAR,PAR,2005,11,26
PAR,PAR,2005,11,27
PAR,PAR,2005,11,28
PAR,PAR,2005,11,29
PAR,PAR,2005,11,30
PAR,PAR,2005,12,2
PAR,PAR,2005,12,3
PAR,PAR,2005,12,4
PAR,PAR,2005,12,5
PAR,PAR,2005,12,6
PAR,PAR,2005,12,7
PAR,PAR,2005,12,9
PAR,PAR,2005,12,10
PAR,PAR,2005,12,11
PAR,PAR,2005,12,12
PAR,PAR,2005,12,13
PAR,PAR,2005,12,14
PAR,PAR,2005,12,16
PAR,PAR,2005,12,17
PAR,PAR,2005,12,18
PAR,PAR,2005,12,19
PAR,PAR,2005,12,21
PAR,PAR,2005,12,22
PAR,PAR,2005,12,23
PAR,PAR,2005,12,26
PAR,PAR,2005,12,27
PAR,PAR,2005,12,30
PAR,PAR,2005,12,31
PAR,PAR,2006,1,1
PAR,PAR,2006,1,2
PAR,PAR,2006,1,3
PAR,PAR,2006,1,6
PAR,PAR,2006,1,7
PAR,PAR,2006,1,8
PAR,PAR,2006,1,9
PAR,PAR,2006,1,10
PAR,PAR,2006,1,13
PAR,PAR,2006,1,14
PAR,PAR,2006,1,15
PAR,PAR,2006,1,16
PAR,PAR,2006,1,17
PAR,PAR,2006,1,18
PAR,PAR,2006,1,20
PAR,PAR,2006,1,21
PAR,PAR,2006,1,22
PAR,PAR,2006,1,23
PAR,PAR,2006,1,24
PAR,PAR,2006,1,27
PAR,PAR,2006,1,28
PAR,PAR,2006,1,29
PAR,PAR,2006,1,30
PAR,PAR,2006,1,31
PAR,PAR,2006,2,3
PAR,PAR,2006,2,4
PAR,PAR,2006,2,6
PAR,PAR,2006,2,7
PAR,PAR,2006,2,10
PAR,PAR,2006,2,11
PAR,PAR,2006,2,12
PAR,PAR,2006,2,13
PAR,PAR,2006,2,14
PAR,PAR,2006,2,17
PAR,PAR,2006,2,18
PAR,PAR,2006,2,19
PAR,PAR,2006,2,20
PAR,PAR,2006,2,21
PAR,PAR,2006,2,22
PAR,PAR,2006,2,24
PAR,PAR,2006,2,25
PAR,PAR,2006,2,26
PAR,PAR,2006,2,27
PAR,PAR,2006,2,28
PAR,PAR,2006,3,3
PAR,PAR,2006,3,4
PAR,PAR,2006,3,5
PAR,PAR,2006,3,6
PAR,PAR,2006,3,7
PAR,PAR,2006,3,10
PAR,PAR,2006,3,11
PAR,PAR,2006,3,14
PAR,PAR,2006,3,17
PAR,PAR,2006,3,18
PAR,PAR,2006,3,19
PAR,PAR,2006,3,20
PAR,PAR,2006,3,21
PAR,PAR,2006,3,24
PAR,PAR,2006,3,25
PAR,PAR,2006,3,26
PAR,PAR,2006,3,27
PAR,PAR,2006,3,28
PAR,PAR,2006,3,31
PAR,PAR,2006,4,1
PAR,PAR,2006,4,2
PAR,PAR,2006,4,3
PAR,PAR,2006,4,4
PAR,PAR,2006,4,7
PAR,PAR,2006,4,8
PAR,PAR,2006,4,9
PAR,PAR,2006,4,10
PAR,PAR,2006,4,11
PAR,PAR,2006,4,14
PAR,PAR,2006,4,15
PAR,PAR,2006,4,17
PAR,PAR,2006,4,18
PAR,PAR,2006,4,21
PAR,PAR,2006,4,22
PAR,PAR,2006,4,23
PAR,PAR,2006,4,24
PAR,PAR,2006,4,25
PAR,PAR,2006,4,28
PAR,PAR,2006,4,29
PAR,PAR,2006,4,30
PAR,PAR,2006,5,1
PAR,PAR,2006,5,2
PAR,PAR,2006,5,5
PAR,PAR,2006,5,6
PAR,PAR,2006,5,7
PAR,PAR,2006,5,12
PAR,PAR,2006,5,13
PAR,PAR,2006,5,14
PAR,PAR,2006,5,19
PAR,PAR,2006,5,20
PAR,PAR,2006,5,21
PAR,PAR,2006,10,6
PAR,PAR,2006,10,7
PAR,PAR,2006,10,8
PAR,PAR,2006,10,9
PAR,PAR,2006,10,10
PAR,PAR,2006,10,11
PAR,PAR,2006,10,13
PAR,PAR,2006,10,14
PAR,PAR,2006,10,15
PAR,PAR,2006,10,16
PAR,PAR,2006,10,17
PAR,PAR,2006,10,20
PAR,PAR,2006,10,21
PAR,PAR,2006,10,22
PAR,PAR,2006,10,23
PAR,PAR,2006,10,24
PAR,PAR,2006,10,27
PAR,PAR,2006,10,28
PAR,PAR,2006,10,29
PAR,PAR,2006,10,30
PAR,PAR,2006,10,31
PAR,PAR,2006,11,3
PAR,PAR,2006,11,4
PAR,PAR,2006,11,5
PAR,PAR,2006,11,6
PAR,PAR,2006,11,7
PAR,PAR,2006,11,10
PAR,PAR,2006,11,11
PAR,PAR,2006,11,12
PAR,PAR,2006,11,13
PAR,PAR,2006,11,14
PAR,PAR,2006,11,17
PAR,PAR,2006,11,18
PAR,PAR,2006,11,19
PAR,PAR,2006,11,20
PAR,PAR,2006,11,21
PAR,PAR,2006,11,24
PAR,PAR,2006,11,25
PAR,PAR,2006,11,26
PAR,PAR,2006,11,27
PAR,PAR,2006,11,28
PAR,PAR,2006,12,1
PAR,PAR,2006,12,2
PAR,PAR,2006,12,3
PAR,PAR,2006,12,4
PAR,PAR,2006,12,5
PAR,PAR,2006,12,8
PAR,PAR,2006,12,9
PAR,PAR,2006,12,10
PAR,PAR,2006,12,11
PAR,PAR,2006,12,12
PAR,PAR,2006,12,15
PAR,PAR,2006,12,16
PAR,PAR,2006,12,17
PAR,PAR,2006,12,18
PAR,PAR,2006,12,20
PAR,PAR,2006,12,21
PAR,PAR,2006,12,22
PAR,PAR,2006,12,23
PAR,PAR,2006,12,26
PAR,PAR,2006,12,27
PAR,PAR,2006,12,29
PAR,PAR,2006,12,30
PAR,PAR,2006,12,31
PAR,PAR,2007,1,1
PAR,PAR,2007,1,2
PAR,PAR,2007,1,5
PAR,PAR,2007,1,6
PAR,PAR,2007,1,7
PAR,PAR,2007,1,8
PAR,PAR,2007,1,9
PAR,PAR,2007,1,12
PAR,PAR,2007,1,13
PAR,PAR,2007,1,14
PAR,PAR,2007,1,15
PAR,PAR,2007,1,16
PAR,PAR,2007,1,17
PAR,PAR,2007,1,19
PAR,PAR,2007,1,20
PAR,PAR,2007,1,21
PAR,PAR,2007,1,26
PAR,PAR,2007,1,27
PAR,PAR,2007,1,28
PAR,PAR,2007,1,29
PAR,PAR,2007,1,30
PAR,PAR,2007,2,2
PAR,PAR,2007,2,3
PAR,PAR,2007,2,4
PAR,PAR,2007,2,5
PAR,PAR,2007,2,6
PAR,PAR,2007,2,9
PAR,PAR,2007,2,10
PAR,PAR,2007,2,11
PAR,PAR,2007,2,12
PAR,PAR,2007,2,13
PAR,PAR,2007,2,16
PAR,PAR,2007,2,17
PAR,PAR,2007,2,18
PAR,PAR,2007,2,19
PAR,PAR,2007,2,20
PAR,PAR,2007,2,21
PAR,PAR,2007,2,23
PAR,PAR,2007,2,24
PAR,PAR,2007,2,25
PAR,PAR,2007,2,26
PAR,PAR,2007,2,27
PAR,PAR,2007,3,2
PAR,PAR,2007,3,3
PAR,PAR,2007,3,4
PAR,PAR,2007,3,5
PAR,PAR,2007,3,6
PAR,PAR,2007,3,9
PAR,PAR,2007,3,10
PAR,PAR,2007,3,11
PAR,PAR,2007,3,12
PAR,PAR,2007,3,13
PAR,PAR,2007,3,16
PAR,PAR,2007,3,17
PAR,PAR,2007,3,18
PAR,PAR,2007,3,19
PAR,PAR,2007,3,20
PAR,PAR,2007,3,24
PAR,PAR,2007,3,25
PAR,PAR,2007,3,26
PAR,PAR,2007,3,27
PAR,PAR,2007,3,30
PAR,PAR,2007,3,31
PAR,PAR,2007,4,1
PAR,PAR,2007,4,2
PAR,PAR,2007,4,3
PAR,PAR,2007,4,6
PAR,PAR,2007,4,7
PAR,PAR,2007,4,9
PAR,PAR,2007,4,10
PAR,PAR,2007,4,11
PAR,PAR,2007,4,13
PAR,PAR,2007,4,14
PAR,PAR,2007,4,15
PAR,PAR,2007,4,16
PAR,PAR,2007,4,17
PAR,PAR,2007,4,20
PAR,PAR,2007,4,21
PAR,PAR,2007,4,22
PAR,PAR,2007,4,23
PAR,PAR,2007,4,24
PAR,PAR,2007,4,27
PAR,PAR,2007,4,28
PAR,PAR,2007,4,29
PAR,PAR,2007,4,30
PAR,PAR,2007,5,1
PAR,PAR,2007,5,4
PAR,PAR,2007,5,5
PAR,PAR,2007,5,6
PAR,PAR,2007,10,5
PAR,PAR,2007,10,6
PAR,PAR,2007,10,7
PAR,PAR,2007,10,8
PAR,PAR,2007,10,9
PAR,PAR,2007,10,10
PAR,PAR,2007,10,12
PAR,PAR,2007,10,13
PAR,PAR,2007,10,14
PAR,PAR,2007,10,15
PAR,PAR,2007,10,16
PAR,PAR,2007,10,19
PAR,PAR,2007,10,20
PAR,PAR,2007,10,21
PAR,PAR,2007,10,22
PAR,PAR,2007,10,23
PAR,PAR,2007,10,26
PAR,PAR,2007,10,27
PAR,PAR,2007,10,28
PAR,PAR,2007,10,29
PAR,PAR,2007,10,30
PAR,PAR,2007,11,2
PAR,PAR,2007,11,3
PAR,PAR,2007,11,4
PAR,PAR,2007,11,5
PAR,PAR,2007,11,6
PAR,PAR,2007,11,9
PAR,PAR,2007,11,10
PAR,PAR,2007,11,11
PAR,PAR,2007,11,12
PAR,PAR,2007,11,13
PAR,PAR,2007,11,16
PAR,PAR,2007,11,17
PAR,PAR,2007,11,18
PAR,PAR,2007,11,20
PAR,PAR,2007,11,23
PAR,PAR,2007,11,25
PAR,PAR,2007,11,27
PAR,PAR,2007,11,30
PAR,PAR,2007,12,4
PAR,PAR,2007,12,7
PAR,PAR,2007,12,9
PAR,PAR,2007,12,11
PAR,PAR,2007,12,14
PAR,PAR,2007,12,16
PAR,PAR,2007,12,18
PAR,PAR,2007,12,21
PAR,PAR,2007,12,22
PAR,PAR,2007,12,23
PAR,PAR,2007,12,27
PAR,PAR,2007,12,28
PAR,PAR,2007,12,29
PAR,PAR,2007,12,30
PAR,PAR,2007,12,31
PAR,PAR,2008,1,1
PAR,PAR,2008,1,4
PAR,PAR,2008,1,5
PAR,PAR,2008,1,6
PAR,PAR,2008,1,7
PAR,PAR,2008,1,8
PAR,PAR,2008,1,11
PAR,PAR,2008,1,12
PAR,PAR,2008,1,13
PAR,PAR,2008,1,14
PAR,PAR,2008,1,15
PAR,PAR,2008,1,18
PAR,PAR,2008,1,19
PAR,PAR,2008,1,20
PAR,PAR,2008,1,21
PAR,PAR,2008,1,22
PAR,PAR,2008,1,23
PAR,PAR,2008,1,25
PAR,PAR,2008,1,26
PAR,PAR,2008,1,27
PAR,PAR,2008,2,1
PAR,PAR,2008,2,2
PAR,PAR,2008,2,3
PAR,PAR,2008,2,4
PAR,PAR,2008,2,5
PAR,PAR,2008,2,8
PAR,PAR,2008,2,9
PAR,PAR,2008,2,10
PAR,PAR,2008,2,11
PAR,PAR,2008,2,12
PAR,PAR,2008,2,15
PAR,PAR,2008,2,16
PAR,PAR,2008,2,17
PAR,PAR,2008,2,18
PAR,PAR,2008,2,19
PAR,PAR,2008,2,20
PAR,PAR,2008,2,22
PAR,PAR,2008,2,23
PAR,PAR,2008,2,24
PAR,PAR,2008,2,25
PAR,PAR,2008,2,26
PAR,PAR,2008,2,29
PAR,PAR,2008,3,1
PAR,PAR,2008,3,2
PAR,PAR,2008,3,3
PAR,PAR,2008,3,4
PAR,PAR,2008,3,7
PAR,PAR,2008,3,8
PAR,PAR,2008,3,9
PAR,PAR,2008,3,10
PAR,PAR,2008,3,11
PAR,PAR,2008,3,14
PAR,PAR,2008,3,15
PAR,PAR,2008,3,16
PAR,PAR,2008,3,17
PAR,PAR,2008,3,18
PAR,PAR,2008,3,21
PAR,PAR,2008,3,22
PAR,PAR,2008,3,24
PAR,PAR,2008,3,25
PAR,PAR,2008,3,26
PAR,PAR,2008,3,28
PAR,PAR,2008,3,29
PAR,PAR,2008,3,30
PAR,PAR,2008,3,31
PAR,PAR,2008,4,1
PAR,PAR,2008,4,4
PAR,PAR,2008,4,5
PAR,PAR,2008,4,6
PAR,PAR,2008,4,7
PAR,PAR,2008,4,8
PAR,PAR,2008,4,11
PAR,PAR,2008,4,12
PAR,PAR,2008,4,13
PAR,PAR,2008,4,14
PAR,PAR,2008,4,15
PAR,PAR,2008,4,18
PAR,PAR,2008,4,19
PAR,PAR,2008,4,20
PAR,PAR,2008,4,21
PAR,PAR,2008,4,22
PAR,PAR,2008,4,25
PAR,PAR,2008,4,26
PAR,PAR,2008,4,27
PAR,PAR,2008,4,28
PAR,PAR,2008,4,29
PAR,PAR,2008,5,2
PAR,PAR,2008,5,3
PAR,PAR,2008,5,4
PAR,PAR,2008,10,3
PAR,PAR,2008,10,4
PAR,PAR,2008,10,5
PAR,PAR,2008,10,6
PAR,PAR,2008,10,7
PAR,PAR,2008,10,10
PAR,PAR,2008,10,11
PAR,PAR,2008,10,12
PAR,PAR,2008,10,13
PAR,PAR,2008,10,14
PAR,PAR,2008,10,15
PAR,PAR,2008,10,17
PAR,PAR,2008,10,18
PAR,PAR,2008,10,19
PAR,PAR,2008,10,20
PAR,PAR,2008,10,21
PAR,PAR,2008,10,24
PAR,PAR,2008,10,25
PAR,PAR,2008,10,26
PAR,PAR,2008,10,27
PAR,PAR,2008,10,28
PAR,PAR,2008,10,31
PAR,PAR,2008,11,1
PAR,PAR,2008,11,2
PAR,PAR,2008,11,3
PAR,PAR,2008,11,4
PAR,PAR,2008,11,7
PAR,PAR,2008,11,8
PAR,PAR,2008,11,9
PAR,PAR,2008,11,10
PAR,PAR,2008,11,11
PAR,PAR,2008,11,14
PAR,PAR,2008,11,15
PAR,PAR,2008,11,16
PAR,PAR,2008,11,17
PAR,PAR,2008,11,18
PAR,PAR,2008,11,21
PAR,PAR,2008,11,22
PAR,PAR,2008,11,23
PAR,PAR,2008,11,24
PAR,PAR,2008,11,25
PAR,PAR,2008,11,28
PAR,PAR,2008,11,29
PAR,PAR,2008,11,30
PAR,PAR,2008,12,1
PAR,PAR,2008,12,2
PAR,PAR,2008,12,5
PAR,PAR,2008,12,6
PAR,PAR,2008,12,7
PAR,PAR,2008,12,8
PAR,PAR,2008,12,9
PAR,PAR,2008,12,12
PAR,PAR,2008,12,13
PAR,PAR,2008,12,14
PAR,PAR,2008,12,15
PAR,PAR,2008,12,16
PAR,PAR,2008,12,19
PAR,PAR,2008,12,20
PAR,PAR,2008,12,21
PAR,PAR,2008,12,22
PAR,PAR,2008,12,23
PAR,PAR,2008,12,26
PAR,PAR,2008,12,27
PAR,PAR,2008,12,28
PAR,PAR,2008,12,29
PAR,PAR,2008,12,30
PAR,PAR,2009,1,2
PAR,PAR,2009,1,3
PAR,PAR,2009,1,4
PAR,PAR,2009,1,5
PAR,PAR,2009,1,6
PAR,PAR,2009,1,9
PAR,PAR,2009,1,10
PAR,PAR,2009,1,11
PAR,PAR,2009,1,12
PAR,PAR,2009,1,13
PAR,PAR,2009,1,16
PAR,PAR,2009,1,17
PAR,PAR,2009,1,18
PAR,PAR,2009,1,19
PAR,PAR,2009,1,20
PAR,PAR,2009,1,21
PAR,PAR,2009,1,23
PAR,PAR,2009,1,24
PAR,PAR,2009,1,25
PAR,PAR,2009,1,26
PAR,PAR,2009,1,27
PAR,PAR,2009,1,30
PAR,PAR,2009,1,31
PAR,PAR,2009,2,2
PAR,PAR,2009,2,3
PAR,PAR,2009,2,6
PAR,PAR,2009,2,7
PAR,PAR,2009,2,8
PAR,PAR,2009,2,9
PAR,PAR,2009,2,10
PAR,PAR,2009,2,13
PAR,PAR,2009,2,14
PAR,PAR,2009,2,15
PAR,PAR,2009,2,16
PAR,PAR,2009,2,17
PAR,PAR,2009,2,18
PAR,PAR,2009,2,20
PAR,PAR,2009,2,21
PAR,PAR,2009,2,22
PAR,PAR,2009,2,23
PAR,PAR,2009,2,24
PAR,PAR,2009,2,27
PAR,PAR,2009,2,28
PAR,PAR,2009,3,1
PAR,PAR,2009,3,2
PAR,PAR,2009,3,3
PAR,PAR,2009,3,6
PAR,PAR,2009,3,7
PAR,PAR,2009,3,8
PAR,PAR,2009,3,9
PAR,PAR,2009,3,10
PAR,PAR,2009,3,13
PAR,PAR,2009,3,14
PAR,PAR,2009,3,15
PAR,PAR,2009,3,16
PAR,PAR,2009,3,17
PAR,PAR,2009,3,20
PAR,PAR,2009,3,21
PAR,PAR,2009,3,22
PAR,PAR,2009,3,23
PAR,PAR,2009,3,24
PAR,PAR,2009,3,27
PAR,PAR,2009,3,28
PAR,PAR,2009,3,29
PAR,PAR,2009,3,30
PAR,PAR,2009,3,31
PAR,PAR,2009,4,3
PAR,PAR,2009,4,4
PAR,PAR,2009,4,5
PAR,PAR,2009,4,6
PAR,PAR,2009,4,7
PAR,PAR,2009,4,10
PAR,PAR,2009,4,11
PAR,PAR,2009,4,13
PAR,PAR,2009,4,14
PAR,PAR,2009,4,15
PAR,PAR,2009,4,17
PAR,PAR,2009,4,18
PAR,PAR,2009,4,19
PAR,PAR,2009,4,20
PAR,PAR,2009,4,21
PAR,PAR,2009,4,24
PAR,PAR,2009,4,25
PAR,PAR,2009,4,26
PAR,PAR,2009,4,27
PAR,PAR,2009,4,28
PAR,PAR,2009,5,1
PAR,PAR,2009,5,2
PAR,PAR,2009,5,3
PAR,PAR,2009,10,2
PAR,PAR,2009,10,3
PAR,PAR,2009,10,4
PAR,PAR,2009,10,5
PAR,PAR,2009,10,6
PAR,PAR,2009,10,9
PAR,PAR,2009,10,10
PAR,PAR,2009,10,11
PAR,PAR,2009,10,12
PAR,PAR,2009,10,13
PAR,PAR,2009,10,14
PAR,PAR,2009,10,16
PAR,PAR,2009,10,17
PAR,PAR,2009,10,18
PAR,PAR,2009,10,19
PAR,PAR,2009,10,20
PAR,PAR,2009,10,23
PAR,PAR,2009,10,24
PAR,PAR,2009,10,25
PAR,PAR,2009,10,26
PAR,PAR,2009,10,27
PAR,PAR,2009,10,30
PAR,PAR,2009,10,31
PAR,PAR,2009,11,1
PAR,PAR,2009,11,2
PAR,PAR,2009,11,3
PAR,PAR,2009,11,6
PAR,PAR,2009,11,7
PAR,PAR,2009,11,8
PAR,PAR,2009,11,9
PAR,PAR,2009,11,10
PAR,PAR,2009,11,13
PAR,PAR,2009,11,14
PAR,PAR,2009,11,15
PAR,PAR,2009,11,16
PAR,PAR,2009,11,17
PAR,PAR,2009,11,20
PAR,PAR,2009,11,21
PAR,PAR,2009,11,22
PAR,PAR,2009,11,23
PAR,PAR,2009,11,24
PAR,PAR,2009,11,27
PAR,PAR,2009,11,28
PAR,PAR,2009,11,29
PAR,PAR,2009,11,30
PAR,PAR,2009,12,1
PAR,PAR,2009,12,4
PAR,PAR,2009,12,5
PAR,PAR,2009,12,6
PAR,PAR,2009,12,7
PAR,PAR,2009,12,11
PAR,PAR,2009,12,12
PAR,PAR,2009,12,13
PAR,PAR,2009,12,14
PAR,PAR,2009,12,15
PAR,PAR,2009,12,18
PAR,PAR,2009,12,19
PAR,PAR,2009,12,20
PAR,PAR,2009,12,21
PAR,PAR,2009,12,22
PAR,PAR,2009,12,23
PAR,PAR,2009,12,26
PAR,PAR,2009,12,27
PAR,PAR,2009,12,28
PAR,PAR,2009,12,29
PAR,PAR,2010,1,1
PAR,PAR,2010,1,2
PAR,PAR,2010,1,3
PAR,PAR,2010,1,4
PAR,PAR,2010,1,5
PAR,PAR,2010,1,8
PAR,PAR,2010,1,9
PAR,PAR,2010,1,10
PAR,PAR,2010,1,11
PAR,PAR,2010,1,12
PAR,PAR,2010,1,15
PAR,PAR,2010,1,16
PAR,PAR,2010,1,17
PAR,PAR,2010,1,18
PAR,PAR,2010,1,19
PAR,PAR,2010,1,24
PAR,PAR,2010,1,25
PAR,PAR,2010,1,26
PAR,PAR,2010,1,29
PAR,PAR,2010,1,30
PAR,PAR,2010,1,31
PAR,PAR,2010,2,1
PAR,PAR,2010,2,2
PAR,PAR,2010,2,5
PAR,PAR,2010,2,6
PAR,PAR,2010,2,8
PAR,PAR,2010,2,9
PAR,PAR,2010,2,12
PAR,PAR,2010,2,13
PAR,PAR,2010,2,14
PAR,PAR,2010,2,15
PAR,PAR,2010,2,16
PAR,PAR,2010,2,17
PAR,PAR,2010,2,19
PAR,PAR,2010,2,20
PAR,PAR,2010,2,26
PAR,PAR,2010,2,27
PAR,PAR,2010,3,1
PAR,PAR,2010,3,2
PAR,PAR,2010,3,5
PAR,PAR,2010,3,6
PAR,PAR,2010,3,7
PAR,PAR,2010,3,8
PAR,PAR,2010,3,9
PAR,PAR,2010,3,12
PAR,PAR,2010,3,13
PAR,PAR,2010,3,14
PAR,PAR,2010,3,15
PAR,PAR,2010,3,16
PAR,PAR,2010,3,19
PAR,PAR,2010,3,20
PAR,PAR,2010,3,21
PAR,PAR,2010,3,22
PAR,PAR,2010,3,23
PAR,PAR,2010,3,26
PAR,PAR,2010,3,27
PAR,PAR,2010,3,28
PAR,PAR,2010,3,29
PAR,PAR,2010,3,30
PAR,PAR,2010,4,2
PAR,PAR,2010,4,3
PAR,PAR,2010,4,5
PAR,PAR,2010,4,6
PAR,PAR,2010,4,7
PAR,PAR,2010,4,9
PAR,PAR,2010,4,10
PAR,PAR,2010,4,11
PAR,PAR,2010,4,12
PAR,PAR,2010,4,13
PAR,PAR,2010,4,16
PAR,PAR,2010,4,17
PAR,PAR,2010,4,18
PAR,PAR,2010,4,19
PAR,PAR,2010,4,20
PAR,PAR,2010,4,23
PAR,PAR,2010,4,24
PAR,PAR,2010,4,25
PAR,PAR,2010,4,26
PAR,PAR,2010,4,27
PAR,PAR,2010,4,30
PAR,PAR,2010,5,1
PAR,PAR,2010,5,2
PAR,PAR,2010,10,1
PAR,PAR,2010,10,2
PAR,PAR,2010,10,3
PAR,PAR,2010,10,4
PAR,PAR,2010,10,5
PAR,PAR,2010,10,8
PAR,PAR,2010,10,9
PAR,PAR,2010,10,10
PAR,PAR,2010,10,11
PAR,PAR,2010,10,12
PAR,PAR,2010,10,15
PAR,PAR,2010,10,16
PAR,PAR,2010,10,17
PAR,PAR,2010,10,18
PAR,PAR,2010,10,19
PAR,PAR,2010,10,22
PAR,PAR,2010,10,23
PAR,PAR,2010,10,24
PAR,PAR,2010,10,25
PAR,PAR,2010,10,26
PAR,PAR,2010,10,29
PAR,PAR,2010,10,30
PAR,PAR,2010,10,31
PAR,PAR,2010,11,1
PAR,PAR,2010,11,2
PAR,PAR,2010,11,5
PAR,PAR,2010,11,6
PAR,PAR,2010,11,7
PAR,PAR,2010,11,8
PAR,PAR,2010,11,9
PAR,PAR,2010,11,12
PAR,PAR,2010,11,13
PAR,PAR,2010,11,14
PAR,PAR,2010,11,15
PAR,PAR,2010,11,16
PAR,PAR,2010,11,19
PAR,PAR,2010,11,20
PAR,PAR,2010,11,21
PAR,PAR,2010,11,22
PAR,PAR,2010,11,23
PAR,PAR,2010,11,26
PAR,PAR,2010,11,27
PAR,PAR,2010,11,28
PAR,PAR,2010,11,29
PAR,PAR,2010,11,30
PAR,PAR,2010,12,3
PAR,PAR,2010,12,4
PAR,PAR,2010,12,5
PAR,PAR,2010,12,6
PAR,PAR,2010,12,7
PAR,PAR,2010,12,10
PAR,PAR,2010,12,11
PAR,PAR,2010,12,12
PAR,PAR,2010,12,13
PAR,PAR,2010,12,14
PAR,PAR,2010,12,17
PAR,PAR,2010,12,18
PAR,PAR,2010,12,19
PAR,PAR,2010,12,20
PAR,PAR,2010,12,21
PAR,PAR,2010,12,26
PAR,PAR,2010,12,27
PAR,PAR,2010,12,28
PAR,PAR,2010,12,31
PAR,PAR,2011,1,1
PAR,PAR,2011,1,2
PAR,PAR,2011,1,3
PAR,PAR,2011,1,4
PAR,PAR,2011,1,7
PAR,PAR,2011,1,8
PAR,PAR,2011,1,10
PAR,PAR,2011,1,11
PAR,PAR,2011,1,12
PAR,PAR,2011,1,14
PAR,PAR,2011,1,15
PAR,PAR,2011,1,17
PAR,PAR,2011,1,18
PAR,PAR,2011,1,19
PAR,PAR,2011,1,21
PAR,PAR,2011,1,22
PAR,PAR,2011,1,24
PAR,PAR,2011,1,25
PAR,PAR,2011,1,26
PAR,PAR,2011,1,28
PAR,PAR,2011,1,29
PAR,PAR,2011,1,30
PAR,PAR,2011,1,31
PAR,PAR,2011,2,1
PAR,PAR,2011,2,4
PAR,PAR,2011,2,5
PAR,PAR,2011,2,7
PAR,PAR,2011,2,8
PAR,PAR,2011,2,9
PAR,PAR,2011,2,11
PAR,PAR,2011,2,12
PAR,PAR,2011,2,13
PAR,PAR,2011,2,14
PAR,PAR,2011,2,15
PAR,PAR,2011,2,18
PAR,PAR,2011,2,19
PAR,PAR,2011,2,21
PAR,PAR,2011,2,22
PAR,PAR,2011,2,25
PAR,PAR,2011,2,26
PAR,PAR,2011,2,27
PAR,PAR,2011,2,28
PAR,PAR,2011,3,1
PAR,PAR,2011,3,4
PAR,PAR,2011,3,5
PAR,PAR,2011,3,6
PAR,PAR,2011,3,7
PAR,PAR,2011,3,8
PAR,PAR,2011,3,11
PAR,PAR,2011,3,12
PAR,PAR,2011,3,13
PAR,PAR,2011,3,14
PAR,PAR,2011,3,15
PAR,PAR,2011,3,18
PAR,PAR,2011,3,19
PAR,PAR,2011,3,20
PAR,PAR,2011,3,21
PAR,PAR,2011,3,22
PAR,PAR,2011,3,25
PAR,PAR,2011,3,26
PAR,PAR,2011,3,27
PAR,PAR,2011,3,28
PAR,PAR,2011,3,29
PAR,PAR,2011,4,1
PAR,PAR,2011,4,2
PAR,PAR,2011,4,3
PAR,PAR,2011,4,4
PAR,PAR,2011,4,5
PAR,PAR,2011,4,8
PAR,PAR,2011,4,9
PAR,PAR,2011,4,10
PAR,PAR,2011,4,11
PAR,PAR,2011,4,12
PAR,PAR,2011,4,15
PAR,PAR,2011,4,16
PAR,PAR,2011,4,17
PAR,PAR,2011,4,18
PAR,PAR,2011,4,19
PAR,PAR,2011,4,22
PAR,PAR,2011,4,23
PAR,PAR,2011,4,25
PAR,PAR,2011,4,26
PAR,PAR,2011,4,27
PAR,PAR,2011,4,29
PAR,PAR,2011,4,30
PAR,PAR,2011,5,1
PAR,PAR,2011,5,2
PAR,PAR,2011,5,3
PAR,PAR,2011,5,6
PAR,PAR,2011,5,7
PAR,PAR,2011,5,8
PAR,PAR,2011,10,1
PAR,PAR,2011,10,2
PAR,PAR,2011,10,3
PAR,PAR,2011,10,4
PAR,PAR,2011,10,7
PAR,PAR,2011,10,8
PAR,PAR,2011,10,9
PAR,PAR,2011,10,10
PAR,PAR,2011,10,11
PAR,PAR,2011,10,14
PAR,PAR,2011,10,15
PAR,PAR,2011,10,16
PAR,PAR,2011,10,17
PAR,PAR,2011,10,18
PAR,PAR,2011,10,21
PAR,PAR,2011,10,22
PAR,PAR,2011,10,23
PAR,PAR,2011,10,24
PAR,PAR,2011,10,25
PAR,PAR,2011,10,28
PAR,PAR,2011,10,29
PAR,PAR,2011,10,30
PAR,PAR,2011,10,31
PAR,PAR,2011,11,1
PAR,PAR,2011,11,4
PAR,PAR,2011,11,5
PAR,PAR,2011,11,6
PAR,PAR,2011,11,7
PAR,PAR,2011,11,8
PAR,PAR,2011,11,11
PAR,PAR,2011,11,12
PAR,PAR,2011,11,13
PAR,PAR,2011,11,14
PAR,PAR,2011,11,15
PAR,PAR,2011,11,18
PAR,PAR,2011,11,19
PAR,PAR,2011,11,20
PAR,PAR,2011,11,21
PAR,PAR,2011,11,22
PAR,PAR,2011,11,25
PAR,PAR,2011,11,26
PAR,PAR,2011,11,27
PAR,PAR,2011,11,28
PAR,PAR,2011,11,29
PAR,PAR,2011,12,2
PAR,PAR,2011,12,3
PAR,PAR,2011,12,4
PAR,PAR,2011,12,5
PAR,PAR,2011,12,6
PAR,PAR,2011,12,9
PAR,PAR,2011,12,10
PAR,PAR,2011,12,11
PAR,PAR,2011,12,12
PAR,PAR,2011,12,16
PAR,PAR,2011,12,17
PAR,PAR,2011,12,18
PAR,PAR,2011,12,19
PAR,PAR,2011,12,20
PAR,PAR,2011,12,21
PAR,PAR,2011,12,23
PAR,PAR,2011,12,26
PAR,PAR,2011,12,27
PAR,PAR,2011,12,28
PAR,PAR,2011,12,30
PAR,PAR,2011,12,31
PAR,PAR,2012,1,1
PAR,PAR,2012,1,2
PAR,PAR,2012,1,3
PAR,PAR,2012,1,6
PAR,PAR,2012,1,7
PAR,PAR,2012,1,9
PAR,PAR,2012,1,10
PAR,PAR,2012,1,11
PAR,PAR,2012,1,13
PAR,PAR,2012,1,14
PAR,PAR,2012,1,16
PAR,PAR,2012,1,17
PAR,PAR,2012,1,18
PAR,PAR,2012,1,20
PAR,PAR,2012,1,21
PAR,PAR,2012,1,23
PAR,PAR,2012,1,24
PAR,PAR,2012,1,25
PAR,PAR,2012,1,27
PAR,PAR,2012,1,28
PAR,PAR,2012,1,29
PAR,PAR,2012,1,30
PAR,PAR,2012,1,31
PAR,PAR,2012,2,3
PAR,PAR,2012,2,4
PAR,PAR,2012,2,6
PAR,PAR,2012,2,7
PAR,PAR,2012,2,8
PAR,PAR,2012,2,10
PAR,PAR,2012,2,11
PAR,PAR,2012,2,12
PAR,PAR,2012,2,13
PAR,PAR,2012,2,14
PAR,PAR,2012,2,17
PAR,PAR,2012,2,18
PAR,PAR,2012,2,19
PAR,PAR,2012,2,20
PAR,PAR,2012,2,21
PAR,PAR,2012,2,24
PAR,PAR,2012,2,25
PAR,PAR,2012,2,26
PAR,PAR,2012,2,27
PAR,PAR,2012,2,28
PAR,PAR,2012,3,2
PAR,PAR,2012,3,3
PAR,PAR,2012,3,4
PAR,PAR,2012,3,5
PAR,PAR,2012,3,6
PAR,PAR,2012,3,9
PAR,PAR,2012,3,10
PAR,PAR,2012,3,11
PAR,PAR,2012,3,12
PAR,PAR,2012,3,13
PAR,PAR,2012,3,16
PAR,PAR,2012,3,17
PAR,PAR,2012,3,18
PAR,PAR,2012,3,20
PAR,PAR,2012,3,23
PAR,PAR,2012,3,24
PAR,PAR,2012,3,25
PAR,PAR,2012,3,26
PAR,PAR,2012,3,27
PAR,PAR,2012,3,30
PAR,PAR,2012,3,31
PAR,PAR,2012,4,1
PAR,PAR,2012,4,2
PAR,PAR,2012,4,3
PAR,PAR,2012,4,6
PAR,PAR,2012,4,7
PAR,PAR,2012,4,9
PAR,PAR,2012,4,10
PAR,PAR,2012,4,11
PAR,PAR,2012,4,13
PAR,PAR,2012,4,14
PAR,PAR,2012,4,15
PAR,PAR,2012,4,16
PAR,PAR,2012,4,17
PAR,PAR,2012,4,20
PAR,PAR,2012,4,21
PAR,PAR,2012,4,22
PAR,PAR,2012,4,23
PAR,PAR,2012,4,24
PAR,PAR,2012,4,27
PAR,PAR,2012,4,28
PAR,PAR,2012,4,29
PAR,PAR,2012,4,30
PAR,PAR,2012,5,1
PAR,PAR,2012,5,4
PAR,PAR,2012,5,5
PAR,PAR,2012,5,6
PAR,PAR,2012,10,5
PAR,PAR,2012,10,6
PAR,PAR,2012,10,7
PAR,PAR,2012,10,8
PAR,PAR,2012,10,9
PAR,PAR,2012,10,12
PAR,PAR,2012,10,13
PAR,PAR,2012,10,14
PAR,PAR,2012,10,15
PAR,PAR,2012,10,16
PAR,PAR,2012,10,19
PAR,PAR,2012,10,20
PAR,PAR,2012,10,21
PAR,PAR,2012,10,22
PAR,PAR,2012,10,23
PAR,PAR,2012,10,26
PAR,PAR,2012,10,27
PAR,PAR,2012,10,28
PAR,PAR,2012,10,29
PAR,PAR,2012,10,30
PAR,PAR,2012,11,2
PAR,PAR,2012,11,3
PAR,PAR,2012,11,4
PAR,PAR,2012,11,5
PAR,PAR,2012,11,6
PAR,PAR,2012,11,9
PAR,PAR,2012,11,10
PAR,PAR,2012,11,11
PAR,PAR,2012,11,12
PAR,PAR,2012,11,13
PAR,PAR,2012,11,16
PAR,PAR,2012,11,17
PAR,PAR,2012,11,18
PAR,PAR,2012,11,19
PAR,PAR,2012,11,20
PAR,PAR,2012,11,23
PAR,PAR,2012,11,24
PAR,PAR,2012,11,25
PAR,PAR,2012,11,26
PAR,PAR,2012,11,27
PAR,PAR,2012,11,30
PAR,PAR,2012,12,1
PAR,PAR,2012,12,2
PAR,PAR,2012,12,3
PAR,PAR,2012,12,4
PAR,PAR,2012,12,7
PAR,PAR,2012,12,8
PAR,PAR,2012,12,9
PAR,PAR,2012,12,10
PAR,PAR,2012,12,11
PAR,PAR,2012,12,14
PAR,PAR,2012,12,18
PAR,PAR,2012,12,19
PAR,PAR,2012,12,21
PAR,PAR,2012,12,22
PAR,PAR,2012,12,23
PAR,PAR,2012,12,26
PAR,PAR,2012,12,27
PAR,PAR,2012,12,28
PAR,PAR,2012,12,29
PAR,PAR,2012,12,30
PAR,PAR,2012,12,31
PAR,PAR,2013,1,1
PAR,PAR,2013,1,4
PAR,PAR,2013,1,5
PAR,PAR,2013,1,7
PAR,PAR,2013,1,8
PAR,PAR,2013,1,9
PAR,PAR,2013,1,11
PAR,PAR,2013,1,12
PAR,PAR,2013,1,14
PAR,PAR,2013,1,15
PAR,PAR,2013,1,16
PAR,PAR,2013,1,18
PAR,PAR,2013,1,19
PAR,PAR,2013,1,21
PAR,PAR,2013,1,22
PAR,PAR,2013,1,23
PAR,PAR,2013,1,25
PAR,PAR,2013,1,29
PAR,PAR,2013,1,31
PAR,PAR,2013,2,1
PAR,PAR,2013,2,2
PAR,PAR,2013,2,4
PAR,PAR,2013,2,5
PAR,PAR,2013,2,6
PAR,PAR,2013,2,8
PAR,PAR,2013,2,9
PAR,PAR,2013,2,10
PAR,PAR,2013,2,11
PAR,PAR,2013,2,12
PAR,PAR,2013,2,15
PAR,PAR,2013,2,16
PAR,PAR,2013,2,17
PAR,PAR,2013,2,18
PAR,PAR,2013,2,19
PAR,PAR,2013,2,22
PAR,PAR,2013,2,23
PAR,PAR,2013,2,24
PAR,PAR,2013,2,25
PAR,PAR,2013,2,26
PAR,PAR,2013,3,1
PAR,PAR,2013,3,2
PAR,PAR,2013,3,3
PAR,PAR,2013,3,4
PAR,PAR,2013,3,5
PAR,PAR,2013,3,8
PAR,PAR,2013,3,9
PAR,PAR,2013,3,10
PAR,PAR,2013,3,11
PAR,PAR,2013,3,12
PAR,PAR,2013,3,15
PAR,PAR,2013,3,16
PAR,PAR,2013,3,17
PAR,PAR,2013,3,18
PAR,PAR,2013,3,19
PAR,PAR,2013,3,22
PAR,PAR,2013,3,23
PAR,PAR,2013,3,24
PAR,PAR,2013,3,25
PAR,PAR,2013,3,26
PAR,PAR,2013,3,29
PAR,PAR,2013,3,30
PAR,PAR,2013,4,1
PAR,PAR,2013,4,2
PAR,PAR,2013,4,3
PAR,PAR,2013,4,5
PAR,PAR,2013,4,6
PAR,PAR,2013,4,7
PAR,PAR,2013,4,8
PAR,PAR,2013,4,9
PAR,PAR,2013,4,12
PAR,PAR,2013,4,13
PAR,PAR,2013,4,14
PAR,PAR,2013,4,15
PAR,PAR,2013,4,16
PAR,PAR,2013,4,19
PAR,PAR,2013,4,20
PAR,PAR,2013,4,21
PAR,PAR,2013,4,22
PAR,PAR,2013,4,23
PAR,PAR,2013,4,26
PAR,PAR,2013,4,27
PAR,PAR,2013,4,28
PAR,PAR,2013,4,29
PAR,PAR,2013,4,30
PAR,PAR,2013,5,3
PAR,PAR,2013,5,4
PAR,PAR,2013,5,5
PAR,PAR,2013,5,6
PAR,PAR,2013,5,7
PAR,PAR,2013,10,5
PAR,PAR,2013,10,6
PAR,PAR,2013,10,7
PAR,PAR,2013,10,8
PAR,PAR,2013,10,9
PAR,PAR,2013,10,12
PAR,PAR,2013,10,13
PAR,PAR,2013,10,14
PAR,PAR,2013,10,15
PAR,PAR,2013,10,16
PAR,PAR,2013,10,19
PAR,PAR,2013,10,20
PAR,PAR,2013,10,21
PAR,PAR,2013,10,22
PAR,PAR,2013,10,23
PAR,PAR,2013,10,26
PAR,PAR,2013,10,27
PAR,PAR,2013,10,28
PAR,PAR,2013,10,29
PAR,PAR,2013,11,1
PAR,PAR,2013,11,2
PAR,PAR,2013,11,3
PAR,PAR,2013,11,4
PAR,PAR,2013,11,5
PAR,PAR,2013,11,6
PAR,PAR,2013,11,9
PAR,PAR,2013,11,10
PAR,PAR,2013,11,11
PAR,PAR,2013,11,12
PAR,PAR,2013,11,13
PAR,PAR,2013,11,16
PAR,PAR,2013,11,17
PAR,PAR,2013,11,18
PAR,PAR,2013,11,19
PAR,PAR,2013,11,20
PAR,PAR,2013,11,23
PAR,PAR,2013,11,24
PAR,PAR,2013,11,25
PAR,PAR,2013,11,26
PAR,PAR,2013,11,29
PAR,PAR,2013,11,30
PAR,PAR,2013,12,1
PAR,PAR,2013,12,2
PAR,PAR,2013,12,3
PAR,PAR,2013,12,4
PAR,PAR,2013,12,7
PAR,PAR,2013,12,8
PAR,PAR,2013,12,9
PAR,PAR,2013,12,10
PAR,PAR,2013,12,11
PAR,PAR,2013,12,14
PAR,PAR,2013,12,15
PAR,PAR,2013,12,16
PAR,PAR,2013,12,17
PAR,PAR,2013,12,18
PAR,PAR,2013,12,20
PAR,PAR,2013,12,21
PAR,PAR,2013,12,22
PAR,PAR,2013,12,23
PAR,PAR,2013,12,26
PAR,PAR,2013,12,27
PAR,PAR,2013,12,28
PAR,PAR,2013,12,30
PAR,PAR,2013,12,31
PAR,PAR,2014,1,1
PAR,PAR,2014,1,3
PAR,PAR,2014,1,4
PAR,PAR,2014,1,6
PAR,PAR,2014,1,7
PAR,PAR,2014,1,8
PAR,PAR,2014,1,10
PAR,PAR,2014,1,11
PAR,PAR,2014,1,13
PAR,PAR,2014,1,14
PAR,PAR,2014,1,15
PAR,PAR,2014,1,17
PAR,PAR,2014,1,18
PAR,PAR,2014,1,20
PAR,PAR,2014,1,21
PAR,PAR,2014,1,22
PAR,PAR,2014,1,24
PAR,PAR,2014,1,25
PAR,PAR,2014,1,26
PAR,PAR,2014,1,27
PAR,PAR,2014,1,28
PAR,PAR,2014,1,29
PAR,PAR,2014,2,1
PAR,PAR,2014,2,3
PAR,PAR,2014,2,4
PAR,PAR,2014,2,5
PAR,PAR,2014,2,7
PAR,PAR,2014,2,8
PAR,PAR,2014,2,9
PAR,PAR,2014,2,10
PAR,PAR,2014,2,11
PAR,PAR,2014,2,12
PAR,PAR,2014,2,15
PAR,PAR,2014,2,16
PAR,PAR,2014,2,17
PAR,PAR,2014,2,18
PAR,PAR,2014,2,19
PAR,PAR,2014,2,22
PAR,PAR,2014,2,23
PAR,PAR,2014,2,24
PAR,PAR,2014,2,25
PAR,PAR,2014,2,26
PAR,PAR,2014,3,1
PAR,PAR,2014,3,2
PAR,PAR,2014,3,3
PAR,PAR,2014,3,4
PAR,PAR,2014,3,5
PAR,PAR,2014,3,8
PAR,PAR,2014,3,9
PAR,PAR,2014,3,10
PAR,PAR,2014,3,11
PAR,PAR,2014,3,12
PAR,PAR,2014,3,15
PAR,PAR,2014,3,16
PAR,PAR,2014,3,17
PAR,PAR,2014,3,18
PAR,PAR,2014,3,19
PAR,PAR,2014,3,22
PAR,PAR,2014,3,23
PAR,PAR,2014,3,24
PAR,PAR,2014,3,26
PAR,PAR,2014,3,29
PAR,PAR,2014,3,30
PAR,PAR,2014,3,31
PAR,PAR,2014,4,1
PAR,PAR,2014,4,2
PAR,PAR,2014,4,5
PAR,PAR,2014,4,6
PAR,PAR,2014,4,7
PAR,PAR,2014,4,8
PAR,PAR,2014,4,9
PAR,PAR,2014,4,12
PAR,PAR,2014,4,13
PAR,PAR,2014,4,14
PAR,PAR,2014,4,15
PAR,PAR,2014,4,16
PAR,PAR,2014,4,19
PAR,PAR,2014,4,21
PAR,PAR,2014,4,22
PAR,PAR,2014,4,23
PAR,PAR,2014,4,26
PAR,PAR,2014,4,28
PAR,PAR,2014,4,29
PAR,PAR,2014,4,30
PAR,PAR,2014,5,2
PAR,PAR,2014,5,3
PAR,PAR,2014,5,4
PAR,PAR,2014,10,18
PAR,PAR,2014,10,19
PAR,PAR,2014,10,20
PAR,PAR,2014,10,25
PAR,PAR,2014,10,26
PAR,PAR,2014,10,27
PAR,PAR,2014,10,28
PAR,PAR,2014,10,29
PAR,PAR,2014,10,31
PAR,PAR,2014,11,1
PAR,PAR,2014,11,2
PAR,PAR,2014,11,3
PAR,PAR,2014,11,4
PAR,PAR,2014,11,5
PAR,PAR,2014,11,8
PAR,PAR,2014,11,9
PAR,PAR,2014,11,10
PAR,PAR,2014,11,11
PAR,PAR,2014,11,12
PAR,PAR,2014,11,15
PAR,PAR,2014,11,16
PAR,PAR,2014,11,17
PAR,PAR,2014,11,18
PAR,PAR,2014,11,19
PAR,PAR,2014,11,22
PAR,PAR,2014,11,23
PAR,PAR,2014,11,24
PAR,PAR,2014,11,25
PAR,PAR,2014,11,28
PAR,PAR,2014,11,29
PAR,PAR,2014,11,30
PAR,PAR,2015,3,28
PAR,PAR,2015,3,29
PAR,PAR,2015,3,30
PAR,PAR,2015,3,31
PAR,PAR,2015,4,1
PAR,PAR,2015,4,4
PAR,PAR,2015,4,6
PAR,PAR,2015,4,7
PAR,PAR,2015,4,8
PAR,PAR,2015,4,11
PAR,PAR,2015,4,12
PAR,PAR,2015,4,13
PAR,PAR,2015,4,14
PAR,PAR,2015,4,15
PAR,PAR,2015,4,18
PAR,PAR,2015,4,19
PAR,PAR,2015,4,20
PAR,PAR,2015,4,21
PAR,PAR,2015,4,22
PAR,PAR,2015,4,25
PAR,PAR,2015,4,26
PAR,PAR,2015,4,27
PAR,PAR,2015,4,28
PAR,PAR,2015,4,29
PAR,PAR,2015,5,1
PAR,PAR,2015,5,2
PAR,PAR,2015,5,3
PAR,PAR,2015,5,5
PAR,PAR,2015,10,17
PAR,PAR,2015,10,18
PAR,PAR,2015,10,19
PAR,PAR,2015,10,24
PAR,PAR,2015,10,25
PAR,PAR,2015,10,26
PAR,PAR,2015,10,30
PAR,PAR,2015,10,31
PAR,PAR,2015,11,1
PAR,PAR,2015,11,2
PAR,PAR,2015,11,3
PAR,PAR,2015,11,7
PAR,PAR,2015,11,8
PAR,PAR,2015,11,9
PAR,PAR,2015,11,10
PAR,PAR,2015,11,11
PAR,PAR,2015,11,14
PAR,PAR,2015,11,15
PAR,PAR,2015,11,16
PAR,PAR,2015,11,17
PAR,PAR,2015,11,18
PAR,PAR,2015,11,21
PAR,PAR,2015,11,22
PAR,PAR,2015,11,23
PAR,PAR,2015,11,24
PEN,PEN,1998,8,14
PEN,PEN,1998,8,15
PEN,PEN,1998,8,16
PEN,PEN,1998,8,19
PEN,PEN,1998,8,21
PEN,PEN,1998,8,22
PEN,PEN,1998,8,23
PEN,PEN,1998,8,26
PEN,PEN,1998,8,28
PEN,PEN,1998,8,29
PEN,PEN,1998,8,30
PEN,PEN,1998,9,2
PEN,PEN,1998,9,4
PEN,PEN,1998,9,5
PEN,PEN,1998,9,6
PEN,PEN,1998,9,7
PEN,PEN,1998,9,11
PEN,PEN,1998,9,12
PEN,PEN,1998,9,13
PEN,PEN,1998,9,16
PEN,PEN,1998,9,18
PEN,PEN,1998,9,19
PEN,PEN,1998,9,20
PEN,PEN,1998,9,23
PEN,PEN,1998,9,25
PEN,PEN,1998,9,26
PEN,PEN,1998,9,27
PEN,PEN,1998,9,30
PEN,PEN,1998,10,2
PEN,PEN,1998,10,3
PEN,PEN,1998,10,4
PEN,PEN,1998,10,7
PEN,PEN,1998,10,9
PEN,PEN,1998,10,10
PEN,PEN,1998,10,11
PEN,PEN,1998,10,12
PEN,PEN,1998,10,14
PEN,PEN,1998,10,16
PEN,PEN,1998,10,17
PEN,PEN,1998,10,18
PEN,PEN,1998,10,21
PEN,PEN,1998,10,23
PEN,PEN,1998,10,24
PEN,PEN,1998,10,25
PEN,PEN,1998,10,28
PEN,PEN,1998,10,30
PEN,PEN,1998,10,31
PEN,PEN,1998,11,1
PEN,PEN,1998,11,4
PEN,PEN,1998,11,6
PEN,PEN,1998,11,7
PEN,PEN,1998,11,8
PEN,PEN,1998,11,11
PEN,PEN,1998,11,13
PEN,PEN,1998,11,14
PEN,PEN,1998,11,15
PEN,PEN,1998,11,18
PEN,PEN,1998,11,20
PEN,PEN,1998,11,22
PEN,PEN,1998,11,25
PEN,PEN,1998,11,27
PEN,PEN,1998,11,28
PEN,PEN,1998,11,29
PEN,PEN,1998,12,2
PEN,PEN,1998,12,4
PEN,PEN,1998,12,5
PEN,PEN,1998,12,6
PEN,PEN,1998,12,9
PEN,PEN,1998,12,11
PEN,PEN,1998,12,12
PEN,PEN,1998,12,13
PEN,PEN,1998,12,16
PEN,PEN,1998,12,18
PEN,PEN,1998,12,19
PEN,PEN,1998,12,20
PEN,PEN,1998,12,23
PEN,PEN,1998,12,26
PEN,PEN,1998,12,27
PEN,PEN,1998,12,30
PEN,PEN,1999,4,23
PEN,PEN,1999,4,24
PEN,PEN,1999,4,30
PEN,PEN,1999,5,1
PEN,PEN,1999,5,2
PEN,PEN,1999,5,7
PEN,PEN,1999,5,8
PEN,PEN,1999,5,9
PEN,PEN,1999,5,14
PEN,PEN,1999,5,15
PEN,PEN,1999,5,16
PEN,PEN,1999,5,22
PEN,PEN,1999,5,23
PEN,PEN,1999,5,28
PEN,PEN,1999,5,29
PEN,PEN,1999,5,30
PEN,PEN,1999,5,31
PEN,PEN,1999,6,4
PEN,PEN,1999,6,5
PEN,PEN,1999,6,6
PEN,PEN,1999,6,11
PEN,PEN,1999,6,12
PEN,PEN,1999,6,13
PEN,PEN,1999,6,18
PEN,PEN,1999,6,19
PEN,PEN,1999,6,23
PEN,PEN,1999,6,25
PEN,PEN,1999,6,26
PEN,PEN,1999,6,30
PEN,PEN,1999,7,2
PEN,PEN,1999,7,3
PEN,PEN,1999,7,4
PEN,PEN,1999,7,7
PEN,PEN,1999,7,9
PEN,PEN,1999,7,10
PEN,PEN,1999,7,11
PEN,PEN,1999,7,14
PEN,PEN,1999,7,16
PEN,PEN,1999,7,18
PEN,PEN,1999,7,21
PEN,PEN,1999,7,23
PEN,PEN,1999,7,24
PEN,PEN,1999,7,25
PEN,PEN,1999,7,28
PEN,PEN,1999,7,30
PEN,PEN,1999,7,31
PEN,PEN,1999,8,1
PEN,PEN,1999,8,4
PEN,PEN,1999,8,8
PEN,PEN,1999,8,11
PEN,PEN,1999,8,15
PEN,PEN,1999,8,18
PEN,PEN,1999,8,20
PEN,PEN,1999,8,21
PEN,PEN,1999,8,22
PEN,PEN,1999,8,25
PEN,PEN,1999,8,29
PEN,PEN,1999,9,1
PEN,PEN,1999,9,3
PEN,PEN,1999,9,4
PEN,PEN,1999,9,5
PEN,PEN,1999,9,6
PEN,PEN,1999,9,10
PEN,PEN,1999,9,11
PEN,PEN,1999,9,12
PEN,PEN,1999,9,17
PEN,PEN,1999,9,18
PEN,PEN,1999,9,19
PEN,PEN,1999,9,22
PEN,PEN,1999,9,24
PEN,PEN,1999,9,25
PEN,PEN,1999,9,26
PEN,PEN,1999,9,29
PEN,PEN,1999,10,1
PEN,PEN,1999,10,2
PEN,PEN,1999,10,3
PEN,PEN,1999,10,6
PEN,PEN,1999,10,8
PEN,PEN,1999,10,9
PEN,PEN,1999,10,10
PEN,PEN,1999,10,11
PEN,PEN,1999,10,13
PEN,PEN,1999,10,15
PEN,PEN,1999,10,16
PEN,PEN,1999,10,17
PEN,PEN,1999,10,20
PEN,PEN,1999,10,22
PEN,PEN,1999,10,23
PEN,PEN,1999,10,24
PEN,PEN,1999,10,27
PEN,PEN,1999,10,29
PEN,PEN,1999,10,30
PEN,PEN,1999,10,31
PEN,PEN,1999,11,3
PEN,PEN,1999,11,5
PEN,PEN,1999,11,6
PEN,PEN,1999,11,7
PEN,PEN,1999,11,10
PEN,PEN,1999,11,12
PEN,PEN,1999,11,13
PEN,PEN,1999,11,14
PEN,PEN,1999,11,17
PEN,PEN,1999,11,19
PEN,PEN,1999,11,24
PEN,PEN,1999,11,26
PEN,PEN,1999,11,27
PEN,PEN,1999,11,28
PEN,PEN,1999,12,1
PEN,PEN,1999,12,4
PEN,PEN,1999,12,5
PEN,PEN,1999,12,8
PEN,PEN,1999,12,10
PEN,PEN,1999,12,12
PEN,PEN,1999,12,15
PEN,PEN,1999,12,19
PEN,PEN,1999,12,22
PEN,PEN,1999,12,26
PEN,PEN,1999,12,29
PEN,PEN,2000,4,12
PEN,PEN,2000,4,14
PEN,PEN,2000,4,15
PEN,PEN,2000,4,16
PEN,PEN,2000,4,19
PEN,PEN,2000,4,21
PEN,PEN,2000,4,22
PEN,PEN,2000,4,26
PEN,PEN,2000,4,28
PEN,PEN,2000,4,29
PEN,PEN,2000,4,30
PEN,PEN,2000,5,3
PEN,PEN,2000,5,5
PEN,PEN,2000,5,6
PEN,PEN,2000,5,7
PEN,PEN,2000,5,14
PEN,PEN,2000,5,17
PEN,PEN,2000,5,19
PEN,PEN,2000,5,20
PEN,PEN,2000,5,21
PEN,PEN,2000,5,24
PEN,PEN,2000,5,26
PEN,PEN,2000,5,27
PEN,PEN,2000,5,28
PEN,PEN,2000,5,29
PEN,PEN,2000,5,31
PEN,PEN,2000,6,2
PEN,PEN,2000,6,3
PEN,PEN,2000,6,4
PEN,PEN,2000,6,7
PEN,PEN,2000,6,9
PEN,PEN,2000,6,10
PEN,PEN,2000,6,11
PEN,PEN,2000,6,14
PEN,PEN,2000,7,7
PEN,PEN,2000,7,8
PEN,PEN,2000,7,12
PEN,PEN,2000,7,14
PEN,PEN,2000,7,15
PEN,PEN,2000,7,16
PEN,PEN,2000,7,19
PEN,PEN,2000,7,21
PEN,PEN,2000,7,22
PEN,PEN,2000,7,23
PEN,PEN,2000,7,26
PEN,PEN,2000,7,28
PEN,PEN,2000,7,29
PEN,PEN,2000,7,30
PEN,PEN,2000,8,2
PEN,PEN,2000,8,4
PEN,PEN,2000,8,6
PEN,PEN,2000,8,9
PEN,PEN,2000,8,11
PEN,PEN,2000,8,13
PEN,PEN,2000,8,16
PEN,PEN,2000,8,18
PEN,PEN,2000,8,23
PEN,PEN,2000,8,25
PEN,PEN,2000,8,26
PEN,PEN,2000,8,30
PEN,PEN,2000,9,1
PEN,PEN,2000,9,2
PEN,PEN,2000,9,3
PEN,PEN,2000,9,4
PEN,PEN,2000,9,9
PEN,PEN,2000,9,10
PEN,PEN,2000,9,13
PEN,PEN,2000,9,15
PEN,PEN,2000,9,16
PEN,PEN,2000,9,20
PEN,PEN,2000,9,22
PEN,PEN,2000,9,23
PEN,PEN,2000,9,24
PEN,PEN,2000,9,27
PEN,PEN,2000,9,29
PEN,PEN,2000,9,30
PEN,PEN,2000,10,1
PEN,PEN,2000,10,4
PEN,PEN,2000,10,7
PEN,PEN,2000,10,8
PEN,PEN,2000,10,11
PEN,PEN,2000,10,13
PEN,PEN,2000,10,14
PEN,PEN,2000,10,15
PEN,PEN,2000,10,18
PEN,PEN,2000,10,20
PEN,PEN,2000,10,21
PEN,PEN,2000,10,22
PEN,PEN,2000,10,25
PEN,PEN,2000,10,27
PEN,PEN,2000,10,28
PEN,PEN,2000,10,29
PEN,PEN,2000,11,1
PEN,PEN,2000,11,3
PEN,PEN,2000,11,4
PEN,PEN,2000,11,5
PEN,PEN,2000,11,8
PEN,PEN,2000,11,10
PEN,PEN,2000,11,11
PEN,PEN,2000,11,12
PEN,PEN,2000,11,15
PEN,PEN,2000,11,17
PEN,PEN,2000,11,18
PEN,PEN,2000,11,19
PEN,PEN,2000,11,22
PEN,PEN,2000,11,24
PEN,PEN,2000,11,25
PEN,PEN,2000,11,26
PEN,PEN,2000,11,29
PEN,PEN,2000,12,1
PEN,PEN,2000,12,2
PEN,PEN,2000,12,3
PEN,PEN,2000,12,6
PEN,PEN,2000,12,8
PEN,PEN,2000,12,9
PEN,PEN,2000,12,10
PEN,PEN,2000,12,13
PEN,PEN,2000,12,15
PEN,PEN,2000,12,16
PEN,PEN,2000,12,23
PEN,PEN,2000,12,27
PEN,PEN,2000,12,29
PEN,PEN,2000,12,30
PEN,PEN,2000,12,31
PEN,PEN,2001,1,3
PEN,PEN,2001,1,4
PEN,PEN,2001,1,6
PEN,PEN,2001,1,10
PEN,PEN,2001,1,11
PEN,PEN,2001,1,12
PEN,PEN,2001,1,13
PEN,PEN,2001,1,17
PEN,PEN,2001,1,18
PEN,PEN,2001,1,19
PEN,PEN,2001,1,20
PEN,PEN,2001,1,24
PEN,PEN,2001,1,25
PEN,PEN,2001,1,26
PEN,PEN,2001,1,31
PEN,PEN,2001,2,1
PEN,PEN,2001,2,2
PEN,PEN,2001,2,3
PEN,PEN,2001,2,7
PEN,PEN,2001,2,8
PEN,PEN,2001,2,9
PEN,PEN,2001,2,10
PEN,PEN,2001,2,21
PEN,PEN,2001,2,22
PEN,PEN,2001,2,23
PEN,PEN,2001,2,24
PEN,PEN,2001,2,28
PEN,PEN,2001,3,1
PEN,PEN,2001,3,2
PEN,PEN,2001,3,3
PEN,PEN,2001,3,7
PEN,PEN,2001,3,8
PEN,PEN,2001,3,9
PEN,PEN,2001,3,10
PEN,PEN,2001,3,14
PEN,PEN,2001,3,16
PEN,PEN,2001,3,17
PEN,PEN,2001,3,21
PEN,PEN,2001,3,22
PEN,PEN,2001,3,23
PEN,PEN,2001,3,24
PEN,PEN,2001,3,28
PEN,PEN,2001,3,29
PEN,PEN,2001,4,4
PEN,PEN,2001,4,5
PEN,PEN,2001,4,6
PEN,PEN,2001,4,7
PEN,PEN,2001,4,11
PEN,PEN,2001,4,12
PEN,PEN,2001,4,13
PEN,PEN,2001,4,14
PEN,PEN,2001,4,18
PEN,PEN,2001,4,19
PEN,PEN,2001,4,20
PEN,PEN,2001,4,21
PEN,PEN,2001,4,26
PEN,PEN,2001,5,2
PEN,PEN,2001,5,3
PEN,PEN,2001,5,4
PEN,PEN,2001,5,5
PEN,PEN,2001,5,10
PEN,PEN,2001,5,11
PEN,PEN,2001,5,12
PEN,PEN,2001,5,17
PEN,PEN,2001,5,18
PEN,PEN,2001,5,19
PEN,PEN,2001,5,24
PEN,PEN,2001,5,25
PEN,PEN,2001,5,26
PEN,PEN,2001,5,27
PEN,PEN,2001,5,28
PEN,PEN,2001,6,1
PEN,PEN,2001,6,2
PEN,PEN,2001,6,6
PEN,PEN,2001,6,7
PEN,PEN,2001,6,8
PEN,PEN,2001,6,13
PEN,PEN,2001,6,14
PEN,PEN,2001,6,15
PEN,PEN,2001,6,16
PEN,PEN,2001,6,20
PEN,PEN,2001,6,22
PEN,PEN,2001,6,23
PEN,PEN,2001,6,27
PEN,PEN,2001,6,28
PEN,PEN,2001,6,30
PEN,PEN,2001,7,4
PEN,PEN,2001,7,7
PEN,PEN,2001,7,11
PEN,PEN,2001,7,13
PEN,PEN,2001,7,14
PEN,PEN,2001,7,18
PEN,PEN,2001,7,19
PEN,PEN,2001,7,20
PEN,PEN,2001,7,21
PEN,PEN,2001,7,28
PEN,PEN,2001,8,9
PEN,PEN,2001,8,10
PEN,PEN,2001,8,11
PEN,PEN,2001,8,17
PEN,PEN,2001,8,18
PEN,PEN,2001,8,22
PEN,PEN,2001,8,23
PEN,PEN,2001,8,24
PEN,PEN,2001,8,25
PEN,PEN,2001,8,31
PEN,PEN,2001,9,1
PEN,PEN,2001,9,2
PEN,PEN,2001,9,3
PEN,PEN,2001,9,7
PEN,PEN,2001,9,8
PEN,PEN,2001,9,13
PEN,PEN,2001,9,14
PEN,PEN,2001,9,15
PEN,PEN,2001,9,19
PEN,PEN,2001,9,20
PEN,PEN,2001,9,21
PEN,PEN,2001,9,22
PEN,PEN,2001,9,26
PEN,PEN,2001,9,27
PEN,PEN,2001,9,28
PEN,PEN,2001,9,29
PEN,PEN,2001,10,3
PEN,PEN,2001,10,5
PEN,PEN,2001,10,6
PEN,PEN,2001,10,10
PEN,PEN,2001,10,11
PEN,PEN,2001,10,12
PEN,PEN,2001,10,13
PEN,PEN,2001,10,17
PEN,PEN,2001,10,18
PEN,PEN,2001,10,19
PEN,PEN,2001,10,20
PEN,PEN,2001,10,26
PEN,PEN,2001,10,27
PEN,PEN,2001,11,1
PEN,PEN,2001,11,3
PEN,PEN,2001,11,7
PEN,PEN,2001,11,8
PEN,PEN,2001,11,9
PEN,PEN,2001,11,10
PEN,PEN,2001,11,14
PEN,PEN,2001,11,15
PEN,PEN,2001,11,16
PEN,PEN,2001,11,17
PEN,PEN,2001,11,21
PEN,PEN,2001,11,24
PEN,PEN,2001,11,28
PEN,PEN,2001,11,29
PEN,PEN,2001,11,30
PEN,PEN,2001,12,1
PEN,PEN,2001,12,5
PEN,PEN,2001,12,6
PEN,PEN,2001,12,7
PEN,PEN,2001,12,8
PEN,PEN,2001,12,12
PEN,PEN,2001,12,14
PEN,PEN,2001,12,15
PEN,PEN,2001,12,20
PEN,PEN,2001,12,21
PEN,PEN,2001,12,23
PEN,PEN,2001,12,26
PEN,PEN,2001,12,27
PEN,PEN,2001,12,29
PEN,PEN,2001,12,30
PEN,PEN,2002,1,2
PEN,PEN,2002,1,3
PEN,PEN,2002,1,5
PEN,PEN,2002,1,9
PEN,PEN,2002,1,10
PEN,PEN,2002,1,12
PEN,PEN,2002,1,16
PEN,PEN,2002,1,17
PEN,PEN,2002,1,18
PEN,PEN,2002,1,23
PEN,PEN,2002,1,24
PEN,PEN,2002,1,25
PEN,PEN,2002,1,26
PEN,PEN,2002,1,27
PEN,PEN,2002,1,30
PEN,PEN,2002,1,31
PEN,PEN,2002,2,1
PEN,PEN,2002,2,2
PEN,PEN,2002,2,6
PEN,PEN,2002,2,7
PEN,PEN,2002,2,8
PEN,PEN,2002,2,9
PEN,PEN,2002,2,13
PEN,PEN,2002,2,14
PEN,PEN,2002,2,15
PEN,PEN,2002,2,16
PEN,PEN,2002,2,20
PEN,PEN,2002,2,21
PEN,PEN,2002,2,22
PEN,PEN,2002,2,23
PEN,PEN,2002,2,27
PEN,PEN,2002,2,28
PEN,PEN,2002,3,1
PEN,PEN,2002,3,2
PEN,PEN,2002,3,6
PEN,PEN,2002,3,7
PEN,PEN,2002,3,8
PEN,PEN,2002,3,9
PEN,PEN,2002,3,13
PEN,PEN,2002,3,14
PEN,PEN,2002,3,15
PEN,PEN,2002,3,16
PEN,PEN,2002,3,20
PEN,PEN,2002,3,21
PEN,PEN,2002,3,22
PEN,PEN,2002,3,23
PEN,PEN,2002,3,27
PEN,PEN,2002,3,28
PEN,PEN,2002,3,29
PEN,PEN,2002,3,30
PEN,PEN,2002,4,3
PEN,PEN,2002,4,4
PEN,PEN,2002,4,5
PEN,PEN,2002,4,6
PEN,PEN,2002,4,10
PEN,PEN,2002,4,11
PEN,PEN,2002,4,12
PEN,PEN,2002,4,13
PEN,PEN,2002,4,17
PEN,PEN,2002,4,18
PEN,PEN,2002,4,19
PEN,PEN,2002,4,24
PEN,PEN,2002,4,25
PEN,PEN,2002,4,26
PEN,PEN,2002,4,27
PEN,PEN,2002,5,15
PEN,PEN,2002,5,16
PEN,PEN,2002,5,17
PEN,PEN,2002,5,18
PEN,PEN,2002,5,22
PEN,PEN,2002,5,23
PEN,PEN,2002,5,24
PEN,PEN,2002,5,25
PEN,PEN,2002,5,29
PEN,PEN,2002,5,30
PEN,PEN,2002,5,31
PEN,PEN,2002,6,1
PEN,PEN,2002,6,5
PEN,PEN,2002,6,6
PEN,PEN,2002,6,7
PEN,PEN,2002,6,8
PEN,PEN,2002,6,12
PEN,PEN,2002,6,13
PEN,PEN,2002,6,14
PEN,PEN,2002,6,15
PEN,PEN,2002,6,19
PEN,PEN,2002,6,21
PEN,PEN,2002,6,22
PEN,PEN,2002,6,26
PEN,PEN,2002,6,27
PEN,PEN,2002,6,28
PEN,PEN,2002,6,29
PEN,PEN,2002,7,3
PEN,PEN,2002,7,4
PEN,PEN,2002,7,5
PEN,PEN,2002,7,6
PEN,PEN,2002,7,10
PEN,PEN,2002,7,11
PEN,PEN,2002,7,12
PEN,PEN,2002,7,13
PEN,PEN,2002,7,17
PEN,PEN,2002,7,18
PEN,PEN,2002,7,19
PEN,PEN,2002,7,20
PEN,PEN,2002,7,24
PEN,PEN,2002,7,25
PEN,PEN,2002,7,26
PEN,PEN,2002,7,27
PEN,PEN,2002,7,31
PEN,PEN,2002,8,1
PEN,PEN,2002,8,2
PEN,PEN,2002,8,3
PEN,PEN,2002,8,7
PEN,PEN,2002,8,8
PEN,PEN,2002,8,9
PEN,PEN,2002,8,10
PEN,PEN,2002,8,14
PEN,PEN,2002,8,15
PEN,PEN,2002,8,16
PEN,PEN,2002,8,17
PEN,PEN,2002,8,21
PEN,PEN,2002,8,22
PEN,PEN,2002,8,23
PEN,PEN,2002,8,24
PEN,PEN,2002,8,28
PEN,PEN,2002,8,29
PEN,PEN,2002,8,30
PEN,PEN,2002,8,31
PEN,PEN,2002,9,13
PEN,PEN,2002,9,14
PEN,PEN,2002,9,18
PEN,PEN,2002,9,19
PEN,PEN,2002,9,20
PEN,PEN,2002,9,21
PEN,PEN,2002,9,25
PEN,PEN,2002,9,26
PEN,PEN,2002,9,27
PEN,PEN,2002,9,28
PEN,PEN,2002,10,2
PEN,PEN,2002,10,3
PEN,PEN,2002,10,4
PEN,PEN,2002,10,5
PEN,PEN,2002,10,9
PEN,PEN,2002,10,10
PEN,PEN,2002,10,11
PEN,PEN,2002,10,12
PEN,PEN,2002,10,16
PEN,PEN,2002,10,17
PEN,PEN,2002,10,18
PEN,PEN,2002,10,19
PEN,PEN,2002,10,23
PEN,PEN,2002,10,24
PEN,PEN,2002,10,25
PEN,PEN,2002,10,26
PEN,PEN,2002,10,30
PEN,PEN,2002,10,31
PEN,PEN,2002,11,1
PEN,PEN,2002,11,2
PEN,PEN,2002,11,6
PEN,PEN,2002,11,7
PEN,PEN,2002,11,8
PEN,PEN,2002,11,9
PEN,PEN,2002,11,13
PEN,PEN,2002,11,14
PEN,PEN,2002,11,15
PEN,PEN,2002,11,16
PEN,PEN,2002,11,20
PEN,PEN,2002,11,21
PEN,PEN,2002,11,22
PEN,PEN,2002,11,23
PEN,PEN,2002,11,27
PEN,PEN,2002,11,29
PEN,PEN,2002,11,30
PEN,PEN,2002,12,4
PEN,PEN,2002,12,6
PEN,PEN,2002,12,7
PEN,PEN,2002,12,12
PEN,PEN,2002,12,13
PEN,PEN,2002,12,14
PEN,PEN,2002,12,18
PEN,PEN,2002,12,19
PEN,PEN,2002,12,20
PEN,PEN,2002,12,21
PEN,PEN,2002,12,22
PEN,PEN,2002,12,27
PEN,PEN,2002,12,28
PEN,PEN,2002,12,29
PEN,PEN,2003,1,2
PEN,PEN,2003,1,4
PEN,PEN,2003,1,8
PEN,PEN,2003,1,9
PEN,PEN,2003,1,10
PEN,PEN,2003,1,11
PEN,PEN,2003,1,15
PEN,PEN,2003,1,16
PEN,PEN,2003,1,17
PEN,PEN,2003,1,18
PEN,PEN,2003,1,20
PEN,PEN,2003,1,22
PEN,PEN,2003,1,24
PEN,PEN,2003,1,25
PEN,PEN,2003,1,29
PEN,PEN,2003,1,30
PEN,PEN,2003,1,31
PEN,PEN,2003,2,1
PEN,PEN,2003,2,5
PEN,PEN,2003,2,6
PEN,PEN,2003,2,7
PEN,PEN,2003,2,8
PEN,PEN,2003,2,13
PEN,PEN,2003,2,14
PEN,PEN,2003,2,15
PEN,PEN,2003,2,20
PEN,PEN,2003,2,21
PEN,PEN,2003,2,22
PEN,PEN,2003,2,26
PEN,PEN,2003,2,27
PEN,PEN,2003,3,5
PEN,PEN,2003,3,6
PEN,PEN,2003,3,7
PEN,PEN,2003,3,8
PEN,PEN,2003,3,12
PEN,PEN,2003,3,13
PEN,PEN,2003,3,14
PEN,PEN,2003,3,15
PEN,PEN,2003,3,19
PEN,PEN,2003,3,20
PEN,PEN,2003,3,21
PEN,PEN,2003,3,22
PEN,PEN,2003,3,26
PEN,PEN,2003,3,27
PEN,PEN,2003,3,28
PEN,PEN,2003,3,29
PEN,PEN,2003,4,2
PEN,PEN,2003,4,3
PEN,PEN,2003,4,4
PEN,PEN,2003,4,5
PEN,PEN,2003,4,9
PEN,PEN,2003,4,10
PEN,PEN,2003,4,11
PEN,PEN,2003,4,12
PEN,PEN,2003,4,16
PEN,PEN,2003,4,17
PEN,PEN,2003,4,18
PEN,PEN,2003,4,19
PEN,PEN,2003,4,23
PEN,PEN,2003,4,24
PEN,PEN,2003,4,25
PEN,PEN,2003,4,26
PEN,PEN,2003,4,30
PEN,PEN,2003,5,1
PEN,PEN,2003,5,2
PEN,PEN,2003,5,3
PEN,PEN,2003,5,7
PEN,PEN,2003,5,8
PEN,PEN,2003,5,9
PEN,PEN,2003,5,10
PEN,PEN,2003,5,14
PEN,PEN,2003,5,15
PEN,PEN,2003,5,16
PEN,PEN,2003,5,17
PEN,PEN,2003,5,21
PEN,PEN,2003,5,22
PEN,PEN,2003,5,23
PEN,PEN,2003,5,24
PEN,PEN,2003,5,28
PEN,PEN,2003,5,29
PEN,PEN,2003,5,30
PEN,PEN,2003,5,31
PEN,PEN,2003,6,4
PEN,PEN,2003,6,5
PEN,PEN,2003,6,6
PEN,PEN,2003,6,7
PEN,PEN,2003,6,11
PEN,PEN,2003,6,12
PEN,PEN,2003,6,13
PEN,PEN,2003,6,14
PEN,PEN,2003,6,18
PEN,PEN,2003,6,19
PEN,PEN,2003,6,20
PEN,PEN,2003,6,21
PEN,PEN,2003,6,25
PEN,PEN,2003,6,26
PEN,PEN,2003,6,27
PEN,PEN,2003,6,28
PEN,PEN,2003,7,2
PEN,PEN,2003,7,3
PEN,PEN,2003,7,4
PEN,PEN,2003,7,5
PEN,PEN,2003,7,9
PEN,PEN,2003,7,10
PEN,PEN,2003,7,11
PEN,PEN,2003,7,12
PEN,PEN,2003,7,16
PEN,PEN,2003,7,17
PEN,PEN,2003,7,18
PEN,PEN,2003,7,19
PEN,PEN,2003,7,23
PEN,PEN,2003,7,24
PEN,PEN,2003,7,25
PEN,PEN,2003,7,26
PEN,PEN,2003,7,30
PEN,PEN,2003,7,31
PEN,PEN,2003,8,1
PEN,PEN,2003,8,2
PEN,PEN,2003,8,6
PEN,PEN,2003,8,7
PEN,PEN,2003,8,8
PEN,PEN,2003,8,9
PEN,PEN,2003,8,13
PEN,PEN,2003,8,14
PEN,PEN,2003,8,15
PEN,PEN,2003,8,16
PEN,PEN,2003,8,20
PEN,PEN,2003,8,21
PEN,PEN,2003,8,22
PEN,PEN,2003,8,23
PEN,PEN,2003,8,27
PEN,PEN,2003,8,28
PEN,PEN,2003,8,29
PEN,PEN,2003,8,30
PEN,PEN,2003,9,11
PEN,PEN,2003,9,12
PEN,PEN,2003,9,13
PEN,PEN,2003,9,17
PEN,PEN,2003,9,18
PEN,PEN,2003,9,19
PEN,PEN,2003,9,20
PEN,PEN,2003,9,24
PEN,PEN,2003,9,25
PEN,PEN,2003,9,26
PEN,PEN,2003,9,27
PEN,PEN,2003,10,1
PEN,PEN,2003,10,2
PEN,PEN,2003,10,3
PEN,PEN,2003,10,4
PEN,PEN,2003,10,8
PEN,PEN,2003,10,9
PEN,PEN,2003,10,10
PEN,PEN,2003,10,11
PEN,PEN,2003,10,15
PEN,PEN,2003,10,16
PEN,PEN,2003,10,17
PEN,PEN,2003,10,18
PEN,PEN,2003,10,22
PEN,PEN,2003,10,23
PEN,PEN,2003,10,24
PEN,PEN,2003,10,25
PEN,PEN,2003,10,29
PEN,PEN,2003,10,30
PEN,PEN,2003,10,31
PEN,PEN,2003,11,1
PEN,PEN,2003,11,5
PEN,PEN,2003,11,6
PEN,PEN,2003,11,7
PEN,PEN,2003,11,8
PEN,PEN,2003,11,12
PEN,PEN,2003,11,14
PEN,PEN,2003,11,15
PEN,PEN,2003,11,19
PEN,PEN,2003,11,20
PEN,PEN,2003,11,21
PEN,PEN,2003,11,22
PEN,PEN,2003,11,25
PEN,PEN,2003,11,26
PEN,PEN,2003,11,28
PEN,PEN,2003,11,29
PEN,PEN,2003,12,3
PEN,PEN,2003,12,4
PEN,PEN,2003,12,10
PEN,PEN,2003,12,11
PEN,PEN,2003,12,12
PEN,PEN,2003,12,13
PEN,PEN,2003,12,17
PEN,PEN,2003,12,18
PEN,PEN,2003,12,19
PEN,PEN,2003,12,20
PEN,PEN,2003,12,26
PEN,PEN,2003,12,27
PEN,PEN,2003,12,28
PEN,PEN,2003,12,29
PEN,PEN,2003,12,30
PEN,PEN,2004,1,2
PEN,PEN,2004,1,3
PEN,PEN,2004,1,7
PEN,PEN,2004,1,8
PEN,PEN,2004,1,9
PEN,PEN,2004,1,14
PEN,PEN,2004,1,15
PEN,PEN,2004,1,17
PEN,PEN,2004,1,21
PEN,PEN,2004,1,22
PEN,PEN,2004,1,24
PEN,PEN,2004,1,29
PEN,PEN,2004,1,30
PEN,PEN,2004,1,31
PEN,PEN,2004,2,7
PEN,PEN,2004,2,11
PEN,PEN,2004,2,12
PEN,PEN,2004,2,13
PEN,PEN,2004,2,14
PEN,PEN,2004,2,18
PEN,PEN,2004,2,19
PEN,PEN,2004,2,20
PEN,PEN,2004,2,21
PEN,PEN,2004,2,25
PEN,PEN,2004,2,26
PEN,PEN,2004,2,27
PEN,PEN,2004,2,28
PEN,PEN,2004,3,3
PEN,PEN,2004,3,4
PEN,PEN,2004,3,5
PEN,PEN,2004,3,6
PEN,PEN,2004,3,10
PEN,PEN,2004,3,11
PEN,PEN,2004,3,12
PEN,PEN,2004,3,13
PEN,PEN,2004,3,17
PEN,PEN,2004,3,18
PEN,PEN,2004,3,19
PEN,PEN,2004,3,20
PEN,PEN,2004,3,24
PEN,PEN,2004,3,25
PEN,PEN,2004,3,26
PEN,PEN,2004,3,27
PEN,PEN,2004,3,31
PEN,PEN,2004,4,1
PEN,PEN,2004,4,2
PEN,PEN,2004,4,3
PEN,PEN,2004,4,7
PEN,PEN,2004,4,8
PEN,PEN,2004,4,9
PEN,PEN,2004,4,10
PEN,PEN,2004,4,14
PEN,PEN,2004,4,15
PEN,PEN,2004,4,16
PEN,PEN,2004,4,17
PEN,PEN,2004,4,21
PEN,PEN,2004,4,22
PEN,PEN,2004,4,23
PEN,PEN,2004,4,24
PEN,PEN,2004,4,28
PEN,PEN,2004,4,29
PEN,PEN,2004,4,30
PEN,PEN,2004,5,1
PEN,PEN,2004,5,5
PEN,PEN,2004,5,6
PEN,PEN,2004,5,7
PEN,PEN,2004,5,8
PEN,PEN,2004,5,12
PEN,PEN,2004,5,13
PEN,PEN,2004,5,14
PEN,PEN,2004,5,15
PEN,PEN,2004,5,19
PEN,PEN,2004,5,20
PEN,PEN,2004,5,21
PEN,PEN,2004,5,22
PEN,PEN,2004,5,26
PEN,PEN,2004,5,27
PEN,PEN,2004,5,28
PEN,PEN,2004,5,29
PEN,PEN,2004,6,2
PEN,PEN,2004,6,3
PEN,PEN,2004,6,4
PEN,PEN,2004,6,5
PEN,PEN,2004,6,9
PEN,PEN,2004,6,10
PEN,PEN,2004,6,11
PEN,PEN,2004,6,12
PEN,PEN,2004,6,16
PEN,PEN,2004,6,17
PEN,PEN,2004,6,18
PEN,PEN,2004,6,19
PEN,PEN,2004,6,23
PEN,PEN,2004,6,24
PEN,PEN,2004,6,25
PEN,PEN,2004,6,26
PEN,PEN,2004,6,30
PEN,PEN,2004,7,1
PEN,PEN,2004,7,2
PEN,PEN,2004,7,3
PEN,PEN,2004,7,7
PEN,PEN,2004,7,8
PEN,PEN,2004,7,9
PEN,PEN,2004,7,10
PEN,PEN,2004,7,14
PEN,PEN,2004,7,15
PEN,PEN,2004,7,16
PEN,PEN,2004,7,17
PEN,PEN,2004,7,21
PEN,PEN,2004,7,22
PEN,PEN,2004,7,23
PEN,PEN,2004,7,24
PEN,PEN,2004,7,28
PEN,PEN,2004,7,29
PEN,PEN,2004,7,30
PEN,PEN,2004,7,31
PEN,PEN,2004,8,4
PEN,PEN,2004,8,5
PEN,PEN,2004,8,6
PEN,PEN,2004,8,7
PEN,PEN,2004,8,11
PEN,PEN,2004,8,12
PEN,PEN,2004,8,13
PEN,PEN,2004,8,14
PEN,PEN,2004,8,18
PEN,PEN,2004,8,19
PEN,PEN,2004,8,20
PEN,PEN,2004,8,21
PEN,PEN,2004,8,25
PEN,PEN,2004,8,26
PEN,PEN,2004,8,27
PEN,PEN,2004,8,28
PEN,PEN,2004,9,1
PEN,PEN,2004,9,2
PEN,PEN,2004,9,3
PEN,PEN,2004,9,4
PEN,PEN,2004,9,16
PEN,PEN,2004,9,17
PEN,PEN,2004,9,18
PEN,PEN,2004,9,22
PEN,PEN,2004,9,23
PEN,PEN,2004,9,24
PEN,PEN,2004,9,25
PEN,PEN,2004,9,29
PEN,PEN,2004,9,30
PEN,PEN,2004,10,1
PEN,PEN,2004,10,2
PEN,PEN,2004,10,6
PEN,PEN,2004,10,7
PEN,PEN,2004,10,8
PEN,PEN,2004,10,9
PEN,PEN,2004,10,13
PEN,PEN,2004,10,14
PEN,PEN,2004,10,15
PEN,PEN,2004,10,16
PEN,PEN,2004,10,20
PEN,PEN,2004,10,21
PEN,PEN,2004,10,22
PEN,PEN,2004,10,23
PEN,PEN,2004,10,27
PEN,PEN,2004,10,28
PEN,PEN,2004,10,29
PEN,PEN,2004,10,30
PEN,PEN,2004,11,3
PEN,PEN,2004,11,4
PEN,PEN,2004,11,5
PEN,PEN,2004,11,6
PEN,PEN,2004,11,10
PEN,PEN,2004,11,11
PEN,PEN,2004,11,12
PEN,PEN,2004,11,13
PEN,PEN,2004,11,17
PEN,PEN,2004,11,18
PEN,PEN,2004,11,19
PEN,PEN,2004,11,20
PEN,PEN,2004,11,23
PEN,PEN,2004,11,24
PEN,PEN,2004,11,26
PEN,PEN,2004,11,27
PEN,PEN,2004,12,1
PEN,PEN,2004,12,2
PEN,PEN,2004,12,3
PEN,PEN,2004,12,4
PEN,PEN,2004,12,8
PEN,PEN,2004,12,9
PEN,PEN,2004,12,10
PEN,PEN,2004,12,11
PEN,PEN,2004,12,15
PEN,PEN,2004,12,16
PEN,PEN,2004,12,17
PEN,PEN,2004,12,18
PEN,PEN,2004,12,21
PEN,PEN,2004,12,22
PEN,PEN,2004,12,23
PEN,PEN,2004,12,27
PEN,PEN,2004,12,28
PEN,PEN,2004,12,29
PEN,PEN,2004,12,30
PEN,PEN,2005,1,5
PEN,PEN,2005,1,6
PEN,PEN,2005,1,7
PEN,PEN,2005,1,8
PEN,PEN,2005,1,12
PEN,PEN,2005,1,13
PEN,PEN,2005,1,14
PEN,PEN,2005,1,15
PEN,PEN,2005,1,19
PEN,PEN,2005,1,20
PEN,PEN,2005,1,21
PEN,PEN,2005,1,26
PEN,PEN,2005,1,29
PEN,PEN,2005,2,2
PEN,PEN,2005,2,3
PEN,PEN,2005,2,4
PEN,PEN,2005,2,5
PEN,PEN,2005,2,9
PEN,PEN,2005,2,10
PEN,PEN,2005,2,11
PEN,PEN,2005,2,12
PEN,PEN,2005,2,16
PEN,PEN,2005,2,17
PEN,PEN,2005,2,18
PEN,PEN,2005,2,19
PEN,PEN,2005,2,23
PEN,PEN,2005,2,25
PEN,PEN,2005,2,26
PEN,PEN,2005,3,4
PEN,PEN,2005,3,5
PEN,PEN,2005,3,9
PEN,PEN,2005,3,10
PEN,PEN,2005,3,11
PEN,PEN,2005,3,12
PEN,PEN,2005,3,16
PEN,PEN,2005,3,17
PEN,PEN,2005,3,18
PEN,PEN,2005,3,19
PEN,PEN,2005,3,23
PEN,PEN,2005,3,24
PEN,PEN,2005,3,25
PEN,PEN,2005,3,26
PEN,PEN,2005,3,30
PEN,PEN,2005,3,31
PEN,PEN,2005,4,1
PEN,PEN,2005,4,2
PEN,PEN,2005,4,6
PEN,PEN,2005,4,7
PEN,PEN,2005,4,8
PEN,PEN,2005,4,9
PEN,PEN,2005,4,13
PEN,PEN,2005,4,14
PEN,PEN,2005,4,15
PEN,PEN,2005,4,16
PEN,PEN,2005,4,20
PEN,PEN,2005,4,21
PEN,PEN,2005,4,22
PEN,PEN,2005,4,23
PEN,PEN,2005,4,27
PEN,PEN,2005,4,28
PEN,PEN,2005,4,29
PEN,PEN,2005,4,30
PEN,PEN,2005,5,4
PEN,PEN,2005,5,5
PEN,PEN,2005,5,6
PEN,PEN,2005,5,7
PEN,PEN,2005,5,11
PEN,PEN,2005,5,12
PEN,PEN,2005,5,13
PEN,PEN,2005,5,14
PEN,PEN,2005,5,18
PEN,PEN,2005,5,19
PEN,PEN,2005,5,20
PEN,PEN,2005,5,21
PEN,PEN,2005,5,25
PEN,PEN,2005,5,26
PEN,PEN,2005,5,27
PEN,PEN,2005,5,28
PEN,PEN,2005,6,1
PEN,PEN,2005,6,2
PEN,PEN,2005,6,3
PEN,PEN,2005,6,4
PEN,PEN,2005,6,8
PEN,PEN,2005,6,10
PEN,PEN,2005,6,11
PEN,PEN,2005,6,15
PEN,PEN,2005,6,16
PEN,PEN,2005,6,17
PEN,PEN,2005,6,18
PEN,PEN,2005,6,22
PEN,PEN,2005,6,23
PEN,PEN,2005,6,24
PEN,PEN,2005,6,25
PEN,PEN,2005,6,29
PEN,PEN,2005,6,30
PEN,PEN,2005,7,1
PEN,PEN,2005,7,2
PEN,PEN,2005,7,6
PEN,PEN,2005,7,7
PEN,PEN,2005,7,8
PEN,PEN,2005,7,9
PEN,PEN,2005,7,13
PEN,PEN,2005,7,14
PEN,PEN,2005,7,15
PEN,PEN,2005,7,16
PEN,PEN,2005,7,20
PEN,PEN,2005,7,21
PEN,PEN,2005,7,22
PEN,PEN,2005,7,23
PEN,PEN,2005,7,27
PEN,PEN,2005,7,28
PEN,PEN,2005,7,29
PEN,PEN,2005,7,30
PEN,PEN,2005,8,3
PEN,PEN,2005,8,4
PEN,PEN,2005,8,5
PEN,PEN,2005,8,6
PEN,PEN,2005,8,10
PEN,PEN,2005,8,11
PEN,PEN,2005,8,12
PEN,PEN,2005,8,13
PEN,PEN,2005,8,17
PEN,PEN,2005,8,18
PEN,PEN,2005,8,19
PEN,PEN,2005,8,20
PEN,PEN,2005,8,24
PEN,PEN,2005,8,25
PEN,PEN,2005,8,26
PEN,PEN,2005,8,27
PEN,PEN,2005,8,31
PEN,PEN,2005,9,1
PEN,PEN,2005,9,2
PEN,PEN,2005,9,3
PEN,PEN,2005,9,15
PEN,PEN,2005,9,16
PEN,PEN,2005,9,17
PEN,PEN,2005,9,21
PEN,PEN,2005,9,22
PEN,PEN,2005,9,23
PEN,PEN,2005,9,24
PEN,PEN,2005,9,28
PEN,PEN,2005,9,29
PEN,PEN,2005,9,30
PEN,PEN,2005,10,1
PEN,PEN,2005,10,5
PEN,PEN,2005,10,6
PEN,PEN,2005,10,7
PEN,PEN,2005,10,8
PEN,PEN,2005,10,12
PEN,PEN,2005,10,13
PEN,PEN,2005,10,14
PEN,PEN,2005,10,15
PEN,PEN,2005,10,19
PEN,PEN,2005,10,20
PEN,PEN,2005,10,21
PEN,PEN,2005,10,22
PEN,PEN,2005,10,26
PEN,PEN,2005,10,27
PEN,PEN,2005,10,28
PEN,PEN,2005,10,29
PEN,PEN,2005,11,2
PEN,PEN,2005,11,3
PEN,PEN,2005,11,4
PEN,PEN,2005,11,5
PEN,PEN,2005,11,9
PEN,PEN,2005,11,10
PEN,PEN,2005,11,11
PEN,PEN,2005,11,12
PEN,PEN,2005,11,16
PEN,PEN,2005,11,17
PEN,PEN,2005,11,18
PEN,PEN,2005,11,19
PEN,PEN,2005,11,22
PEN,PEN,2005,11,23
PEN,PEN,2005,11,25
PEN,PEN,2005,11,26
PEN,PEN,2005,11,30
PEN,PEN,2005,12,1
PEN,PEN,2005,12,2
PEN,PEN,2005,12,3
PEN,PEN,2005,12,7
PEN,PEN,2005,12,8
PEN,PEN,2005,12,10
PEN,PEN,2005,12,14
PEN,PEN,2005,12,23
PEN,PEN,2005,12,27
PEN,PEN,2005,12,28
PEN,PEN,2005,12,29
PEN,PEN,2005,12,30
PEN,PEN,2006,1,4
PEN,PEN,2006,1,5
PEN,PEN,2006,1,7
PEN,PEN,2006,1,18
PEN,PEN,2006,1,19
PEN,PEN,2006,1,20
PEN,PEN,2006,1,21
PEN,PEN,2006,1,25
PEN,PEN,2006,1,26
PEN,PEN,2006,1,27
PEN,PEN,2006,1,28
PEN,PEN,2006,2,1
PEN,PEN,2006,2,2
PEN,PEN,2006,2,3
PEN,PEN,2006,2,4
PEN,PEN,2006,2,8
PEN,PEN,2006,2,9
PEN,PEN,2006,2,10
PEN,PEN,2006,2,11
PEN,PEN,2006,2,15
PEN,PEN,2006,2,16
PEN,PEN,2006,2,17
PEN,PEN,2006,2,18
PEN,PEN,2006,2,22
PEN,PEN,2006,2,23
PEN,PEN,2006,2,24
PEN,PEN,2006,2,25
PEN,PEN,2006,3,1
PEN,PEN,2006,3,2
PEN,PEN,2006,3,3
PEN,PEN,2006,3,4
PEN,PEN,2006,3,8
PEN,PEN,2006,3,9
PEN,PEN,2006,3,10
PEN,PEN,2006,3,11
PEN,PEN,2006,3,15
PEN,PEN,2006,3,16
PEN,PEN,2006,3,17
PEN,PEN,2006,3,18
PEN,PEN,2006,3,22
PEN,PEN,2006,3,23
PEN,PEN,2006,3,24
PEN,PEN,2006,3,25
PEN,PEN,2006,3,29
PEN,PEN,2006,3,30
PEN,PEN,2006,3,31
PEN,PEN,2006,4,1
PEN,PEN,2006,4,5
PEN,PEN,2006,4,6
PEN,PEN,2006,4,7
PEN,PEN,2006,4,8
PEN,PEN,2006,4,26
PEN,PEN,2006,4,27
PEN,PEN,2006,4,28
PEN,PEN,2006,4,29
PEN,PEN,2006,5,3
PEN,PEN,2006,5,4
PEN,PEN,2006,5,5
PEN,PEN,2006,5,6
PEN,PEN,2006,5,10
PEN,PEN,2006,5,11
PEN,PEN,2006,5,12
PEN,PEN,2006,5,13
PEN,PEN,2006,5,17
PEN,PEN,2006,5,18
PEN,PEN,2006,5,19
PEN,PEN,2006,5,20
PEN,PEN,2006,5,24
PEN,PEN,2006,5,25
PEN,PEN,2006,5,26
PEN,PEN,2006,5,27
PEN,PEN,2006,5,30
PEN,PEN,2006,5,31
PEN,PEN,2006,6,1
PEN,PEN,2006,6,6
PEN,PEN,2006,6,7
PEN,PEN,2006,6,8
PEN,PEN,2006,6,13
PEN,PEN,2006,6,14
PEN,PEN,2006,6,15
PEN,PEN,2006,6,20
PEN,PEN,2006,6,21
PEN,PEN,2006,6,22
PEN,PEN,2006,6,27
PEN,PEN,2006,6,28
PEN,PEN,2006,6,29
PEN,PEN,2006,7,4
PEN,PEN,2006,7,5
PEN,PEN,2006,7,6
PEN,PEN,2006,7,11
PEN,PEN,2006,7,12
PEN,PEN,2006,7,13
PEN,PEN,2006,7,18
PEN,PEN,2006,7,19
PEN,PEN,2006,7,20
PEN,PEN,2006,7,25
PEN,PEN,2006,7,26
PEN,PEN,2006,7,27
PEN,PEN,2006,8,1
PEN,PEN,2006,8,2
PEN,PEN,2006,8,3
PEN,PEN,2006,8,8
PEN,PEN,2006,8,9
PEN,PEN,2006,8,10
PEN,PEN,2006,8,15
PEN,PEN,2006,8,16
PEN,PEN,2006,8,17
PEN,PEN,2006,8,22
PEN,PEN,2006,8,23
PEN,PEN,2006,8,24
PEN,PEN,2006,8,29
PEN,PEN,2006,8,30
PEN,PEN,2006,8,31
PEN,PEN,2006,9,5
PEN,PEN,2006,9,6
PEN,PEN,2006,9,7
PEN,PEN,2006,9,12
PEN,PEN,2006,9,13
PEN,PEN,2006,9,14
PEN,PEN,2006,9,19
PEN,PEN,2006,9,20
PEN,PEN,2006,9,21
PEN,PEN,2006,9,26
PEN,PEN,2006,9,27
PEN,PEN,2006,9,28
PEN,PEN,2006,10,3
PEN,PEN,2006,10,4
PEN,PEN,2006,10,5
PEN,PEN,2006,10,10
PEN,PEN,2006,10,11
PEN,PEN,2006,10,12
PEN,PEN,2006,10,17
PEN,PEN,2006,10,18
PEN,PEN,2006,10,19
PEN,PEN,2006,10,24
PEN,PEN,2006,10,25
PEN,PEN,2006,10,26
PEN,PEN,2006,10,31
PEN,PEN,2006,11,1
PEN,PEN,2006,11,2
PEN,PEN,2006,11,7
PEN,PEN,2006,11,8
PEN,PEN,2006,11,9
PEN,PEN,2006,11,14
PEN,PEN,2006,11,15
PEN,PEN,2006,11,24
PEN,PEN,2006,11,28
PEN,PEN,2006,11,29
PEN,PEN,2006,11,30
PEN,PEN,2006,12,5
PEN,PEN,2006,12,6
PEN,PEN,2006,12,7
PEN,PEN,2006,12,12
PEN,PEN,2006,12,13
PEN,PEN,2006,12,14
PEN,PEN,2006,12,19
PEN,PEN,2006,12,20
PEN,PEN,2006,12,21
PEN,PEN,2006,12,26
PEN,PEN,2006,12,27
PEN,PEN,2006,12,28
PEN,PEN,2007,1,2
PEN,PEN,2007,1,3
PEN,PEN,2007,1,4
PEN,PEN,2007,1,9
PEN,PEN,2007,1,10
PEN,PEN,2007,1,11
PEN,PEN,2007,1,16
PEN,PEN,2007,1,17
PEN,PEN,2007,1,18
PEN,PEN,2007,1,23
PEN,PEN,2007,1,24
PEN,PEN,2007,1,30
PEN,PEN,2007,1,31
PEN,PEN,2007,2,1
PEN,PEN,2007,2,27
PEN,PEN,2007,2,28
PEN,PEN,2007,3,1
PEN,PEN,2007,3,6
PEN,PEN,2007,3,7
PEN,PEN,2007,3,8
PEN,PEN,2007,3,13
PEN,PEN,2007,3,14
PEN,PEN,2007,3,15
PEN,PEN,2007,3,20
PEN,PEN,2007,3,21
PEN,PEN,2007,3,22
PEN,PEN,2007,3,27
PEN,PEN,2007,3,28
PEN,PEN,2007,3,29
PEN,PEN,2007,4,3
PEN,PEN,2007,4,4
PEN,PEN,2007,4,5
PEN,PEN,2007,4,6
PEN,PEN,2007,4,10
PEN,PEN,2007,4,11
PEN,PEN,2007,4,12
PEN,PEN,2007,4,13
PEN,PEN,2007,4,17
PEN,PEN,2007,4,18
PEN,PEN,2007,4,19
PEN,PEN,2007,4,20
PEN,PEN,2007,4,24
PEN,PEN,2007,4,25
PEN,PEN,2007,4,26
PEN,PEN,2007,4,27
PEN,PEN,2007,5,1
PEN,PEN,2007,5,2
PEN,PEN,2007,5,3
PEN,PEN,2007,5,4
PEN,PEN,2007,5,8
PEN,PEN,2007,5,9
PEN,PEN,2007,5,10
PEN,PEN,2007,5,11
PEN,PEN,2007,5,15
PEN,PEN,2007,5,16
PEN,PEN,2007,5,17
PEN,PEN,2007,5,18
PEN,PEN,2007,5,22
PEN,PEN,2007,5,23
PEN,PEN,2007,5,24
PEN,PEN,2007,5,25
PEN,PEN,2007,5,29
PEN,PEN,2007,5,30
PEN,PEN,2007,5,31
PEN,PEN,2007,6,1
PEN,PEN,2007,6,5
PEN,PEN,2007,6,6
PEN,PEN,2007,6,7
PEN,PEN,2007,6,8
PEN,PEN,2007,6,12
PEN,PEN,2007,6,13
PEN,PEN,2007,6,14
PEN,PEN,2007,6,15
PEN,PEN,2007,6,20
PEN,PEN,2007,6,21
PEN,PEN,2007,6,22
PEN,PEN,2007,6,26
PEN,PEN,2007,6,27
PEN,PEN,2007,6,28
PEN,PEN,2007,6,29
PEN,PEN,2007,7,3
PEN,PEN,2007,7,4
PEN,PEN,2007,7,5
PEN,PEN,2007,7,6
PEN,PEN,2007,7,10
PEN,PEN,2007,7,11
PEN,PEN,2007,7,12
PEN,PEN,2007,7,13
PEN,PEN,2007,7,17
PEN,PEN,2007,7,18
PEN,PEN,2007,7,19
PEN,PEN,2007,7,20
PEN,PEN,2007,7,24
PEN,PEN,2007,7,25
PEN,PEN,2007,7,26
PEN,PEN,2007,7,27
PEN,PEN,2007,7,31
PEN,PEN,2007,8,1
PEN,PEN,2007,8,2
PEN,PEN,2007,8,3
PEN,PEN,2007,8,7
PEN,PEN,2007,8,8
PEN,PEN,2007,8,9
PEN,PEN,2007,8,10
PEN,PEN,2007,8,14
PEN,PEN,2007,8,15
PEN,PEN,2007,8,16
PEN,PEN,2007,8,17
PEN,PEN,2007,8,21
PEN,PEN,2007,8,22
PEN,PEN,2007,8,23
PEN,PEN,2007,8,24
PEN,PEN,2007,8,28
PEN,PEN,2007,8,29
PEN,PEN,2007,8,30
PEN,PEN,2007,8,31
PEN,PEN,2007,9,4
PEN,PEN,2007,9,5
PEN,PEN,2007,9,6
PEN,PEN,2007,9,7
PEN,PEN,2007,9,11
PEN,PEN,2007,9,12
PEN,PEN,2007,9,13
PEN,PEN,2007,9,14
PEN,PEN,2007,9,18
PEN,PEN,2007,9,19
PEN,PEN,2007,9,20
PEN,PEN,2007,9,21
PEN,PEN,2007,9,25
PEN,PEN,2007,9,26
PEN,PEN,2007,9,27
PEN,PEN,2007,9,28
PEN,PEN,2007,10,2
PEN,PEN,2007,10,3
PEN,PEN,2007,10,4
PEN,PEN,2007,10,5
PEN,PEN,2007,10,9
PEN,PEN,2007,10,10
PEN,PEN,2007,10,11
PEN,PEN,2007,10,12
PEN,PEN,2007,10,16
PEN,PEN,2007,10,17
PEN,PEN,2007,10,18
PEN,PEN,2007,10,19
PEN,PEN,2007,10,23
PEN,PEN,2007,10,24
PEN,PEN,2007,10,25
PEN,PEN,2007,10,26
PEN,PEN,2007,10,30
PEN,PEN,2007,10,31
PEN,PEN,2007,11,1
PEN,PEN,2007,11,2
PEN,PEN,2007,11,6
PEN,PEN,2007,11,7
PEN,PEN,2007,11,8
PEN,PEN,2007,11,9
PEN,PEN,2007,11,13
PEN,PEN,2007,11,14
PEN,PEN,2007,11,15
PEN,PEN,2007,11,16
PEN,PEN,2007,11,20
PEN,PEN,2007,11,23
PEN,PEN,2007,11,27
PEN,PEN,2007,11,29
PEN,PEN,2007,11,30
PEN,PEN,2007,12,4
PEN,PEN,2007,12,6
PEN,PEN,2007,12,7
PEN,PEN,2007,12,11
PEN,PEN,2007,12,14
PEN,PEN,2007,12,18
PEN,PEN,2007,12,21
PEN,PEN,2008,2,14
PEN,PEN,2008,2,15
PEN,PEN,2008,2,16
PEN,PEN,2008,2,19
PEN,PEN,2008,2,20
PEN,PEN,2008,2,21
PEN,PEN,2008,2,23
PEN,PEN,2008,2,26
PEN,PEN,2008,2,27
PEN,PEN,2008,2,28
PEN,PEN,2008,2,29
PEN,PEN,2008,3,1
PEN,PEN,2008,3,4
PEN,PEN,2008,3,5
PEN,PEN,2008,3,6
PEN,PEN,2008,3,7
PEN,PEN,2008,3,8
PEN,PEN,2008,3,11
PEN,PEN,2008,3,12
PEN,PEN,2008,3,13
PEN,PEN,2008,3,14
PEN,PEN,2008,3,15
PEN,PEN,2008,3,18
PEN,PEN,2008,3,19
PEN,PEN,2008,3,20
PEN,PEN,2008,3,21
PEN,PEN,2008,3,22
PEN,PEN,2008,3,25
PEN,PEN,2008,3,26
PEN,PEN,2008,3,27
PEN,PEN,2008,3,28
PEN,PEN,2008,3,29
PEN,PEN,2008,4,1
PEN,PEN,2008,4,2
PEN,PEN,2008,4,3
PEN,PEN,2008,4,4
PEN,PEN,2008,4,5
PEN,PEN,2008,4,9
PEN,PEN,2008,4,10
PEN,PEN,2008,4,11
PEN,PEN,2008,4,12
PEN,PEN,2008,4,16
PEN,PEN,2008,4,17
PEN,PEN,2008,4,18
PEN,PEN,2008,4,19
PEN,PEN,2008,4,23
PEN,PEN,2008,4,24
PEN,PEN,2008,4,25
PEN,PEN,2008,4,26
PEN,PEN,2008,4,30
PEN,PEN,2008,5,1
PEN,PEN,2008,5,2
PEN,PEN,2008,5,3
PEN,PEN,2008,5,7
PEN,PEN,2008,5,8
PEN,PEN,2008,5,9
PEN,PEN,2008,5,10
PEN,PEN,2008,5,14
PEN,PEN,2008,5,15
PEN,PEN,2008,5,16
PEN,PEN,2008,5,17
PEN,PEN,2008,5,21
PEN,PEN,2008,5,22
PEN,PEN,2008,5,23
PEN,PEN,2008,5,24
PEN,PEN,2008,5,28
PEN,PEN,2008,5,29
PEN,PEN,2008,5,30
PEN,PEN,2008,5,31
PEN,PEN,2008,6,3
PEN,PEN,2008,6,4
PEN,PEN,2008,6,5
PEN,PEN,2008,6,6
PEN,PEN,2008,6,7
PEN,PEN,2008,6,10
PEN,PEN,2008,6,11
PEN,PEN,2008,6,12
PEN,PEN,2008,6,13
PEN,PEN,2008,6,14
PEN,PEN,2008,6,17
PEN,PEN,2008,6,18
PEN,PEN,2008,6,19
PEN,PEN,2008,6,20
PEN,PEN,2008,6,21
PEN,PEN,2008,6,24
PEN,PEN,2008,6,25
PEN,PEN,2008,6,26
PEN,PEN,2008,6,27
PEN,PEN,2008,6,28
PEN,PEN,2008,7,1
PEN,PEN,2008,7,2
PEN,PEN,2008,7,3
PEN,PEN,2008,7,4
PEN,PEN,2008,7,5
PEN,PEN,2008,7,8
PEN,PEN,2008,7,9
PEN,PEN,2008,7,10
PEN,PEN,2008,7,11
PEN,PEN,2008,7,12
PEN,PEN,2008,7,15
PEN,PEN,2008,7,16
PEN,PEN,2008,7,17
PEN,PEN,2008,7,18
PEN,PEN,2008,7,19
PEN,PEN,2008,7,22
PEN,PEN,2008,7,23
PEN,PEN,2008,7,24
PEN,PEN,2008,7,25
PEN,PEN,2008,7,26
PEN,PEN,2008,7,29
PEN,PEN,2008,7,30
PEN,PEN,2008,7,31
PEN,PEN,2008,8,1
PEN,PEN,2008,8,2
PEN,PEN,2008,8,6
PEN,PEN,2008,8,7
PEN,PEN,2008,8,8
PEN,PEN,2008,8,9
PEN,PEN,2008,8,13
PEN,PEN,2008,8,14
PEN,PEN,2008,8,15
PEN,PEN,2008,8,16
PEN,PEN,2008,8,20
PEN,PEN,2008,8,21
PEN,PEN,2008,8,22
PEN,PEN,2008,8,23
PEN,PEN,2008,8,27
PEN,PEN,2008,8,28
PEN,PEN,2008,8,29
PEN,PEN,2008,8,30
PEN,PEN,2008,9,3
PEN,PEN,2008,9,4
PEN,PEN,2008,9,5
PEN,PEN,2008,9,6
PEN,PEN,2008,9,10
PEN,PEN,2008,9,11
PEN,PEN,2008,9,12
PEN,PEN,2008,9,13
PEN,PEN,2008,9,17
PEN,PEN,2008,9,18
PEN,PEN,2008,9,19
PEN,PEN,2008,9,20
PEN,PEN,2008,10,31
PEN,PEN,2008,11,1
PEN,PEN,2008,11,4
PEN,PEN,2008,11,5
PEN,PEN,2008,11,6
PEN,PEN,2008,11,7
PEN,PEN,2008,11,8
PEN,PEN,2008,11,11
PEN,PEN,2008,11,12
PEN,PEN,2008,11,13
PEN,PEN,2008,11,14
PEN,PEN,2008,11,15
PEN,PEN,2008,11,18
PEN,PEN,2008,11,19
PEN,PEN,2008,11,20
PEN,PEN,2008,11,21
PEN,PEN,2008,11,22
PEN,PEN,2008,11,25
PEN,PEN,2008,11,26
PEN,PEN,2008,11,28
PEN,PEN,2008,11,29
PEN,PEN,2008,12,2
PEN,PEN,2008,12,3
PEN,PEN,2008,12,4
PEN,PEN,2008,12,5
PEN,PEN,2008,12,6
PEN,PEN,2008,12,9
PEN,PEN,2008,12,10
PEN,PEN,2008,12,11
PEN,PEN,2008,12,12
PEN,PEN,2008,12,18
PEN,PEN,2008,12,20
PEN,PEN,2008,12,26
PEN,PEN,2008,12,27
PEN,PEN,2008,12,29
PEN,PEN,2008,12,30
PEN,PEN,2009,1,2
PEN,PEN,2009,1,3
PEN,PEN,2009,1,7
PEN,PEN,2009,1,8
PEN,PEN,2009,1,9
PEN,PEN,2009,1,13
PEN,PEN,2009,1,14
PEN,PEN,2009,1,15
PEN,PEN,2009,1,17
PEN,PEN,2009,1,20
PEN,PEN,2009,1,21
PEN,PEN,2009,1,22
PEN,PEN,2009,1,23
PEN,PEN,2009,1,24
PEN,PEN,2009,1,27
PEN,PEN,2009,1,30
PEN,PEN,2009,1,31
PEN,PEN,2009,2,4
PEN,PEN,2009,2,5
PEN,PEN,2009,2,6
PEN,PEN,2009,2,7
PEN,PEN,2009,2,11
PEN,PEN,2009,2,13
PEN,PEN,2009,2,14
PEN,PEN,2009,2,18
PEN,PEN,2009,2,20
PEN,PEN,2009,2,21
PEN,PEN,2009,2,25
PEN,PEN,2009,2,26
PEN,PEN,2009,2,27
PEN,PEN,2009,2,28
PEN,PEN,2009,3,4
PEN,PEN,2009,3,5
PEN,PEN,2009,3,6
PEN,PEN,2009,3,7
PEN,PEN,2009,3,11
PEN,PEN,2009,3,12
PEN,PEN,2009,3,13
PEN,PEN,2009,3,14
PEN,PEN,2009,3,18
PEN,PEN,2009,3,19
PEN,PEN,2009,3,20
PEN,PEN,2009,3,21
PEN,PEN,2009,3,25
PEN,PEN,2009,3,26
PEN,PEN,2009,3,27
PEN,PEN,2009,3,28
PEN,PEN,2009,4,1
PEN,PEN,2009,4,2
PEN,PEN,2009,4,3
PEN,PEN,2009,4,4
PEN,PEN,2009,4,8
PEN,PEN,2009,4,9
PEN,PEN,2009,4,10
PEN,PEN,2009,4,11
PEN,PEN,2009,4,15
PEN,PEN,2009,4,16
PEN,PEN,2009,4,17
PEN,PEN,2009,4,18
PEN,PEN,2009,4,22
PEN,PEN,2009,4,23
PEN,PEN,2009,4,24
PEN,PEN,2009,4,25
PEN,PEN,2009,4,29
PEN,PEN,2009,4,30
PEN,PEN,2009,5,1
PEN,PEN,2009,5,2
PEN,PEN,2009,5,6
PEN,PEN,2009,5,9
PEN,PEN,2009,5,13
PEN,PEN,2009,5,14
PEN,PEN,2009,5,15
PEN,PEN,2009,5,20
PEN,PEN,2009,5,21
PEN,PEN,2009,5,22
PEN,PEN,2009,5,23
PEN,PEN,2009,5,27
PEN,PEN,2009,5,28
PEN,PEN,2009,5,29
PEN,PEN,2009,5,30
PEN,PEN,2009,6,3
PEN,PEN,2009,6,4
PEN,PEN,2009,6,5
PEN,PEN,2009,6,6
PEN,PEN,2009,6,10
PEN,PEN,2009,6,11
PEN,PEN,2009,6,12
PEN,PEN,2009,6,13
PEN,PEN,2009,6,17
PEN,PEN,2009,6,18
PEN,PEN,2009,6,19
PEN,PEN,2009,6,20
PEN,PEN,2009,6,24
PEN,PEN,2009,6,25
PEN,PEN,2009,6,26
PEN,PEN,2009,6,27
PEN,PEN,2009,7,1
PEN,PEN,2009,7,2
PEN,PEN,2009,7,3
PEN,PEN,2009,7,4
PEN,PEN,2009,7,8
PEN,PEN,2009,7,9
PEN,PEN,2009,7,10
PEN,PEN,2009,7,11
PEN,PEN,2009,7,15
PEN,PEN,2009,7,16
PEN,PEN,2009,7,17
PEN,PEN,2009,7,18
PEN,PEN,2009,7,22
PEN,PEN,2009,7,23
PEN,PEN,2009,7,24
PEN,PEN,2009,7,25
PEN,PEN,2009,7,29
PEN,PEN,2009,7,30
PEN,PEN,2009,7,31
PEN,PEN,2009,8,1
PEN,PEN,2009,8,4
PEN,PEN,2009,8,5
PEN,PEN,2009,8,6
PEN,PEN,2009,8,7
PEN,PEN,2009,8,8
PEN,PEN,2009,8,11
PEN,PEN,2009,8,12
PEN,PEN,2009,8,13
PEN,PEN,2009,8,14
PEN,PEN,2009,8,15
PEN,PEN,2009,8,18
PEN,PEN,2009,8,19
PEN,PEN,2009,8,20
PEN,PEN,2009,8,21
PEN,PEN,2009,8,22
PEN,PEN,2009,8,25
PEN,PEN,2009,8,26
PEN,PEN,2009,8,27
PEN,PEN,2009,8,28
PEN,PEN,2009,8,29
PEN,PEN,2009,9,2
PEN,PEN,2009,9,3
PEN,PEN,2009,9,4
PEN,PEN,2009,9,5
PEN,PEN,2009,9,9
PEN,PEN,2009,9,10
PEN,PEN,2009,9,11
PEN,PEN,2009,9,12
PEN,PEN,2009,9,30
PEN,PEN,2009,10,1
PEN,PEN,2009,10,3
PEN,PEN,2009,10,6
PEN,PEN,2009,10,7
PEN,PEN,2009,10,8
PEN,PEN,2009,10,9
PEN,PEN,2009,10,10
PEN,PEN,2009,10,13
PEN,PEN,2009,10,14
PEN,PEN,2009,10,15
PEN,PEN,2009,10,16
PEN,PEN,2009,10,17
PEN,PEN,2009,10,20
PEN,PEN,2009,10,21
PEN,PEN,2009,10,22
PEN,PEN,2009,10,23
PEN,PEN,2009,10,24
PEN,PEN,2009,10,27
PEN,PEN,2009,10,28
PEN,PEN,2009,10,29
PEN,PEN,2009,10,30
PEN,PEN,2009,10,31
PEN,PEN,2009,11,3
PEN,PEN,2009,11,4
PEN,PEN,2009,11,5
PEN,PEN,2009,11,6
PEN,PEN,2009,11,7
PEN,PEN,2009,11,10
PEN,PEN,2009,11,11
PEN,PEN,2009,11,12
PEN,PEN,2009,11,13
PEN,PEN,2009,11,14
PEN,PEN,2009,11,17
PEN,PEN,2009,11,18
PEN,PEN,2009,11,19
PEN,PEN,2009,11,20
PEN,PEN,2009,11,21
PEN,PEN,2009,11,24
PEN,PEN,2009,11,25
PEN,PEN,2009,11,27
PEN,PEN,2009,11,28
PEN,PEN,2009,12,1
PEN,PEN,2009,12,2
PEN,PEN,2009,12,3
PEN,PEN,2009,12,4
PEN,PEN,2009,12,5
PEN,PEN,2009,12,8
PEN,PEN,2009,12,9
PEN,PEN,2009,12,10
PEN,PEN,2009,12,11
PEN,PEN,2009,12,12
PEN,PEN,2009,12,15
PEN,PEN,2009,12,16
PEN,PEN,2009,12,17
PEN,PEN,2009,12,18
PEN,PEN,2009,12,21
PEN,PEN,2009,12,22
PEN,PEN,2009,12,23
PEN,PEN,2009,12,26
PEN,PEN,2009,12,28
PEN,PEN,2009,12,30
PEN,PEN,2010,1,6
PEN,PEN,2010,1,7
PEN,PEN,2010,1,8
PEN,PEN,2010,1,9
PEN,PEN,2010,1,13
PEN,PEN,2010,1,14
PEN,PEN,2010,1,15
PEN,PEN,2010,1,16
PEN,PEN,2010,1,20
PEN,PEN,2010,1,21
PEN,PEN,2010,1,22
PEN,PEN,2010,1,23
PEN,PEN,2010,1,27
PEN,PEN,2010,1,28
PEN,PEN,2010,1,29
PEN,PEN,2010,1,30
PEN,PEN,2010,2,3
PEN,PEN,2010,2,4
PEN,PEN,2010,2,17
PEN,PEN,2010,2,18
PEN,PEN,2010,2,19
PEN,PEN,2010,2,20
PEN,PEN,2010,2,24
PEN,PEN,2010,3,3
PEN,PEN,2010,3,4
PEN,PEN,2010,3,5
PEN,PEN,2010,3,6
PEN,PEN,2010,3,10
PEN,PEN,2010,3,11
PEN,PEN,2010,3,12
PEN,PEN,2010,3,13
PEN,PEN,2010,3,17
PEN,PEN,2010,3,18
PEN,PEN,2010,3,19
PEN,PEN,2010,3,20
PEN,PEN,2010,3,24
PEN,PEN,2010,3,25
PEN,PEN,2010,3,26
PEN,PEN,2010,3,27
PEN,PEN,2010,3,31
PEN,PEN,2010,4,1
PEN,PEN,2010,4,2
PEN,PEN,2010,4,3
PEN,PEN,2010,4,7
PEN,PEN,2010,4,8
PEN,PEN,2010,4,9
PEN,PEN,2010,4,10
PEN,PEN,2010,4,14
PEN,PEN,2010,4,15
PEN,PEN,2010,4,16
PEN,PEN,2010,4,17
PEN,PEN,2010,4,21
PEN,PEN,2010,4,22
PEN,PEN,2010,4,23
PEN,PEN,2010,4,24
PEN,PEN,2010,4,28
PEN,PEN,2010,4,29
PEN,PEN,2010,4,30
PEN,PEN,2010,5,1
PEN,PEN,2010,5,4
PEN,PEN,2010,5,5
PEN,PEN,2010,5,6
PEN,PEN,2010,5,7
PEN,PEN,2010,5,8
PEN,PEN,2010,5,11
PEN,PEN,2010,5,13
PEN,PEN,2010,5,14
PEN,PEN,2010,5,15
PEN,PEN,2010,5,18
PEN,PEN,2010,5,19
PEN,PEN,2010,5,20
PEN,PEN,2010,5,21
PEN,PEN,2010,5,22
PEN,PEN,2010,5,25
PEN,PEN,2010,5,26
PEN,PEN,2010,5,27
PEN,PEN,2010,5,28
PEN,PEN,2010,5,29
PEN,PEN,2010,6,1
PEN,PEN,2010,6,2
PEN,PEN,2010,6,3
PEN,PEN,2010,6,4
PEN,PEN,2010,6,5
PEN,PEN,2010,6,8
PEN,PEN,2010,6,9
PEN,PEN,2010,6,10
PEN,PEN,2010,6,11
PEN,PEN,2010,6,12
PEN,PEN,2010,6,15
PEN,PEN,2010,6,16
PEN,PEN,2010,6,17
PEN,PEN,2010,6,18
PEN,PEN,2010,6,19
PEN,PEN,2010,6,22
PEN,PEN,2010,6,23
PEN,PEN,2010,6,24
PEN,PEN,2010,6,25
PEN,PEN,2010,6,26
PEN,PEN,2010,6,29
PEN,PEN,2010,6,30
PEN,PEN,2010,7,1
PEN,PEN,2010,7,2
PEN,PEN,2010,7,3
PEN,PEN,2010,7,6
PEN,PEN,2010,7,7
PEN,PEN,2010,7,8
PEN,PEN,2010,7,9
PEN,PEN,2010,7,10
PEN,PEN,2010,7,13
PEN,PEN,2010,7,14
PEN,PEN,2010,7,15
PEN,PEN,2010,7,16
PEN,PEN,2010,7,17
PEN,PEN,2010,7,21
PEN,PEN,2010,7,22
PEN,PEN,2010,7,23
PEN,PEN,2010,7,24
PEN,PEN,2010,7,28
PEN,PEN,2010,7,29
PEN,PEN,2010,7,30
PEN,PEN,2010,7,31
PEN,PEN,2010,8,4
PEN,PEN,2010,8,5
PEN,PEN,2010,8,6
PEN,PEN,2010,8,7
PEN,PEN,2010,8,11
PEN,PEN,2010,8,12
PEN,PEN,2010,8,13
PEN,PEN,2010,8,14
PEN,PEN,2010,8,18
PEN,PEN,2010,8,19
PEN,PEN,2010,8,20
PEN,PEN,2010,8,21
PEN,PEN,2010,8,25
PEN,PEN,2010,8,26
PEN,PEN,2010,8,27
PEN,PEN,2010,8,28
PEN,PEN,2010,9,1
PEN,PEN,2010,9,2
PEN,PEN,2010,9,3
PEN,PEN,2010,9,4
PEN,PEN,2010,9,8
PEN,PEN,2010,9,9
PEN,PEN,2010,9,10
PEN,PEN,2010,9,11
PEN,PEN,2010,9,29
PEN,PEN,2010,10,1
PEN,PEN,2010,10,2
PEN,PEN,2010,10,6
PEN,PEN,2010,10,7
PEN,PEN,2010,10,8
PEN,PEN,2010,10,9
PEN,PEN,2010,10,13
PEN,PEN,2010,10,14
PEN,PEN,2010,10,15
PEN,PEN,2010,10,16
PEN,PEN,2010,10,20
PEN,PEN,2010,10,21
PEN,PEN,2010,10,22
PEN,PEN,2010,10,23
PEN,PEN,2010,10,27
PEN,PEN,2010,10,28
PEN,PEN,2010,10,29
PEN,PEN,2010,10,30
PEN,PEN,2010,11,3
PEN,PEN,2010,11,4
PEN,PEN,2010,11,5
PEN,PEN,2010,11,6
PEN,PEN,2010,11,10
PEN,PEN,2010,11,11
PEN,PEN,2010,11,12
PEN,PEN,2010,11,13
PEN,PEN,2010,11,17
PEN,PEN,2010,11,18
PEN,PEN,2010,11,19
PEN,PEN,2010,11,20
PEN,PEN,2010,11,23
PEN,PEN,2010,11,24
PEN,PEN,2010,11,26
PEN,PEN,2010,11,27
PEN,PEN,2010,12,1
PEN,PEN,2010,12,2
PEN,PEN,2010,12,3
PEN,PEN,2010,12,4
PEN,PEN,2010,12,8
PEN,PEN,2010,12,9
PEN,PEN,2010,12,10
PEN,PEN,2010,12,11
PEN,PEN,2010,12,15
PEN,PEN,2010,12,16
PEN,PEN,2010,12,17
PEN,PEN,2010,12,20
PEN,PEN,2010,12,21
PEN,PEN,2010,12,22
PEN,PEN,2010,12,23
PEN,PEN,2010,12,28
PEN,PEN,2010,12,29
PEN,PEN,2010,12,30
PEN,PEN,2011,1,3
PEN,PEN,2011,1,4
PEN,PEN,2011,1,7
PEN,PEN,2011,1,8
PEN,PEN,2011,1,10
PEN,PEN,2011,1,11
PEN,PEN,2011,1,14
PEN,PEN,2011,1,15
PEN,PEN,2011,1,17
PEN,PEN,2011,1,18
PEN,PEN,2011,1,22
PEN,PEN,2011,1,24
PEN,PEN,2011,1,25
PEN,PEN,2011,1,28
PEN,PEN,2011,1,29
PEN,PEN,2011,1,31
PEN,PEN,2011,2,11
PEN,PEN,2011,2,12
PEN,PEN,2011,2,15
PEN,PEN,2011,2,18
PEN,PEN,2011,2,21
PEN,PEN,2011,2,22
PEN,PEN,2011,2,25
PEN,PEN,2011,2,26
PEN,PEN,2011,2,28
PEN,PEN,2011,3,1
PEN,PEN,2011,3,4
PEN,PEN,2011,3,5
PEN,PEN,2011,3,7
PEN,PEN,2011,3,8
PEN,PEN,2011,3,11
PEN,PEN,2011,3,12
PEN,PEN,2011,3,14
PEN,PEN,2011,3,15
PEN,PEN,2011,3,18
PEN,PEN,2011,3,19
PEN,PEN,2011,3,21
PEN,PEN,2011,3,22
PEN,PEN,2011,3,25
PEN,PEN,2011,3,26
PEN,PEN,2011,4,4
PEN,PEN,2011,4,5
PEN,PEN,2011,4,8
PEN,PEN,2011,4,9
PEN,PEN,2011,4,11
PEN,PEN,2011,4,12
PEN,PEN,2011,4,15
PEN,PEN,2011,4,18
PEN,PEN,2011,4,19
PEN,PEN,2011,4,22
PEN,PEN,2011,4,23
PEN,PEN,2011,4,25
PEN,PEN,2011,4,26
PEN,PEN,2011,4,29
PEN,PEN,2011,4,30
PEN,PEN,2011,5,2
PEN,PEN,2011,5,3
PEN,PEN,2011,5,6
PEN,PEN,2011,5,7
PEN,PEN,2011,5,9
PEN,PEN,2011,5,10
PEN,PEN,2011,5,13
PEN,PEN,2011,5,14
PEN,PEN,2011,5,16
PEN,PEN,2011,5,17
PEN,PEN,2011,5,20
PEN,PEN,2011,5,21
PEN,PEN,2011,5,23
PEN,PEN,2011,5,24
PEN,PEN,2011,5,27
PEN,PEN,2011,5,28
PEN,PEN,2011,5,30
PEN,PEN,2011,5,31
PEN,PEN,2011,6,1
PEN,PEN,2011,6,3
PEN,PEN,2011,6,4
PEN,PEN,2011,6,6
PEN,PEN,2011,6,7
PEN,PEN,2011,6,10
PEN,PEN,2011,6,11
PEN,PEN,2011,6,13
PEN,PEN,2011,6,14
PEN,PEN,2011,6,17
PEN,PEN,2011,6,18
PEN,PEN,2011,6,20
PEN,PEN,2011,6,21
PEN,PEN,2011,6,24
PEN,PEN,2011,6,25
PEN,PEN,2011,6,27
PEN,PEN,2011,6,28
PEN,PEN,2011,7,1
PEN,PEN,2011,7,2
PEN,PEN,2011,7,4
PEN,PEN,2011,7,5
PEN,PEN,2011,7,6
PEN,PEN,2011,7,8
PEN,PEN,2011,7,9
PEN,PEN,2011,7,11
PEN,PEN,2011,7,12
PEN,PEN,2011,7,15
PEN,PEN,2011,7,16
PEN,PEN,2011,7,18
PEN,PEN,2011,7,19
PEN,PEN,2011,7,25
PEN,PEN,2011,7,26
PEN,PEN,2011,7,27
PEN,PEN,2011,7,29
PEN,PEN,2011,7,30
PEN,PEN,2011,8,1
PEN,PEN,2011,8,2
PEN,PEN,2011,8,5
PEN,PEN,2011,8,6
PEN,PEN,2011,8,8
PEN,PEN,2011,8,9
PEN,PEN,2011,8,13
PEN,PEN,2011,8,15
PEN,PEN,2011,8,16
PEN,PEN,2011,8,19
PEN,PEN,2011,8,20
PEN,PEN,2011,8,22
PEN,PEN,2011,8,23
PEN,PEN,2011,8,26
PEN,PEN,2011,8,27
PEN,PEN,2011,8,29
PEN,PEN,2011,8,30
PEN,PEN,2011,9,2
PEN,PEN,2011,9,3
PEN,PEN,2011,9,9
PEN,PEN,2011,9,10
PEN,PEN,2011,9,23
PEN,PEN,2011,9,24
PEN,PEN,2011,9,28
PEN,PEN,2011,9,29
PEN,PEN,2011,9,30
PEN,PEN,2011,10,1
PEN,PEN,2011,10,4
PEN,PEN,2011,10,5
PEN,PEN,2011,10,6
PEN,PEN,2011,10,7
PEN,PEN,2011,10,8
PEN,PEN,2011,10,11
PEN,PEN,2011,10,12
PEN,PEN,2011,10,13
PEN,PEN,2011,10,14
PEN,PEN,2011,10,15
PEN,PEN,2011,10,18
PEN,PEN,2011,10,19
PEN,PEN,2011,10,20
PEN,PEN,2011,10,21
PEN,PEN,2011,10,22
PEN,PEN,2011,10,25
PEN,PEN,2011,10,26
PEN,PEN,2011,10,27
PEN,PEN,2011,10,28
PEN,PEN,2011,11,1
PEN,PEN,2011,11,2
PEN,PEN,2011,11,3
PEN,PEN,2011,11,4
PEN,PEN,2011,11,5
PEN,PEN,2011,11,8
PEN,PEN,2011,11,9
PEN,PEN,2011,11,10
PEN,PEN,2011,11,11
PEN,PEN,2011,11,12
PEN,PEN,2011,11,15
PEN,PEN,2011,11,16
PEN,PEN,2011,11,17
PEN,PEN,2011,11,18
PEN,PEN,2011,11,19
PEN,PEN,2011,11,21
PEN,PEN,2011,11,22
PEN,PEN,2011,11,23
PEN,PEN,2011,11,25
PEN,PEN,2011,11,26
PEN,PEN,2011,11,29
PEN,PEN,2011,11,30
PEN,PEN,2011,12,1
PEN,PEN,2011,12,2
PEN,PEN,2011,12,3
PEN,PEN,2011,12,5
PEN,PEN,2011,12,6
PEN,PEN,2011,12,7
PEN,PEN,2011,12,8
PEN,PEN,2011,12,9
PEN,PEN,2011,12,10
PEN,PEN,2011,12,13
PEN,PEN,2011,12,14
PEN,PEN,2011,12,15
PEN,PEN,2011,12,16
PEN,PEN,2011,12,17
PEN,PEN,2011,12,20
PEN,PEN,2011,12,21
PEN,PEN,2011,12,22
PEN,PEN,2011,12,23
PEN,PEN,2011,12,26
PEN,PEN,2011,12,27
PEN,PEN,2011,12,28
PEN,PEN,2011,12,29
PEN,PEN,2011,12,30
PEN,PEN,2012,1,5
PEN,PEN,2012,1,6
PEN,PEN,2012,1,7
PEN,PEN,2012,1,12
PEN,PEN,2012,1,19
PEN,PEN,2012,1,20
PEN,PEN,2012,1,21
PEN,PEN,2012,1,26
PEN,PEN,2012,1,27
PEN,PEN,2012,1,28
PEN,PEN,2012,2,2
PEN,PEN,2012,2,3
PEN,PEN,2012,2,4
PEN,PEN,2012,2,9
PEN,PEN,2012,2,10
PEN,PEN,2012,2,11
PEN,PEN,2012,2,16
PEN,PEN,2012,2,17
PEN,PEN,2012,2,18
PEN,PEN,2012,2,23
PEN,PEN,2012,2,25
PEN,PEN,2012,3,1
PEN,PEN,2012,3,2
PEN,PEN,2012,3,3
PEN,PEN,2012,3,7
PEN,PEN,2012,3,8
PEN,PEN,2012,3,9
PEN,PEN,2012,3,10
PEN,PEN,2012,3,14
PEN,PEN,2012,3,15
PEN,PEN,2012,3,16
PEN,PEN,2012,3,17
PEN,PEN,2012,3,21
PEN,PEN,2012,3,22
PEN,PEN,2012,3,23
PEN,PEN,2012,3,24
PEN,PEN,2012,3,28
PEN,PEN,2012,3,29
PEN,PEN,2012,3,30
PEN,PEN,2012,3,31
PEN,PEN,2012,4,6
PEN,PEN,2012,4,7
PEN,PEN,2012,4,11
PEN,PEN,2012,4,12
PEN,PEN,2012,4,13
PEN,PEN,2012,4,14
PEN,PEN,2012,4,18
PEN,PEN,2012,4,19
PEN,PEN,2012,4,20
PEN,PEN,2012,4,21
PEN,PEN,2012,4,25
PEN,PEN,2012,4,26
PEN,PEN,2012,4,27
PEN,PEN,2012,4,28
PEN,PEN,2012,5,2
PEN,PEN,2012,5,3
PEN,PEN,2012,5,4
PEN,PEN,2012,5,5
PEN,PEN,2012,5,9
PEN,PEN,2012,5,10
PEN,PEN,2012,5,11
PEN,PEN,2012,5,12
PEN,PEN,2012,5,16
PEN,PEN,2012,5,17
PEN,PEN,2012,5,18
PEN,PEN,2012,5,19
PEN,PEN,2012,5,23
PEN,PEN,2012,5,24
PEN,PEN,2012,5,25
PEN,PEN,2012,5,26
PEN,PEN,2012,5,30
PEN,PEN,2012,5,31
PEN,PEN,2012,6,1
PEN,PEN,2012,6,2
PEN,PEN,2012,6,6
PEN,PEN,2012,6,7
PEN,PEN,2012,6,8
PEN,PEN,2012,6,9
PEN,PEN,2012,6,13
PEN,PEN,2012,6,14
PEN,PEN,2012,6,15
PEN,PEN,2012,6,16
PEN,PEN,2012,6,20
PEN,PEN,2012,6,21
PEN,PEN,2012,6,22
PEN,PEN,2012,6,23
PEN,PEN,2012,6,27
PEN,PEN,2012,6,28
PEN,PEN,2012,6,30
PEN,PEN,2012,7,4
PEN,PEN,2012,7,5
PEN,PEN,2012,7,6
PEN,PEN,2012,7,7
PEN,PEN,2012,7,11
PEN,PEN,2012,7,12
PEN,PEN,2012,7,13
PEN,PEN,2012,7,14
PEN,PEN,2012,7,18
PEN,PEN,2012,7,19
PEN,PEN,2012,7,20
PEN,PEN,2012,7,21
PEN,PEN,2012,7,24
PEN,PEN,2012,7,25
PEN,PEN,2012,7,26
PEN,PEN,2012,7,27
PEN,PEN,2012,7,28
PEN,PEN,2012,8,1
PEN,PEN,2012,8,2
PEN,PEN,2012,8,3
PEN,PEN,2012,8,4
PEN,PEN,2012,8,6
PEN,PEN,2012,8,8
PEN,PEN,2012,8,10
PEN,PEN,2012,8,11
PEN,PEN,2012,8,15
PEN,PEN,2012,8,16
PEN,PEN,2012,8,17
PEN,PEN,2012,8,18
PEN,PEN,2012,8,22
PEN,PEN,2012,8,23
PEN,PEN,2012,8,24
PEN,PEN,2012,8,25
PEN,PEN,2012,8,29
PEN,PEN,2012,8,30
PEN,PEN,2012,8,31
PEN,PEN,2012,9,1
PEN,PEN,2012,9,4
PEN,PEN,2012,9,5
PEN,PEN,2012,9,6
PEN,PEN,2012,9,7
PEN,PEN,2012,9,8
PEN,PEN,2012,9,13
PEN,PEN,2012,9,14
PEN,PEN,2012,9,15
PEN,PEN,2012,9,19
PEN,PEN,2012,9,20
PEN,PEN,2012,9,21
PEN,PEN,2012,9,22
PEN,PEN,2012,9,26
PEN,PEN,2012,9,27
PEN,PEN,2012,9,28
PEN,PEN,2012,9,29
PEN,PEN,2012,10,3
PEN,PEN,2012,10,4
PEN,PEN,2012,10,5
PEN,PEN,2012,10,6
PEN,PEN,2012,10,10
PEN,PEN,2012,10,11
PEN,PEN,2012,10,12
PEN,PEN,2012,10,13
PEN,PEN,2012,10,17
PEN,PEN,2012,10,18
PEN,PEN,2012,10,19
PEN,PEN,2012,10,20
PEN,PEN,2012,10,24
PEN,PEN,2012,10,25
PEN,PEN,2012,10,26
PEN,PEN,2012,10,27
PEN,PEN,2012,10,31
PEN,PEN,2012,11,1
PEN,PEN,2012,11,2
PEN,PEN,2012,11,3
PEN,PEN,2012,11,6
PEN,PEN,2012,11,7
PEN,PEN,2012,11,8
PEN,PEN,2012,11,9
PEN,PEN,2012,11,10
PEN,PEN,2012,11,13
PEN,PEN,2012,11,14
PEN,PEN,2012,11,15
PEN,PEN,2012,11,16
PEN,PEN,2012,11,17
PEN,PEN,2012,11,20
PEN,PEN,2012,11,21
PEN,PEN,2012,11,23
PEN,PEN,2012,11,24
PEN,PEN,2012,11,27
PEN,PEN,2012,11,28
PEN,PEN,2012,11,29
PEN,PEN,2012,11,30
PEN,PEN,2012,12,1
PEN,PEN,2012,12,4
PEN,PEN,2012,12,5
PEN,PEN,2012,12,6
PEN,PEN,2012,12,7
PEN,PEN,2012,12,8
PEN,PEN,2012,12,11
PEN,PEN,2012,12,12
PEN,PEN,2012,12,13
PEN,PEN,2012,12,14
PEN,PEN,2012,12,15
PEN,PEN,2012,12,18
PEN,PEN,2012,12,19
PEN,PEN,2012,12,20
PEN,PEN,2012,12,21
PEN,PEN,2012,12,22
PEN,PEN,2012,12,28
PEN,PEN,2013,1,3
PEN,PEN,2013,1,4
PEN,PEN,2013,1,5
PEN,PEN,2013,1,10
PEN,PEN,2013,1,11
PEN,PEN,2013,1,12
PEN,PEN,2013,1,17
PEN,PEN,2013,1,18
PEN,PEN,2013,1,19
PEN,PEN,2013,1,24
PEN,PEN,2013,1,25
PEN,PEN,2013,1,26
PEN,PEN,2013,1,31
PEN,PEN,2013,2,1
PEN,PEN,2013,2,2
PEN,PEN,2013,2,7
PEN,PEN,2013,2,9
PEN,PEN,2013,2,14
PEN,PEN,2013,2,15
PEN,PEN,2013,2,16
PEN,PEN,2013,2,21
PEN,PEN,2013,2,22
PEN,PEN,2013,2,23
PEN,PEN,2013,2,28
PEN,PEN,2013,3,1
PEN,PEN,2013,3,2
PEN,PEN,2013,3,6
PEN,PEN,2013,3,7
PEN,PEN,2013,3,8
PEN,PEN,2013,3,9
PEN,PEN,2013,3,13
PEN,PEN,2013,3,14
PEN,PEN,2013,3,15
PEN,PEN,2013,3,16
PEN,PEN,2013,3,20
PEN,PEN,2013,3,21
PEN,PEN,2013,3,22
PEN,PEN,2013,3,23
PEN,PEN,2013,3,27
PEN,PEN,2013,3,28
PEN,PEN,2013,3,29
PEN,PEN,2013,3,30
PEN,PEN,2013,4,3
PEN,PEN,2013,4,4
PEN,PEN,2013,4,5
PEN,PEN,2013,4,6
PEN,PEN,2013,4,10
PEN,PEN,2013,4,11
PEN,PEN,2013,4,12
PEN,PEN,2013,4,13
PEN,PEN,2013,4,17
PEN,PEN,2013,4,18
PEN,PEN,2013,4,19
PEN,PEN,2013,4,20
PEN,PEN,2013,4,24
PEN,PEN,2013,4,25
PEN,PEN,2013,4,26
PEN,PEN,2013,4,27
PEN,PEN,2013,5,1
PEN,PEN,2013,5,2
PEN,PEN,2013,5,3
PEN,PEN,2013,5,4
PEN,PEN,2013,5,8
PEN,PEN,2013,5,9
PEN,PEN,2013,5,10
PEN,PEN,2013,5,11
PEN,PEN,2013,5,15
PEN,PEN,2013,5,16
PEN,PEN,2013,5,17
PEN,PEN,2013,5,18
PEN,PEN,2013,5,22
PEN,PEN,2013,5,23
PEN,PEN,2013,5,24
PEN,PEN,2013,5,25
PEN,PEN,2013,5,29
PEN,PEN,2013,5,30
PEN,PEN,2013,5,31
PEN,PEN,2013,6,1
PEN,PEN,2013,6,5
PEN,PEN,2013,6,6
PEN,PEN,2013,6,7
PEN,PEN,2013,6,8
PEN,PEN,2013,6,12
PEN,PEN,2013,6,13
PEN,PEN,2013,6,14
PEN,PEN,2013,6,15
PEN,PEN,2013,6,19
PEN,PEN,2013,6,20
PEN,PEN,2013,6,21
PEN,PEN,2013,6,22
PEN,PEN,2013,6,26
PEN,PEN,2013,6,27
PEN,PEN,2013,6,28
PEN,PEN,2013,6,29
PEN,PEN,2013,7,3
PEN,PEN,2013,7,4
PEN,PEN,2013,7,5
PEN,PEN,2013,7,6
PEN,PEN,2013,7,10
PEN,PEN,2013,7,11
PEN,PEN,2013,7,12
PEN,PEN,2013,7,13
PEN,PEN,2013,7,17
PEN,PEN,2013,7,18
PEN,PEN,2013,7,19
PEN,PEN,2013,7,20
PEN,PEN,2013,7,23
PEN,PEN,2013,7,24
PEN,PEN,2013,7,25
PEN,PEN,2013,7,26
PEN,PEN,2013,7,27
PEN,PEN,2013,7,31
PEN,PEN,2013,8,1
PEN,PEN,2013,8,2
PEN,PEN,2013,8,3
PEN,PEN,2013,8,5
PEN,PEN,2013,8,7
PEN,PEN,2013,8,8
PEN,PEN,2013,8,9
PEN,PEN,2013,8,10
PEN,PEN,2013,8,14
PEN,PEN,2013,8,15
PEN,PEN,2013,8,16
PEN,PEN,2013,8,17
PEN,PEN,2013,8,21
PEN,PEN,2013,8,22
PEN,PEN,2013,8,23
PEN,PEN,2013,8,24
PEN,PEN,2013,8,28
PEN,PEN,2013,8,29
PEN,PEN,2013,8,30
PEN,PEN,2013,8,31
PEN,PEN,2013,9,4
PEN,PEN,2013,9,5
PEN,PEN,2013,9,6
PEN,PEN,2013,9,7
PEN,PEN,2013,9,11
PEN,PEN,2013,9,12
PEN,PEN,2013,9,13
PEN,PEN,2013,9,14
PEN,PEN,2013,9,18
PEN,PEN,2013,9,19
PEN,PEN,2013,9,20
PEN,PEN,2013,9,21
PEN,PEN,2013,9,25
PEN,PEN,2013,9,26
PEN,PEN,2013,9,27
PEN,PEN,2013,9,28
PEN,PEN,2013,10,2
PEN,PEN,2013,10,3
PEN,PEN,2013,10,4
PEN,PEN,2013,10,5
PEN,PEN,2013,10,9
PEN,PEN,2013,10,10
PEN,PEN,2013,10,11
PEN,PEN,2013,10,12
PEN,PEN,2013,10,16
PEN,PEN,2013,10,17
PEN,PEN,2013,10,18
PEN,PEN,2013,10,19
PEN,PEN,2013,10,23
PEN,PEN,2013,10,24
PEN,PEN,2013,10,25
PEN,PEN,2013,10,26
PEN,PEN,2013,10,30
PEN,PEN,2013,10,31
PEN,PEN,2013,11,1
PEN,PEN,2013,11,2
PEN,PEN,2013,11,6
PEN,PEN,2013,11,7
PEN,PEN,2013,11,8
PEN,PEN,2013,11,9
PEN,PEN,2013,11,13
PEN,PEN,2013,11,14
PEN,PEN,2013,11,15
PEN,PEN,2013,11,16
PEN,PEN,2013,11,20
PEN,PEN,2013,11,21
PEN,PEN,2013,11,22
PEN,PEN,2013,11,23
PEN,PEN,2013,11,27
PEN,PEN,2013,11,29
PEN,PEN,2013,11,30
PEN,PEN,2013,12,4
PEN,PEN,2013,12,5
PEN,PEN,2013,12,6
PEN,PEN,2013,12,7
PEN,PEN,2013,12,11
PEN,PEN,2013,12,12
PEN,PEN,2013,12,13
PEN,PEN,2013,12,18
PEN,PEN,2013,12,19
PEN,PEN,2013,12,20
PEN,PEN,2013,12,21
PEN,PEN,2013,12,26
PEN,PEN,2013,12,27
PEN,PEN,2013,12,28
PEN,PEN,2014,1,4
PEN,PEN,2014,1,10
PEN,PEN,2014,1,15
PEN,PEN,2014,1,16
PEN,PEN,2014,1,17
PEN,PEN,2014,1,18
PEN,PEN,2014,1,23
PEN,PEN,2014,1,25
PEN,PEN,2014,1,29
PEN,PEN,2014,1,30
PEN,PEN,2014,1,31
PEN,PEN,2014,2,1
PEN,PEN,2014,2,21
PEN,PEN,2014,2,22
PEN,PEN,2014,2,26
PEN,PEN,2014,2,27
PEN,PEN,2014,2,28
PEN,PEN,2014,3,1
PEN,PEN,2014,3,5
PEN,PEN,2014,3,6
PEN,PEN,2014,3,7
PEN,PEN,2014,3,8
PEN,PEN,2014,3,12
PEN,PEN,2014,3,13
PEN,PEN,2014,3,14
PEN,PEN,2014,3,15
PEN,PEN,2014,3,19
PEN,PEN,2014,3,20
PEN,PEN,2014,3,21
PEN,PEN,2014,3,22
PEN,PEN,2014,3,26
PEN,PEN,2014,3,27
PEN,PEN,2014,3,28
PEN,PEN,2014,3,29
PEN,PEN,2014,4,2
PEN,PEN,2014,4,3
PEN,PEN,2014,4,4
PEN,PEN,2014,4,5
PEN,PEN,2014,4,9
PEN,PEN,2014,4,10
PEN,PEN,2014,4,11
PEN,PEN,2014,4,12
PEN,PEN,2014,4,16
PEN,PEN,2014,4,17
PEN,PEN,2014,4,18
PEN,PEN,2014,4,19
PEN,PEN,2014,4,23
PEN,PEN,2014,4,24
PEN,PEN,2014,4,25
PEN,PEN,2014,4,26
PEN,PEN,2014,4,30
PEN,PEN,2014,5,1
PEN,PEN,2014,5,2
PEN,PEN,2014,5,3
PEN,PEN,2014,5,7
PEN,PEN,2014,5,8
PEN,PEN,2014,5,9
PEN,PEN,2014,5,10
PEN,PEN,2014,5,14
PEN,PEN,2014,5,15
PEN,PEN,2014,5,16
PEN,PEN,2014,5,17
PEN,PEN,2014,5,21
PEN,PEN,2014,5,22
PEN,PEN,2014,5,23
PEN,PEN,2014,5,24
PEN,PEN,2014,5,28
PEN,PEN,2014,5,29
PEN,PEN,2014,5,30
PEN,PEN,2014,5,31
PEN,PEN,2014,6,4
PEN,PEN,2014,6,5
PEN,PEN,2014,6,6
PEN,PEN,2014,6,7
PEN,PEN,2014,6,11
PEN,PEN,2014,6,12
PEN,PEN,2014,6,13
PEN,PEN,2014,6,14
PEN,PEN,2014,6,18
PEN,PEN,2014,6,19
PEN,PEN,2014,6,20
PEN,PEN,2014,6,21
PEN,PEN,2014,6,25
PEN,PEN,2014,6,26
PEN,PEN,2014,6,27
PEN,PEN,2014,6,28
PEN,PEN,2014,7,2
PEN,PEN,2014,7,3
PEN,PEN,2014,7,4
PEN,PEN,2014,7,5
PEN,PEN,2014,7,9
PEN,PEN,2014,7,10
PEN,PEN,2014,7,11
PEN,PEN,2014,7,12
PEN,PEN,2014,7,16
PEN,PEN,2014,7,17
PEN,PEN,2014,7,18
PEN,PEN,2014,7,19
PEN,PEN,2014,7,23
PEN,PEN,2014,7,24
PEN,PEN,2014,7,25
PEN,PEN,2014,7,26
PEN,PEN,2014,7,30
PEN,PEN,2014,7,31
PEN,PEN,2014,8,1
PEN,PEN,2014,8,2
PEN,PEN,2014,8,4
PEN,PEN,2014,8,6
PEN,PEN,2014,8,7
PEN,PEN,2014,8,8
PEN,PEN,2014,8,9
PEN,PEN,2014,8,13
PEN,PEN,2014,8,14
PEN,PEN,2014,8,15
PEN,PEN,2014,8,16
PEN,PEN,2014,8,20
PEN,PEN,2014,8,21
PEN,PEN,2014,8,22
PEN,PEN,2014,8,23
PEN,PEN,2014,8,27
PEN,PEN,2014,8,28
PEN,PEN,2014,8,29
PEN,PEN,2014,8,30
PEN,PEN,2014,9,3
PEN,PEN,2014,9,4
PEN,PEN,2014,9,5
PEN,PEN,2014,9,6
PEN,PEN,2014,9,10
PEN,PEN,2014,9,11
PEN,PEN,2014,9,12
PEN,PEN,2014,9,13
PEN,PEN,2014,9,17
PEN,PEN,2014,9,18
PEN,PEN,2014,9,19
PEN,PEN,2014,9,20
PEN,PEN,2014,9,24
PEN,PEN,2014,9,25
PEN,PEN,2014,9,26
PEN,PEN,2014,9,27
PEN,PEN,2014,10,1
PEN,PEN,2014,10,2
PEN,PEN,2014,10,3
PEN,PEN,2014,10,4
PEN,PEN,2014,10,8
PEN,PEN,2014,10,9
PEN,PEN,2014,10,10
PEN,PEN,2014,10,11
PEN,PEN,2014,10,15
PEN,PEN,2014,10,16
PEN,PEN,2014,10,17
PEN,PEN,2014,10,18
PEN,PEN,2014,10,22
PEN,PEN,2014,10,23
PEN,PEN,2014,10,24
PEN,PEN,2014,10,25
PEN,PEN,2014,10,29
PEN,PEN,2014,10,30
PEN,PEN,2014,10,31
PEN,PEN,2014,11,1
PEN,PEN,2014,11,5
PEN,PEN,2014,11,6
PEN,PEN,2014,11,7
PEN,PEN,2014,11,8
PEN,PEN,2014,11,12
PEN,PEN,2014,11,13
PEN,PEN,2014,11,14
PEN,PEN,2014,11,15
PEN,PEN,2014,11,19
PEN,PEN,2014,11,20
PEN,PEN,2014,11,21
PEN,PEN,2014,11,22
PEN,PEN,2014,11,28
PEN,PEN,2014,11,29
PEN,PEN,2014,12,3
PEN,PEN,2014,12,4
PEN,PEN,2014,12,5
PEN,PEN,2014,12,6
PEN,PEN,2014,12,10
PEN,PEN,2014,12,11
PEN,PEN,2014,12,12
PEN,PEN,2014,12,13
PEN,PEN,2014,12,17
PEN,PEN,2014,12,18
PEN,PEN,2014,12,19
PEN,PEN,2014,12,20
PEN,PEN,2014,12,26
PEN,PEN,2014,12,27
PEN,PEN,2015,1,2
PEN,PEN,2015,1,3
PEN,PEN,2015,1,8
PEN,PEN,2015,1,9
PEN,PEN,2015,1,10
PEN,PEN,2015,1,15
PEN,PEN,2015,1,16
PEN,PEN,2015,1,17
PEN,PEN,2015,1,22
PEN,PEN,2015,1,23
PEN,PEN,2015,1,24
PEN,PEN,2015,1,28
PEN,PEN,2015,1,29
PEN,PEN,2015,1,30
PEN,PEN,2015,1,31
PEN,PEN,2015,2,4
PEN,PEN,2015,2,6
PEN,PEN,2015,2,7
PEN,PEN,2015,2,11
PEN,PEN,2015,2,12
PEN,PEN,2015,2,13
PEN,PEN,2015,2,18
PEN,PEN,2015,2,25
PEN,PEN,2015,2,26
PEN,PEN,2015,2,27
PEN,PEN,2015,2,28
PEN,PEN,2015,3,11
PEN,PEN,2015,3,12
PEN,PEN,2015,3,13
PEN,PEN,2015,3,14
PEN,PEN,2015,3,18
PEN,PEN,2015,3,19
PEN,PEN,2015,3,21
PEN,PEN,2015,3,25
PEN,PEN,2015,3,26
PEN,PEN,2015,3,27
PEN,PEN,2015,3,28
PEN,PEN,2015,4,1
PEN,PEN,2015,4,2
PEN,PEN,2015,4,3
PEN,PEN,2015,4,4
PEN,PEN,2015,4,8
PEN,PEN,2015,4,9
PEN,PEN,2015,4,10
PEN,PEN,2015,4,11
PEN,PEN,2015,4,15
PEN,PEN,2015,4,16
PEN,PEN,2015,4,17
PEN,PEN,2015,4,18
PEN,PEN,2015,4,22
PEN,PEN,2015,4,23
PEN,PEN,2015,4,24
PEN,PEN,2015,4,25
PEN,PEN,2015,4,29
PEN,PEN,2015,4,30
PEN,PEN,2015,5,1
PEN,PEN,2015,5,2
PEN,PEN,2015,5,7
PEN,PEN,2015,5,8
PEN,PEN,2015,5,9
PEN,PEN,2015,5,14
PEN,PEN,2015,5,15
PEN,PEN,2015,5,16
PEN,PEN,2015,5,21
PEN,PEN,2015,5,22
PEN,PEN,2015,5,28
PEN,PEN,2015,5,29
PEN,PEN,2015,5,30
PEN,PEN,2015,6,3
PEN,PEN,2015,6,4
PEN,PEN,2015,6,5
PEN,PEN,2015,6,6
PEN,PEN,2015,6,10
PEN,PEN,2015,6,11
PEN,PEN,2015,6,12
PEN,PEN,2015,6,13
PEN,PEN,2015,6,17
PEN,PEN,2015,6,18
PEN,PEN,2015,6,19
PEN,PEN,2015,6,20
PEN,PEN,2015,6,24
PEN,PEN,2015,6,25
PEN,PEN,2015,6,26
PEN,PEN,2015,6,27
PEN,PEN,2015,7,1
PEN,PEN,2015,7,2
PEN,PEN,2015,7,3
PEN,PEN,2015,7,4
PEN,PEN,2015,7,8
PEN,PEN,2015,7,9
PEN,PEN,2015,7,10
PEN,PEN,2015,7,11
PEN,PEN,2015,7,15
PEN,PEN,2015,7,16
PEN,PEN,2015,7,17
PEN,PEN,2015,7,18
PEN,PEN,2015,7,22
PEN,PEN,2015,7,23
PEN,PEN,2015,7,24
PEN,PEN,2015,7,25
PEN,PEN,2015,7,29
PEN,PEN,2015,7,30
PEN,PEN,2015,7,31
PEN,PEN,2015,8,1
PEN,PEN,2015,8,3
PEN,PEN,2015,8,5
PEN,PEN,2015,8,6
PEN,PEN,2015,8,7
PEN,PEN,2015,8,8
PEN,PEN,2015,8,12
PEN,PEN,2015,8,13
PEN,PEN,2015,8,14
PEN,PEN,2015,8,15
PEN,PEN,2015,8,19
PEN,PEN,2015,8,20
PEN,PEN,2015,8,21
PEN,PEN,2015,8,22
PEN,PEN,2015,8,26
PEN,PEN,2015,8,27
PEN,PEN,2015,8,28
PEN,PEN,2015,8,29
PEN,PEN,2015,9,2
PEN,PEN,2015,9,3
PEN,PEN,2015,9,4
PEN,PEN,2015,9,5
PEN,PEN,2015,9,9
PEN,PEN,2015,9,10
PEN,PEN,2015,9,11
PEN,PEN,2015,9,12
PEN,PEN,2015,9,16
PEN,PEN,2015,9,17
PEN,PEN,2015,9,18
PEN,PEN,2015,9,19
PEN,PEN,2015,9,23
PEN,PEN,2015,9,24
PEN,PEN,2015,9,25
PEN,PEN,2015,9,26
PEN,PEN,2015,9,30
PEN,PEN,2015,10,1
PEN,PEN,2015,10,2
PEN,PEN,2015,10,3
PEN,PEN,2015,10,7
PEN,PEN,2015,10,8
PEN,PEN,2015,10,9
PEN,PEN,2015,10,10
PEN,PEN,2015,10,14
PEN,PEN,2015,10,15
PEN,PEN,2015,10,16
PEN,PEN,2015,10,17
PEN,PEN,2015,10,21
PEN,PEN,2015,10,22
PEN,PEN,2015,10,23
PEN,PEN,2015,10,24
PEN,PEN,2015,10,28
PEN,PEN,2015,10,29
PEN,PEN,2015,10,30
PEN,PEN,2015,10,31
PEN,PEN,2015,11,4
PEN,PEN,2015,11,5
PEN,PEN,2015,11,6
PEN,PEN,2015,11,7
PEN,PEN,2015,11,11
PEN,PEN,2015,11,12
PEN,PEN,2015,11,13
PEN,PEN,2015,11,14
PEN,PEN,2015,11,18
PEN,PEN,2015,11,19
PEN,PEN,2015,11,20
PEN,PEN,2015,11,21
PEN,PEN,2015,11,25
PHI,PHI,1998,8,15
PHI,PHI,1998,8,17
PHI,PHI,1998,8,18
PHI,PHI,1998,8,22
PHI,PHI,1998,8,23
PHI,PHI,1998,8,24
PHI,PHI,1998,8,25
PHI,PHI,1998,8,29
PHI,PHI,1998,8,30
PHI,PHI,1998,8,31
PHI,PHI,1998,9,1
PHI,PHI,1998,9,5
PHI,PHI,1998,9,6
PHI,PHI,1998,9,7
PHI,PHI,1998,9,8
PHI,PHI,1998,9,9
PHI,PHI,1998,9,12
PHI,PHI,1998,9,13
PHI,PHI,1998,9,14
PHI,PHI,1998,9,15
PHI,PHI,1998,9,19
PHI,PHI,1998,9,20
PHI,PHI,1998,9,21
PHI,PHI,1998,9,22
PHI,PHI,1998,9,26
PHI,PHI,1998,9,27
PHI,PHI,1998,9,28
PHI,PHI,1998,9,29
PHI,PHI,1998,10,3
PHI,PHI,1998,10,4
PHI,PHI,1998,10,5
PHI,PHI,1998,10,6
PHI,PHI,1998,10,10
PHI,PHI,1998,10,11
PHI,PHI,1998,10,12
PHI,PHI,1998,10,13
PHI,PHI,1998,10,14
PHI,PHI,1998,10,17
PHI,PHI,1998,10,18
PHI,PHI,1998,10,19
PHI,PHI,1998,10,20
PHI,PHI,1998,10,24
PHI,PHI,1998,10,25
PHI,PHI,1998,10,26
PHI,PHI,1998,10,27
PHI,PHI,1998,10,31
PHI,PHI,1998,11,1
PHI,PHI,1998,11,2
PHI,PHI,1998,11,3
PHI,PHI,1998,11,4
PHI,PHI,1998,11,7
PHI,PHI,1998,11,8
PHI,PHI,1998,11,9
PHI,PHI,1998,11,10
PHI,PHI,1998,11,14
PHI,PHI,1998,11,15
PHI,PHI,1998,11,16
PHI,PHI,1998,11,17
PHI,PHI,1998,11,21
PHI,PHI,1998,11,22
PHI,PHI,1998,11,23
PHI,PHI,1998,11,24
PHI,PHI,1998,11,27
PHI,PHI,1998,11,28
PHI,PHI,1998,11,29
PHI,PHI,1998,11,30
PHI,PHI,1998,12,1
PHI,PHI,1998,12,5
PHI,PHI,1998,12,6
PHI,PHI,1998,12,7
PHI,PHI,1998,12,8
PHI,PHI,1998,12,12
PHI,PHI,1998,12,13
PHI,PHI,1998,12,14
PHI,PHI,1998,12,15
PHI,PHI,1998,12,19
PHI,PHI,1998,12,20
PHI,PHI,1998,12,21
PHI,PHI,1998,12,22
PHI,PHI,1998,12,23
PHI,PHI,1998,12,24
PHI,PHI,1998,12,26
PHI,PHI,1998,12,27
PHI,PHI,1998,12,28
PHI,PHI,1998,12,29
PHI,PHI,1998,12,30
PHI,PHI,1999,4,12
PHI,PHI,1999,4,13
PHI,PHI,1999,4,17
PHI,PHI,1999,4,18
PHI,PHI,1999,4,19
PHI,PHI,1999,4,24
PHI,PHI,1999,4,25
PHI,PHI,1999,5,1
PHI,PHI,1999,5,2
PHI,PHI,1999,5,3
PHI,PHI,1999,5,4
PHI,PHI,1999,5,8
PHI,PHI,1999,5,9
PHI,PHI,1999,5,11
PHI,PHI,1999,5,15
PHI,PHI,1999,5,16
PHI,PHI,1999,5,17
PHI,PHI,1999,5,22
PHI,PHI,1999,5,23
PHI,PHI,1999,5,29
PHI,PHI,1999,5,30
PHI,PHI,1999,5,31
PHI,PHI,1999,6,2
PHI,PHI,1999,6,5
PHI,PHI,1999,6,6
PHI,PHI,1999,6,7
PHI,PHI,1999,6,8
PHI,PHI,1999,6,12
PHI,PHI,1999,6,13
PHI,PHI,1999,6,14
PHI,PHI,1999,6,19
PHI,PHI,1999,6,22
PHI,PHI,1999,6,26
PHI,PHI,1999,6,28
PHI,PHI,1999,6,29
PHI,PHI,1999,7,3
PHI,PHI,1999,7,4
PHI,PHI,1999,7,5
PHI,PHI,1999,7,6
PHI,PHI,1999,7,7
PHI,PHI,1999,7,10
PHI,PHI,1999,7,11
PHI,PHI,1999,7,18
PHI,PHI,1999,7,24
PHI,PHI,1999,7,25
PHI,PHI,1999,7,26
PHI,PHI,1999,7,27
PHI,PHI,1999,7,31
PHI,PHI,1999,8,1
PHI,PHI,1999,8,2
PHI,PHI,1999,8,3
PHI,PHI,1999,8,8
PHI,PHI,1999,8,30
PHI,PHI,1999,8,31
PHI,PHI,1999,9,4
PHI,PHI,1999,9,5
PHI,PHI,1999,9,6
PHI,PHI,1999,9,7
PHI,PHI,1999,9,8
PHI,PHI,1999,9,11
PHI,PHI,1999,9,12
PHI,PHI,1999,9,13
PHI,PHI,1999,9,14
PHI,PHI,1999,9,18
PHI,PHI,1999,9,19
PHI,PHI,1999,9,20
PHI,PHI,1999,9,21
PHI,PHI,1999,9,25
PHI,PHI,1999,9,26
PHI,PHI,1999,9,27
PHI,PHI,1999,9,28
PHI,PHI,1999,10,2
PHI,PHI,1999,10,3
PHI,PHI,1999,10,4
PHI,PHI,1999,10,9
PHI,PHI,1999,10,10
PHI,PHI,1999,10,11
PHI,PHI,1999,10,12
PHI,PHI,1999,10,13
PHI,PHI,1999,10,16
PHI,PHI,1999,10,17
PHI,PHI,1999,10,18
PHI,PHI,1999,10,19
PHI,PHI,1999,10,23
PHI,PHI,1999,10,24
PHI,PHI,1999,10,25
PHI,PHI,1999,10,26
PHI,PHI,1999,10,30
PHI,PHI,1999,10,31
PHI,PHI,1999,11,1
PHI,PHI,1999,11,2
PHI,PHI,1999,11,6
PHI,PHI,1999,11,7
PHI,PHI,1999,11,8
PHI,PHI,1999,11,13
PHI,PHI,1999,11,14
PHI,PHI,1999,11,15
PHI,PHI,1999,11,16
PHI,PHI,1999,11,17
PHI,PHI,1999,11,23
PHI,PHI,1999,11,24
PHI,PHI,1999,11,26
PHI,PHI,1999,11,27
PHI,PHI,1999,11,28
PHI,PHI,1999,11,29
PHI,PHI,1999,11,30
PHI,PHI,1999,12,1
PHI,PHI,1999,12,3
PHI,PHI,1999,12,4
PHI,PHI,1999,12,5
PHI,PHI,1999,12,7
PHI,PHI,1999,12,10
PHI,PHI,1999,12,12
PHI,PHI,1999,12,13
PHI,PHI,1999,12,14
PHI,PHI,1999,12,19
PHI,PHI,1999,12,20
PHI,PHI,1999,12,22
PHI,PHI,1999,12,23
PHI,PHI,1999,12,24
PHI,PHI,1999,12,26
PHI,PHI,1999,12,27
PHI,PHI,1999,12,28
PHI,PHI,1999,12,30
PHI,PHI,2000,4,10
PHI,PHI,2000,4,11
PHI,PHI,2000,4,15
PHI,PHI,2000,4,16
PHI,PHI,2000,4,17
PHI,PHI,2000,4,18
PHI,PHI,2000,4,22
PHI,PHI,2000,4,24
PHI,PHI,2000,4,25
PHI,PHI,2000,4,29
PHI,PHI,2000,4,30
PHI,PHI,2000,5,1
PHI,PHI,2000,5,2
PHI,PHI,2000,5,6
PHI,PHI,2000,5,7
PHI,PHI,2000,5,8
PHI,PHI,2000,5,9
PHI,PHI,2000,5,14
PHI,PHI,2000,5,15
PHI,PHI,2000,5,16
PHI,PHI,2000,5,20
PHI,PHI,2000,5,21
PHI,PHI,2000,5,22
PHI,PHI,2000,5,23
PHI,PHI,2000,5,27
PHI,PHI,2000,5,28
PHI,PHI,2000,5,29
PHI,PHI,2000,5,30
PHI,PHI,2000,5,31
PHI,PHI,2000,6,3
PHI,PHI,2000,6,4
PHI,PHI,2000,6,5
PHI,PHI,2000,6,6
PHI,PHI,2000,6,10
PHI,PHI,2000,6,11
PHI,PHI,2000,6,12
PHI,PHI,2000,6,13
PHI,PHI,2000,7,8
PHI,PHI,2000,7,10
PHI,PHI,2000,7,11
PHI,PHI,2000,7,15
PHI,PHI,2000,7,16
PHI,PHI,2000,7,17
PHI,PHI,2000,7,18
PHI,PHI,2000,7,22
PHI,PHI,2000,7,23
PHI,PHI,2000,7,24
PHI,PHI,2000,7,25
PHI,PHI,2000,7,29
PHI,PHI,2000,7,30
PHI,PHI,2000,7,31
PHI,PHI,2000,8,1
PHI,PHI,2000,8,5
PHI,PHI,2000,8,6
PHI,PHI,2000,8,8
PHI,PHI,2000,8,12
PHI,PHI,2000,8,13
PHI,PHI,2000,8,14
PHI,PHI,2000,8,15
PHI,PHI,2000,8,21
PHI,PHI,2000,8,22
PHI,PHI,2000,8,26
PHI,PHI,2000,8,28
PHI,PHI,2000,8,29
PHI,PHI,2000,9,2
PHI,PHI,2000,9,3
PHI,PHI,2000,9,4
PHI,PHI,2000,9,5
PHI,PHI,2000,9,6
PHI,PHI,2000,9,9
PHI,PHI,2000,9,10
PHI,PHI,2000,9,12
PHI,PHI,2000,9,16
PHI,PHI,2000,9,18
PHI,PHI,2000,9,19
PHI,PHI,2000,9,23
PHI,PHI,2000,9,24
PHI,PHI,2000,9,25
PHI,PHI,2000,9,26
PHI,PHI,2000,9,30
PHI,PHI,2000,10,1
PHI,PHI,2000,10,2
PHI,PHI,2000,10,3
PHI,PHI,2000,10,7
PHI,PHI,2000,10,8
PHI,PHI,2000,10,9
PHI,PHI,2000,10,10
PHI,PHI,2000,10,11
PHI,PHI,2000,11,4
PHI,PHI,2000,11,5
PHI,PHI,2000,11,6
PHI,PHI,2000,11,7
PHI,PHI,2000,11,8
PHI,PHI,2000,11,10
PHI,PHI,2000,11,11
PHI,PHI,2000,11,12
PHI,PHI,2000,11,13
PHI,PHI,2000,11,14
PHI,PHI,2000,11,17
PHI,PHI,2000,11,18
PHI,PHI,2000,11,19
PHI,PHI,2000,11,20
PHI,PHI,2000,11,21
PHI,PHI,2000,11,24
PHI,PHI,2000,11,25
PHI,PHI,2000,11,26
PHI,PHI,2000,12,1
PHI,PHI,2000,12,2
PHI,PHI,2000,12,3
PHI,PHI,2000,12,4
PHI,PHI,2000,12,5
PHI,PHI,2000,12,8
PHI,PHI,2000,12,9
PHI,PHI,2000,12,10
PHI,PHI,2000,12,11
PHI,PHI,2000,12,15
PHI,PHI,2000,12,16
PHI,PHI,2000,12,22
PHI,PHI,2000,12,23
PHI,PHI,2000,12,24
PHI,PHI,2000,12,26
PHI,PHI,2000,12,27
PHI,PHI,2000,12,28
PHI,PHI,2000,12,29
PHI,PHI,2001,1,1
PHI,PHI,2001,1,2
PHI,PHI,2001,1,3
PHI,PHI,2001,1,5
PHI,PHI,2001,1,6
PHI,PHI,2001,1,12
PHI,PHI,2001,1,13
PHI,PHI,2001,1,14
PHI,PHI,2001,1,15
PHI,PHI,2001,1,16
PHI,PHI,2001,1,17
PHI,PHI,2001,1,19
PHI,PHI,2001,1,20
PHI,PHI,2001,1,23
PHI,PHI,2001,1,26
PHI,PHI,2001,2,2
PHI,PHI,2001,2,3
PHI,PHI,2001,2,4
PHI,PHI,2001,2,5
PHI,PHI,2001,2,9
PHI,PHI,2001,2,10
PHI,PHI,2001,2,11
PHI,PHI,2001,2,12
PHI,PHI,2001,2,20
PHI,PHI,2001,2,21
PHI,PHI,2001,2,23
PHI,PHI,2001,2,24
PHI,PHI,2001,2,25
PHI,PHI,2001,2,26
PHI,PHI,2001,2,27
PHI,PHI,2001,3,2
PHI,PHI,2001,3,3
PHI,PHI,2001,3,4
PHI,PHI,2001,3,9
PHI,PHI,2001,3,10
PHI,PHI,2001,3,11
PHI,PHI,2001,3,12
PHI,PHI,2001,3,13
PHI,PHI,2001,3,16
PHI,PHI,2001,3,17
PHI,PHI,2001,3,18
PHI,PHI,2001,3,19
PHI,PHI,2001,3,20
PHI,PHI,2001,3,23
PHI,PHI,2001,3,24
PHI,PHI,2001,3,25
PHI,PHI,2001,3,26
PHI,PHI,2001,3,27
PHI,PHI,2001,4,2
PHI,PHI,2001,4,3
PHI,PHI,2001,4,7
PHI,PHI,2001,4,8
PHI,PHI,2001,4,9
PHI,PHI,2001,4,10
PHI,PHI,2001,4,29
PHI,PHI,2001,4,30
PHI,PHI,2001,5,1
PHI,PHI,2001,5,5
PHI,PHI,2001,5,6
PHI,PHI,2001,5,8
PHI,PHI,2001,5,12
PHI,PHI,2001,5,13
PHI,PHI,2001,5,14
PHI,PHI,2001,5,15
PHI,PHI,2001,5,20
PHI,PHI,2001,5,21
PHI,PHI,2001,5,22
PHI,PHI,2001,5,26
PHI,PHI,2001,5,27
PHI,PHI,2001,5,28
PHI,PHI,2001,5,29
PHI,PHI,2001,5,30
PHI,PHI,2001,6,3
PHI,PHI,2001,6,4
PHI,PHI,2001,6,5
PHI,PHI,2001,6,11
PHI,PHI,2001,6,12
PHI,PHI,2001,6,16
PHI,PHI,2001,6,17
PHI,PHI,2001,6,18
PHI,PHI,2001,6,19
PHI,PHI,2001,6,23
PHI,PHI,2001,6,24
PHI,PHI,2001,6,25
PHI,PHI,2001,6,26
PHI,PHI,2001,7,1
PHI,PHI,2001,7,2
PHI,PHI,2001,7,3
PHI,PHI,2001,7,4
PHI,PHI,2001,7,7
PHI,PHI,2001,7,8
PHI,PHI,2001,7,10
PHI,PHI,2001,7,15
PHI,PHI,2001,7,16
PHI,PHI,2001,7,17
PHI,PHI,2001,7,21
PHI,PHI,2001,7,24
PHI,PHI,2001,7,28
PHI,PHI,2001,8,7
PHI,PHI,2001,8,11
PHI,PHI,2001,8,12
PHI,PHI,2001,8,18
PHI,PHI,2001,8,19
PHI,PHI,2001,8,20
PHI,PHI,2001,8,21
PHI,PHI,2001,8,25
PHI,PHI,2001,8,26
PHI,PHI,2001,8,27
PHI,PHI,2001,8,28
PHI,PHI,2001,9,1
PHI,PHI,2001,9,2
PHI,PHI,2001,9,3
PHI,PHI,2001,9,4
PHI,PHI,2001,9,5
PHI,PHI,2001,9,8
PHI,PHI,2001,9,9
PHI,PHI,2001,9,10
PHI,PHI,2001,9,15
PHI,PHI,2001,9,17
PHI,PHI,2001,9,18
PHI,PHI,2001,9,22
PHI,PHI,2001,9,23
PHI,PHI,2001,9,24
PHI,PHI,2001,9,25
PHI,PHI,2001,9,29
PHI,PHI,2001,9,30
PHI,PHI,2001,10,1
PHI,PHI,2001,10,2
PHI,PHI,2001,10,6
PHI,PHI,2001,10,7
PHI,PHI,2001,10,8
PHI,PHI,2001,10,9
PHI,PHI,2001,10,10
PHI,PHI,2001,10,20
PHI,PHI,2001,10,21
PHI,PHI,2001,10,22
PHI,PHI,2001,10,27
PHI,PHI,2001,10,29
PHI,PHI,2001,10,30
PHI,PHI,2001,11,3
PHI,PHI,2001,11,4
PHI,PHI,2001,11,6
PHI,PHI,2001,11,7
PHI,PHI,2001,11,10
PHI,PHI,2001,11,11
PHI,PHI,2001,11,12
PHI,PHI,2001,11,13
PHI,PHI,2001,11,16
PHI,PHI,2001,11,18
PHI,PHI,2001,11,19
PHI,PHI,2001,11,20
PHI,PHI,2001,11,24
PHI,PHI,2001,11,25
PHI,PHI,2001,11,26
PHI,PHI,2001,11,27
PHI,PHI,2001,11,30
PHI,PHI,2001,12,2
PHI,PHI,2001,12,3
PHI,PHI,2001,12,4
PHI,PHI,2001,12,7
PHI,PHI,2001,12,9
PHI,PHI,2001,12,10
PHI,PHI,2001,12,11
PHI,PHI,2001,12,14
PHI,PHI,2001,12,15
PHI,PHI,2001,12,16
PHI,PHI,2001,12,17
PHI,PHI,2001,12,18
PHI,PHI,2001,12,21
PHI,PHI,2001,12,23
PHI,PHI,2001,12,24
PHI,PHI,2001,12,27
PHI,PHI,2001,12,29
PHI,PHI,2001,12,30
PHI,PHI,2001,12,31
PHI,PHI,2002,1,1
PHI,PHI,2002,1,2
PHI,PHI,2002,1,5
PHI,PHI,2002,1,7
PHI,PHI,2002,1,8
PHI,PHI,2002,1,12
PHI,PHI,2002,1,13
PHI,PHI,2002,1,14
PHI,PHI,2002,1,15
PHI,PHI,2002,1,18
PHI,PHI,2002,1,21
PHI,PHI,2002,1,22
PHI,PHI,2002,1,23
PHI,PHI,2002,1,25
PHI,PHI,2002,1,26
PHI,PHI,2002,1,27
PHI,PHI,2002,1,28
PHI,PHI,2002,1,29
PHI,PHI,2002,2,1
PHI,PHI,2002,2,2
PHI,PHI,2002,2,3
PHI,PHI,2002,2,4
PHI,PHI,2002,2,5
PHI,PHI,2002,2,8
PHI,PHI,2002,2,9
PHI,PHI,2002,2,10
PHI,PHI,2002,2,12
PHI,PHI,2002,2,15
PHI,PHI,2002,2,16
PHI,PHI,2002,2,17
PHI,PHI,2002,2,18
PHI,PHI,2002,2,19
PHI,PHI,2002,2,20
PHI,PHI,2002,2,22
PHI,PHI,2002,2,23
PHI,PHI,2002,2,24
PHI,PHI,2002,2,25
PHI,PHI,2002,2,26
PHI,PHI,2002,3,2
PHI,PHI,2002,3,3
PHI,PHI,2002,3,4
PHI,PHI,2002,3,5
PHI,PHI,2002,3,9
PHI,PHI,2002,3,10
PHI,PHI,2002,3,11
PHI,PHI,2002,3,12
PHI,PHI,2002,3,16
PHI,PHI,2002,3,17
PHI,PHI,2002,3,18
PHI,PHI,2002,3,19
PHI,PHI,2002,3,23
PHI,PHI,2002,3,24
PHI,PHI,2002,3,25
PHI,PHI,2002,3,26
PHI,PHI,2002,3,30
PHI,PHI,2002,4,1
PHI,PHI,2002,4,2
PHI,PHI,2002,4,7
PHI,PHI,2002,4,8
PHI,PHI,2002,4,9
PHI,PHI,2002,4,13
PHI,PHI,2002,4,14
PHI,PHI,2002,4,15
PHI,PHI,2002,4,16
PHI,PHI,2002,4,21
PHI,PHI,2002,4,22
PHI,PHI,2002,4,23
PHI,PHI,2002,4,28
PHI,PHI,2002,4,30
PHI,PHI,2002,5,6
PHI,PHI,2002,5,13
PHI,PHI,2002,5,14
PHI,PHI,2002,5,18
PHI,PHI,2002,5,19
PHI,PHI,2002,5,20
PHI,PHI,2002,5,21
PHI,PHI,2002,5,25
PHI,PHI,2002,5,26
PHI,PHI,2002,5,27
PHI,PHI,2002,5,28
PHI,PHI,2002,5,29
PHI,PHI,2002,6,1
PHI,PHI,2002,6,2
PHI,PHI,2002,6,3
PHI,PHI,2002,6,4
PHI,PHI,2002,6,8
PHI,PHI,2002,6,9
PHI,PHI,2002,6,10
PHI,PHI,2002,6,11
PHI,PHI,2002,6,15
PHI,PHI,2002,6,16
PHI,PHI,2002,6,17
PHI,PHI,2002,6,18
PHI,PHI,2002,6,22
PHI,PHI,2002,6,23
PHI,PHI,2002,6,24
PHI,PHI,2002,6,25
PHI,PHI,2002,6,29
PHI,PHI,2002,6,30
PHI,PHI,2002,7,1
PHI,PHI,2002,7,2
PHI,PHI,2002,7,4
PHI,PHI,2002,7,5
PHI,PHI,2002,7,6
PHI,PHI,2002,7,7
PHI,PHI,2002,7,8
PHI,PHI,2002,7,9
PHI,PHI,2002,7,13
PHI,PHI,2002,7,14
PHI,PHI,2002,7,15
PHI,PHI,2002,7,16
PHI,PHI,2002,7,20
PHI,PHI,2002,7,21
PHI,PHI,2002,7,22
PHI,PHI,2002,7,23
PHI,PHI,2002,7,27
PHI,PHI,2002,7,28
PHI,PHI,2002,7,29
PHI,PHI,2002,7,30
PHI,PHI,2002,8,3
PHI,PHI,2002,8,4
PHI,PHI,2002,8,6
PHI,PHI,2002,8,10
PHI,PHI,2002,8,11
PHI,PHI,2002,8,13
PHI,PHI,2002,8,17
PHI,PHI,2002,8,18
PHI,PHI,2002,8,20
PHI,PHI,2002,8,24
PHI,PHI,2002,8,25
PHI,PHI,2002,8,27
PHI,PHI,2002,8,31
PHI,PHI,2002,9,1
PHI,PHI,2002,9,2
PHI,PHI,2002,9,3
PHI,PHI,2002,9,4
PHI,PHI,2002,9,7
PHI,PHI,2002,9,8
PHI,PHI,2002,9,9
PHI,PHI,2002,9,10
PHI,PHI,2002,9,14
PHI,PHI,2002,9,15
PHI,PHI,2002,9,16
PHI,PHI,2002,9,17
PHI,PHI,2002,9,21
PHI,PHI,2002,9,22
PHI,PHI,2002,9,23
PHI,PHI,2002,9,24
PHI,PHI,2002,9,28
PHI,PHI,2002,9,29
PHI,PHI,2002,9,30
PHI,PHI,2002,10,1
PHI,PHI,2002,10,5
PHI,PHI,2002,10,6
PHI,PHI,2002,10,7
PHI,PHI,2002,10,8
PHI,PHI,2002,10,12
PHI,PHI,2002,10,13
PHI,PHI,2002,10,14
PHI,PHI,2002,10,15
PHI,PHI,2002,10,19
PHI,PHI,2002,10,20
PHI,PHI,2002,10,21
PHI,PHI,2002,10,22
PHI,PHI,2002,10,26
PHI,PHI,2002,10,27
PHI,PHI,2002,10,28
PHI,PHI,2002,10,29
PHI,PHI,2002,11,2
PHI,PHI,2002,11,3
PHI,PHI,2002,11,4
PHI,PHI,2002,11,5
PHI,PHI,2002,11,6
PHI,PHI,2002,11,9
PHI,PHI,2002,11,10
PHI,PHI,2002,11,11
PHI,PHI,2002,11,12
PHI,PHI,2002,11,16
PHI,PHI,2002,11,17
PHI,PHI,2002,11,18
PHI,PHI,2002,11,19
PHI,PHI,2002,11,24
PHI,PHI,2002,11,25
PHI,PHI,2002,11,26
PHI,PHI,2002,11,30
PHI,PHI,2002,12,1
PHI,PHI,2002,12,2
PHI,PHI,2002,12,3
PHI,PHI,2002,12,7
PHI,PHI,2002,12,8
PHI,PHI,2002,12,9
PHI,PHI,2002,12,10
PHI,PHI,2002,12,14
PHI,PHI,2002,12,15
PHI,PHI,2002,12,16
PHI,PHI,2002,12,17
PHI,PHI,2002,12,21
PHI,PHI,2002,12,22
PHI,PHI,2002,12,23
PHI,PHI,2002,12,24
PHI,PHI,2002,12,26
PHI,PHI,2002,12,29
PHI,PHI,2002,12,30
PHI,PHI,2002,12,31
PHI,PHI,2003,1,1
PHI,PHI,2003,1,3
PHI,PHI,2003,1,4
PHI,PHI,2003,1,5
PHI,PHI,2003,1,7
PHI,PHI,2003,1,10
PHI,PHI,2003,1,11
PHI,PHI,2003,1,12
PHI,PHI,2003,1,13
PHI,PHI,2003,1,14
PHI,PHI,2003,1,17
PHI,PHI,2003,1,18
PHI,PHI,2003,1,19
PHI,PHI,2003,1,20
PHI,PHI,2003,1,21
PHI,PHI,2003,1,22
PHI,PHI,2003,1,25
PHI,PHI,2003,1,26
PHI,PHI,2003,1,28
PHI,PHI,2003,1,31
PHI,PHI,2003,2,1
PHI,PHI,2003,2,2
PHI,PHI,2003,2,3
PHI,PHI,2003,2,4
PHI,PHI,2003,2,8
PHI,PHI,2003,2,9
PHI,PHI,2003,2,10
PHI,PHI,2003,2,11
PHI,PHI,2003,2,14
PHI,PHI,2003,2,15
PHI,PHI,2003,2,21
PHI,PHI,2003,2,23
PHI,PHI,2003,2,24
PHI,PHI,2003,2,25
PHI,PHI,2003,3,4
PHI,PHI,2003,3,8
PHI,PHI,2003,3,9
PHI,PHI,2003,3,10
PHI,PHI,2003,3,11
PHI,PHI,2003,3,15
PHI,PHI,2003,3,16
PHI,PHI,2003,3,17
PHI,PHI,2003,3,18
PHI,PHI,2003,3,22
PHI,PHI,2003,3,23
PHI,PHI,2003,3,24
PHI,PHI,2003,3,25
PHI,PHI,2003,3,29
PHI,PHI,2003,3,30
PHI,PHI,2003,3,31
PHI,PHI,2003,4,1
PHI,PHI,2003,4,5
PHI,PHI,2003,4,6
PHI,PHI,2003,4,8
PHI,PHI,2003,4,12
PHI,PHI,2003,4,13
PHI,PHI,2003,4,14
PHI,PHI,2003,4,15
PHI,PHI,2003,4,19
PHI,PHI,2003,4,21
PHI,PHI,2003,4,22
PHI,PHI,2003,4,26
PHI,PHI,2003,4,27
PHI,PHI,2003,4,28
PHI,PHI,2003,4,29
PHI,PHI,2003,5,3
PHI,PHI,2003,5,4
PHI,PHI,2003,5,5
PHI,PHI,2003,5,6
PHI,PHI,2003,5,10
PHI,PHI,2003,5,11
PHI,PHI,2003,5,12
PHI,PHI,2003,5,13
PHI,PHI,2003,5,17
PHI,PHI,2003,5,18
PHI,PHI,2003,5,19
PHI,PHI,2003,5,20
PHI,PHI,2003,5,24
PHI,PHI,2003,5,25
PHI,PHI,2003,5,26
PHI,PHI,2003,5,27
PHI,PHI,2003,5,28
PHI,PHI,2003,5,31
PHI,PHI,2003,6,1
PHI,PHI,2003,6,2
PHI,PHI,2003,6,3
PHI,PHI,2003,6,7
PHI,PHI,2003,6,8
PHI,PHI,2003,6,9
PHI,PHI,2003,6,10
PHI,PHI,2003,6,14
PHI,PHI,2003,6,15
PHI,PHI,2003,6,16
PHI,PHI,2003,6,17
PHI,PHI,2003,6,21
PHI,PHI,2003,6,22
PHI,PHI,2003,6,23
PHI,PHI,2003,6,24
PHI,PHI,2003,6,28
PHI,PHI,2003,6,29
PHI,PHI,2003,6,30
PHI,PHI,2003,7,1
PHI,PHI,2003,7,4
PHI,PHI,2003,7,5
PHI,PHI,2003,7,6
PHI,PHI,2003,7,7
PHI,PHI,2003,7,8
PHI,PHI,2003,7,12
PHI,PHI,2003,7,13
PHI,PHI,2003,7,14
PHI,PHI,2003,7,15
PHI,PHI,2003,7,19
PHI,PHI,2003,7,20
PHI,PHI,2003,7,21
PHI,PHI,2003,7,22
PHI,PHI,2003,7,26
PHI,PHI,2003,7,27
PHI,PHI,2003,7,28
PHI,PHI,2003,7,29
PHI,PHI,2003,8,2
PHI,PHI,2003,8,3
PHI,PHI,2003,8,5
PHI,PHI,2003,8,9
PHI,PHI,2003,8,10
PHI,PHI,2003,8,12
PHI,PHI,2003,8,16
PHI,PHI,2003,8,17
PHI,PHI,2003,8,19
PHI,PHI,2003,8,23
PHI,PHI,2003,8,24
PHI,PHI,2003,8,26
PHI,PHI,2003,8,30
PHI,PHI,2003,8,31
PHI,PHI,2003,9,1
PHI,PHI,2003,9,2
PHI,PHI,2003,9,3
PHI,PHI,2003,9,6
PHI,PHI,2003,9,7
PHI,PHI,2003,9,8
PHI,PHI,2003,9,9
PHI,PHI,2003,9,13
PHI,PHI,2003,9,14
PHI,PHI,2003,9,15
PHI,PHI,2003,9,16
PHI,PHI,2003,9,20
PHI,PHI,2003,9,21
PHI,PHI,2003,9,22
PHI,PHI,2003,9,23
PHI,PHI,2003,9,27
PHI,PHI,2003,9,28
PHI,PHI,2003,9,29
PHI,PHI,2003,9,30
PHI,PHI,2003,10,4
PHI,PHI,2003,10,5
PHI,PHI,2003,10,6
PHI,PHI,2003,10,7
PHI,PHI,2003,10,11
PHI,PHI,2003,10,12
PHI,PHI,2003,10,13
PHI,PHI,2003,10,14
PHI,PHI,2003,10,15
PHI,PHI,2003,10,18
PHI,PHI,2003,10,19
PHI,PHI,2003,10,20
PHI,PHI,2003,10,21
PHI,PHI,2003,10,25
PHI,PHI,2003,10,26
PHI,PHI,2003,10,27
PHI,PHI,2003,10,28
PHI,PHI,2003,11,1
PHI,PHI,2003,11,2
PHI,PHI,2003,11,3
PHI,PHI,2003,11,4
PHI,PHI,2003,11,5
PHI,PHI,2003,11,7
PHI,PHI,2003,11,8
PHI,PHI,2003,11,9
PHI,PHI,2003,11,10
PHI,PHI,2003,11,11
PHI,PHI,2003,11,14
PHI,PHI,2003,11,15
PHI,PHI,2003,11,16
PHI,PHI,2003,11,17
PHI,PHI,2003,11,18
PHI,PHI,2003,11,21
PHI,PHI,2003,11,22
PHI,PHI,2003,11,23
PHI,PHI,2003,11,24
PHI,PHI,2003,11,25
PHI,PHI,2003,11,28
PHI,PHI,2003,11,29
PHI,PHI,2003,11,30
PHI,PHI,2003,12,1
PHI,PHI,2003,12,2
PHI,PHI,2003,12,8
PHI,PHI,2003,12,9
PHI,PHI,2003,12,12
PHI,PHI,2003,12,13
PHI,PHI,2003,12,15
PHI,PHI,2003,12,16
PHI,PHI,2003,12,19
PHI,PHI,2003,12,20
PHI,PHI,2003,12,21
PHI,PHI,2003,12,22
PHI,PHI,2003,12,23
PHI,PHI,2003,12,24
PHI,PHI,2003,12,26
PHI,PHI,2003,12,27
PHI,PHI,2003,12,28
PHI,PHI,2003,12,30
PHI,PHI,2004,1,1
PHI,PHI,2004,1,2
PHI,PHI,2004,1,3
PHI,PHI,2004,1,4
PHI,PHI,2004,1,5
PHI,PHI,2004,1,6
PHI,PHI,2004,1,9
PHI,PHI,2004,1,11
PHI,PHI,2004,1,12
PHI,PHI,2004,1,13
PHI,PHI,2004,1,17
PHI,PHI,2004,1,18
PHI,PHI,2004,1,19
PHI,PHI,2004,1,21
PHI,PHI,2004,1,23
PHI,PHI,2004,1,24
PHI,PHI,2004,1,25
PHI,PHI,2004,1,26
PHI,PHI,2004,1,27
PHI,PHI,2004,1,30
PHI,PHI,2004,1,31
PHI,PHI,2004,2,1
PHI,PHI,2004,2,2
PHI,PHI,2004,2,3
PHI,PHI,2004,2,9
PHI,PHI,2004,2,10
PHI,PHI,2004,2,13
PHI,PHI,2004,2,14
PHI,PHI,2004,2,15
PHI,PHI,2004,2,16
PHI,PHI,2004,2,17
PHI,PHI,2004,2,18
PHI,PHI,2004,2,20
PHI,PHI,2004,2,21
PHI,PHI,2004,2,22
PHI,PHI,2004,2,23
PHI,PHI,2004,2,24
PHI,PHI,2004,2,27
PHI,PHI,2004,2,28
PHI,PHI,2004,2,29
PHI,PHI,2004,3,1
PHI,PHI,2004,3,2
PHI,PHI,2004,3,6
PHI,PHI,2004,3,7
PHI,PHI,2004,3,8
PHI,PHI,2004,3,9
PHI,PHI,2004,3,13
PHI,PHI,2004,3,14
PHI,PHI,2004,3,15
PHI,PHI,2004,3,20
PHI,PHI,2004,3,21
PHI,PHI,2004,3,22
PHI,PHI,2004,3,23
PHI,PHI,2004,3,27
PHI,PHI,2004,3,28
PHI,PHI,2004,3,29
PHI,PHI,2004,3,30
PHI,PHI,2004,4,3
PHI,PHI,2004,4,4
PHI,PHI,2004,4,5
PHI,PHI,2004,4,6
PHI,PHI,2004,4,10
PHI,PHI,2004,4,12
PHI,PHI,2004,4,13
PHI,PHI,2004,4,17
PHI,PHI,2004,4,18
PHI,PHI,2004,4,19
PHI,PHI,2004,4,20
PHI,PHI,2004,4,24
PHI,PHI,2004,4,25
PHI,PHI,2004,4,26
PHI,PHI,2004,4,27
PHI,PHI,2004,5,1
PHI,PHI,2004,5,2
PHI,PHI,2004,5,3
PHI,PHI,2004,5,4
PHI,PHI,2004,5,8
PHI,PHI,2004,5,9
PHI,PHI,2004,5,10
PHI,PHI,2004,5,11
PHI,PHI,2004,5,15
PHI,PHI,2004,5,16
PHI,PHI,2004,5,17
PHI,PHI,2004,5,18
PHI,PHI,2004,5,22
PHI,PHI,2004,5,23
PHI,PHI,2004,5,24
PHI,PHI,2004,5,25
PHI,PHI,2004,5,29
PHI,PHI,2004,5,30
PHI,PHI,2004,5,31
PHI,PHI,2004,6,1
PHI,PHI,2004,6,2
PHI,PHI,2004,6,5
PHI,PHI,2004,6,6
PHI,PHI,2004,6,7
PHI,PHI,2004,6,8
PHI,PHI,2004,6,12
PHI,PHI,2004,6,13
PHI,PHI,2004,6,14
PHI,PHI,2004,6,15
PHI,PHI,2004,6,19
PHI,PHI,2004,6,20
PHI,PHI,2004,6,21
PHI,PHI,2004,6,22
PHI,PHI,2004,6,26
PHI,PHI,2004,6,27
PHI,PHI,2004,6,28
PHI,PHI,2004,6,29
PHI,PHI,2004,7,3
PHI,PHI,2004,7,4
PHI,PHI,2004,7,5
PHI,PHI,2004,7,6
PHI,PHI,2004,7,7
PHI,PHI,2004,7,10
PHI,PHI,2004,7,11
PHI,PHI,2004,7,12
PHI,PHI,2004,7,13
PHI,PHI,2004,7,17
PHI,PHI,2004,7,18
PHI,PHI,2004,7,19
PHI,PHI,2004,7,20
PHI,PHI,2004,7,24
PHI,PHI,2004,7,25
PHI,PHI,2004,7,26
PHI,PHI,2004,7,27
PHI,PHI,2004,7,31
PHI,PHI,2004,8,1
PHI,PHI,2004,8,3
PHI,PHI,2004,8,7
PHI,PHI,2004,8,8
PHI,PHI,2004,8,10
PHI,PHI,2004,8,14
PHI,PHI,2004,8,15
PHI,PHI,2004,8,17
PHI,PHI,2004,8,21
PHI,PHI,2004,8,22
PHI,PHI,2004,8,24
PHI,PHI,2004,8,28
PHI,PHI,2004,8,29
PHI,PHI,2004,8,31
PHI,PHI,2004,9,4
PHI,PHI,2004,9,5
PHI,PHI,2004,9,6
PHI,PHI,2004,9,7
PHI,PHI,2004,9,8
PHI,PHI,2004,9,11
PHI,PHI,2004,9,12
PHI,PHI,2004,9,13
PHI,PHI,2004,9,14
PHI,PHI,2004,9,18
PHI,PHI,2004,9,19
PHI,PHI,2004,9,20
PHI,PHI,2004,9,21
PHI,PHI,2004,9,25
PHI,PHI,2004,9,26
PHI,PHI,2004,9,27
PHI,PHI,2004,9,28
PHI,PHI,2004,10,2
PHI,PHI,2004,10,3
PHI,PHI,2004,10,4
PHI,PHI,2004,10,5
PHI,PHI,2004,10,9
PHI,PHI,2004,10,10
PHI,PHI,2004,10,11
PHI,PHI,2004,10,12
PHI,PHI,2004,10,13
PHI,PHI,2004,10,16
PHI,PHI,2004,10,17
PHI,PHI,2004,10,18
PHI,PHI,2004,10,19
PHI,PHI,2004,10,23
PHI,PHI,2004,10,24
PHI,PHI,2004,10,25
PHI,PHI,2004,10,26
PHI,PHI,2004,10,30
PHI,PHI,2004,11,1
PHI,PHI,2004,11,2
PHI,PHI,2004,11,3
PHI,PHI,2004,11,6
PHI,PHI,2004,11,7
PHI,PHI,2004,11,8
PHI,PHI,2004,11,9
PHI,PHI,2004,11,13
PHI,PHI,2004,11,14
PHI,PHI,2004,11,15
PHI,PHI,2004,11,16
PHI,PHI,2004,11,20
PHI,PHI,2004,11,21
PHI,PHI,2004,11,22
PHI,PHI,2004,11,23
PHI,PHI,2004,11,26
PHI,PHI,2004,11,27
PHI,PHI,2004,11,28
PHI,PHI,2004,11,29
PHI,PHI,2004,11,30
PHI,PHI,2004,12,3
PHI,PHI,2004,12,4
PHI,PHI,2004,12,5
PHI,PHI,2004,12,6
PHI,PHI,2004,12,7
PHI,PHI,2004,12,10
PHI,PHI,2004,12,11
PHI,PHI,2004,12,12
PHI,PHI,2004,12,13
PHI,PHI,2004,12,14
PHI,PHI,2004,12,17
PHI,PHI,2004,12,18
PHI,PHI,2004,12,19
PHI,PHI,2004,12,20
PHI,PHI,2004,12,21
PHI,PHI,2004,12,24
PHI,PHI,2004,12,26
PHI,PHI,2004,12,28
PHI,PHI,2004,12,31
PHI,PHI,2005,1,1
PHI,PHI,2005,1,2
PHI,PHI,2005,1,3
PHI,PHI,2005,1,4
PHI,PHI,2005,1,7
PHI,PHI,2005,1,8
PHI,PHI,2005,1,9
PHI,PHI,2005,1,10
PHI,PHI,2005,1,11
PHI,PHI,2005,1,14
PHI,PHI,2005,1,15
PHI,PHI,2005,1,16
PHI,PHI,2005,1,17
PHI,PHI,2005,1,19
PHI,PHI,2005,1,21
PHI,PHI,2005,1,25
PHI,PHI,2005,1,28
PHI,PHI,2005,1,29
PHI,PHI,2005,1,30
PHI,PHI,2005,1,31
PHI,PHI,2005,2,1
PHI,PHI,2005,2,4
PHI,PHI,2005,2,5
PHI,PHI,2005,2,6
PHI,PHI,2005,2,7
PHI,PHI,2005,2,8
PHI,PHI,2005,2,11
PHI,PHI,2005,2,12
PHI,PHI,2005,2,13
PHI,PHI,2005,2,14
PHI,PHI,2005,2,15
PHI,PHI,2005,2,18
PHI,PHI,2005,2,19
PHI,PHI,2005,2,20
PHI,PHI,2005,2,22
PHI,PHI,2005,2,23
PHI,PHI,2005,2,25
PHI,PHI,2005,2,26
PHI,PHI,2005,2,27
PHI,PHI,2005,3,4
PHI,PHI,2005,3,5
PHI,PHI,2005,3,6
PHI,PHI,2005,3,7
PHI,PHI,2005,3,8
PHI,PHI,2005,3,11
PHI,PHI,2005,3,12
PHI,PHI,2005,3,13
PHI,PHI,2005,3,14
PHI,PHI,2005,3,15
PHI,PHI,2005,3,18
PHI,PHI,2005,3,19
PHI,PHI,2005,3,20
PHI,PHI,2005,3,21
PHI,PHI,2005,3,22
PHI,PHI,2005,3,25
PHI,PHI,2005,3,26
PHI,PHI,2005,3,28
PHI,PHI,2005,3,29
PHI,PHI,2005,4,2
PHI,PHI,2005,4,3
PHI,PHI,2005,4,4
PHI,PHI,2005,4,5
PHI,PHI,2005,4,9
PHI,PHI,2005,4,10
PHI,PHI,2005,4,11
PHI,PHI,2005,4,12
PHI,PHI,2005,4,16
PHI,PHI,2005,4,17
PHI,PHI,2005,4,18
PHI,PHI,2005,4,19
PHI,PHI,2005,4,23
PHI,PHI,2005,4,24
PHI,PHI,2005,4,25
PHI,PHI,2005,4,26
PHI,PHI,2005,4,30
PHI,PHI,2005,5,1
PHI,PHI,2005,5,2
PHI,PHI,2005,5,3
PHI,PHI,2005,5,7
PHI,PHI,2005,5,8
PHI,PHI,2005,5,9
PHI,PHI,2005,5,10
PHI,PHI,2005,5,14
PHI,PHI,2005,5,15
PHI,PHI,2005,5,16
PHI,PHI,2005,5,17
PHI,PHI,2005,5,21
PHI,PHI,2005,5,22
PHI,PHI,2005,5,23
PHI,PHI,2005,5,24
PHI,PHI,2005,5,28
PHI,PHI,2005,5,29
PHI,PHI,2005,5,30
PHI,PHI,2005,5,31
PHI,PHI,2005,6,1
PHI,PHI,2005,6,4
PHI,PHI,2005,6,5
PHI,PHI,2005,6,6
PHI,PHI,2005,6,7
PHI,PHI,2005,6,11
PHI,PHI,2005,6,12
PHI,PHI,2005,6,13
PHI,PHI,2005,6,14
PHI,PHI,2005,6,18
PHI,PHI,2005,6,19
PHI,PHI,2005,6,20
PHI,PHI,2005,6,21
PHI,PHI,2005,6,25
PHI,PHI,2005,6,26
PHI,PHI,2005,6,27
PHI,PHI,2005,6,28
PHI,PHI,2005,7,2
PHI,PHI,2005,7,3
PHI,PHI,2005,7,4
PHI,PHI,2005,7,5
PHI,PHI,2005,7,6
PHI,PHI,2005,7,9
PHI,PHI,2005,7,10
PHI,PHI,2005,7,11
PHI,PHI,2005,7,12
PHI,PHI,2005,7,16
PHI,PHI,2005,7,17
PHI,PHI,2005,7,18
PHI,PHI,2005,7,19
PHI,PHI,2005,7,23
PHI,PHI,2005,7,24
PHI,PHI,2005,7,25
PHI,PHI,2005,7,26
PHI,PHI,2005,7,30
PHI,PHI,2005,7,31
PHI,PHI,2005,8,1
PHI,PHI,2005,8,2
PHI,PHI,2005,8,6
PHI,PHI,2005,8,7
PHI,PHI,2005,8,8
PHI,PHI,2005,8,9
PHI,PHI,2005,9,3
PHI,PHI,2005,9,4
PHI,PHI,2005,9,5
PHI,PHI,2005,9,6
PHI,PHI,2005,9,7
PHI,PHI,2005,9,10
PHI,PHI,2005,9,11
PHI,PHI,2005,9,12
PHI,PHI,2005,9,13
PHI,PHI,2005,9,17
PHI,PHI,2005,9,18
PHI,PHI,2005,9,19
PHI,PHI,2005,9,20
PHI,PHI,2005,9,24
PHI,PHI,2005,9,25
PHI,PHI,2005,9,26
PHI,PHI,2005,9,27
PHI,PHI,2005,10,1
PHI,PHI,2005,10,2
PHI,PHI,2005,10,3
PHI,PHI,2005,10,4
PHI,PHI,2005,10,8
PHI,PHI,2005,10,9
PHI,PHI,2005,10,10
PHI,PHI,2005,10,11
PHI,PHI,2005,10,12
PHI,PHI,2005,10,15
PHI,PHI,2005,10,16
PHI,PHI,2005,10,17
PHI,PHI,2005,10,18
PHI,PHI,2005,10,22
PHI,PHI,2005,10,23
PHI,PHI,2005,10,24
PHI,PHI,2005,10,25
PHI,PHI,2005,10,29
PHI,PHI,2005,10,30
PHI,PHI,2005,10,31
PHI,PHI,2005,11,1
PHI,PHI,2005,11,5
PHI,PHI,2005,11,6
PHI,PHI,2005,11,7
PHI,PHI,2005,11,8
PHI,PHI,2005,11,9
PHI,PHI,2005,11,12
PHI,PHI,2005,11,13
PHI,PHI,2005,11,14
PHI,PHI,2005,11,15
PHI,PHI,2005,11,19
PHI,PHI,2005,11,20
PHI,PHI,2005,11,21
PHI,PHI,2005,11,22
PHI,PHI,2005,11,25
PHI,PHI,2005,11,26
PHI,PHI,2005,11,27
PHI,PHI,2005,11,28
PHI,PHI,2005,11,29
PHI,PHI,2005,12,3
PHI,PHI,2005,12,4
PHI,PHI,2005,12,5
PHI,PHI,2005,12,6
PHI,PHI,2005,12,10
PHI,PHI,2005,12,11
PHI,PHI,2005,12,12
PHI,PHI,2005,12,13
PHI,PHI,2005,12,17
PHI,PHI,2005,12,18
PHI,PHI,2005,12,19
PHI,PHI,2005,12,20
PHI,PHI,2005,12,23
PHI,PHI,2005,12,24
PHI,PHI,2005,12,26
PHI,PHI,2005,12,27
PHI,PHI,2005,12,30
PHI,PHI,2005,12,31
PHI,PHI,2006,1,1
PHI,PHI,2006,1,2
PHI,PHI,2006,1,3
PHI,PHI,2006,1,4
PHI,PHI,2006,1,7
PHI,PHI,2006,1,8
PHI,PHI,2006,1,9
PHI,PHI,2006,1,10
PHI,PHI,2006,1,14
PHI,PHI,2006,1,16
PHI,PHI,2006,1,18
PHI,PHI,2006,1,21
PHI,PHI,2006,1,22
PHI,PHI,2006,1,23
PHI,PHI,2006,1,24
PHI,PHI,2006,1,28
PHI,PHI,2006,1,29
PHI,PHI,2006,1,30
PHI,PHI,2006,1,31
PHI,PHI,2006,2,4
PHI,PHI,2006,2,5
PHI,PHI,2006,2,6
PHI,PHI,2006,2,7
PHI,PHI,2006,2,11
PHI,PHI,2006,2,14
PHI,PHI,2006,2,18
PHI,PHI,2006,2,19
PHI,PHI,2006,2,20
PHI,PHI,2006,2,21
PHI,PHI,2006,2,22
PHI,PHI,2006,2,25
PHI,PHI,2006,2,26
PHI,PHI,2006,2,27
PHI,PHI,2006,2,28
PHI,PHI,2006,3,4
PHI,PHI,2006,3,5
PHI,PHI,2006,3,6
PHI,PHI,2006,3,7
PHI,PHI,2006,3,11
PHI,PHI,2006,3,12
PHI,PHI,2006,3,13
PHI,PHI,2006,3,14
PHI,PHI,2006,3,18
PHI,PHI,2006,3,19
PHI,PHI,2006,3,20
PHI,PHI,2006,3,21
PHI,PHI,2006,3,25
PHI,PHI,2006,3,26
PHI,PHI,2006,3,27
PHI,PHI,2006,3,28
PHI,PHI,2006,4,1
PHI,PHI,2006,4,2
PHI,PHI,2006,4,3
PHI,PHI,2006,4,4
PHI,PHI,2006,4,8
PHI,PHI,2006,4,9
PHI,PHI,2006,4,10
PHI,PHI,2006,4,11
PHI,PHI,2006,4,15
PHI,PHI,2006,4,17
PHI,PHI,2006,4,18
PHI,PHI,2006,4,22
PHI,PHI,2006,4,23
PHI,PHI,2006,4,24
PHI,PHI,2006,4,25
PHI,PHI,2006,4,29
PHI,PHI,2006,4,30
PHI,PHI,2006,5,1
PHI,PHI,2006,5,2
PHI,PHI,2006,5,6
PHI,PHI,2006,5,7
PHI,PHI,2006,5,8
PHI,PHI,2006,5,9
PHI,PHI,2006,5,13
PHI,PHI,2006,5,14
PHI,PHI,2006,5,15
PHI,PHI,2006,5,16
PHI,PHI,2006,5,20
PHI,PHI,2006,5,21
PHI,PHI,2006,5,22
PHI,PHI,2006,5,23
PHI,PHI,2006,5,27
PHI,PHI,2006,5,28
PHI,PHI,2006,5,29
PHI,PHI,2006,5,30
PHI,PHI,2006,5,31
PHI,PHI,2006,6,3
PHI,PHI,2006,6,4
PHI,PHI,2006,6,5
PHI,PHI,2006,6,6
PHI,PHI,2006,6,10
PHI,PHI,2006,6,11
PHI,PHI,2006,6,12
PHI,PHI,2006,6,13
PHI,PHI,2006,6,17
PHI,PHI,2006,6,18
PHI,PHI,2006,6,19
PHI,PHI,2006,6,20
PHI,PHI,2006,6,24
PHI,PHI,2006,6,25
PHI,PHI,2006,6,26
PHI,PHI,2006,6,27
PHI,PHI,2006,7,1
PHI,PHI,2006,7,2
PHI,PHI,2006,7,3
PHI,PHI,2006,7,4
PHI,PHI,2006,7,5
PHI,PHI,2006,7,8
PHI,PHI,2006,7,9
PHI,PHI,2006,7,10
PHI,PHI,2006,7,11
PHI,PHI,2006,7,15
PHI,PHI,2006,7,16
PHI,PHI,2006,7,17
PHI,PHI,2006,7,18
PHI,PHI,2006,7,22
PHI,PHI,2006,7,23
PHI,PHI,2006,7,24
PHI,PHI,2006,7,25
PHI,PHI,2006,7,29
PHI,PHI,2006,7,30
PHI,PHI,2006,7,31
PHI,PHI,2006,8,1
PHI,PHI,2006,8,5
PHI,PHI,2006,8,6
PHI,PHI,2006,8,8
PHI,PHI,2006,8,12
PHI,PHI,2006,8,13
PHI,PHI,2006,8,15
PHI,PHI,2006,8,19
PHI,PHI,2006,8,20
PHI,PHI,2006,8,22
PHI,PHI,2006,8,26
PHI,PHI,2006,8,27
PHI,PHI,2006,8,29
PHI,PHI,2006,9,3
PHI,PHI,2006,9,5
PHI,PHI,2006,9,6
PHI,PHI,2006,9,9
PHI,PHI,2006,9,10
PHI,PHI,2006,9,11
PHI,PHI,2006,9,12
PHI,PHI,2006,9,16
PHI,PHI,2006,9,17
PHI,PHI,2006,9,18
PHI,PHI,2006,9,19
PHI,PHI,2006,9,23
PHI,PHI,2006,9,24
PHI,PHI,2006,9,25
PHI,PHI,2006,9,26
PHI,PHI,2006,9,30
PHI,PHI,2006,10,1
PHI,PHI,2006,10,3
PHI,PHI,2006,10,7
PHI,PHI,2006,10,8
PHI,PHI,2006,10,9
PHI,PHI,2006,10,10
PHI,PHI,2006,10,11
PHI,PHI,2006,10,14
PHI,PHI,2006,10,15
PHI,PHI,2006,10,16
PHI,PHI,2006,10,17
PHI,PHI,2006,10,21
PHI,PHI,2006,10,22
PHI,PHI,2006,10,23
PHI,PHI,2006,10,24
PHI,PHI,2006,10,28
PHI,PHI,2006,10,30
PHI,PHI,2006,10,31
PHI,PHI,2006,11,4
PHI,PHI,2006,11,5
PHI,PHI,2006,11,6
PHI,PHI,2006,11,7
PHI,PHI,2006,11,8
PHI,PHI,2006,11,11
PHI,PHI,2006,11,12
PHI,PHI,2006,11,13
PHI,PHI,2006,11,14
PHI,PHI,2006,11,18
PHI,PHI,2006,11,19
PHI,PHI,2006,11,20
PHI,PHI,2006,11,21
PHI,PHI,2006,11,24
PHI,PHI,2006,11,25
PHI,PHI,2006,11,26
PHI,PHI,2006,11,27
PHI,PHI,2006,11,28
PHI,PHI,2006,12,2
PHI,PHI,2006,12,3
PHI,PHI,2006,12,4
PHI,PHI,2006,12,5
PHI,PHI,2006,12,9
PHI,PHI,2006,12,10
PHI,PHI,2006,12,11
PHI,PHI,2006,12,12
PHI,PHI,2006,12,15
PHI,PHI,2006,12,16
PHI,PHI,2006,12,17
PHI,PHI,2006,12,18
PHI,PHI,2006,12,19
PHI,PHI,2006,12,22
PHI,PHI,2006,12,23
PHI,PHI,2006,12,24
PHI,PHI,2007,1,2
PHI,PHI,2007,1,3
PHI,PHI,2007,1,6
PHI,PHI,2007,1,7
PHI,PHI,2007,1,8
PHI,PHI,2007,1,9
PHI,PHI,2007,1,13
PHI,PHI,2007,1,14
PHI,PHI,2007,1,15
PHI,PHI,2007,1,16
PHI,PHI,2007,1,17
PHI,PHI,2007,1,20
PHI,PHI,2007,1,21
PHI,PHI,2007,1,22
PHI,PHI,2007,1,23
PHI,PHI,2007,1,27
PHI,PHI,2007,1,28
PHI,PHI,2007,1,29
PHI,PHI,2007,1,30
PHI,PHI,2007,2,3
PHI,PHI,2007,2,4
PHI,PHI,2007,2,10
PHI,PHI,2007,2,11
PHI,PHI,2007,2,12
PHI,PHI,2007,2,13
PHI,PHI,2007,2,17
PHI,PHI,2007,2,18
PHI,PHI,2007,2,19
PHI,PHI,2007,2,20
PHI,PHI,2007,2,21
PHI,PHI,2007,2,24
PHI,PHI,2007,2,25
PHI,PHI,2007,2,26
PHI,PHI,2007,2,27
PHI,PHI,2007,3,3
PHI,PHI,2007,3,4
PHI,PHI,2007,3,5
PHI,PHI,2007,3,10
PHI,PHI,2007,3,11
PHI,PHI,2007,3,12
PHI,PHI,2007,3,13
PHI,PHI,2007,3,20
PHI,PHI,2007,3,24
PHI,PHI,2007,3,25
PHI,PHI,2007,3,26
PHI,PHI,2007,3,27
PHI,PHI,2007,3,31
PHI,PHI,2007,4,1
PHI,PHI,2007,4,2
PHI,PHI,2007,4,3
PHI,PHI,2007,4,7
PHI,PHI,2007,4,9
PHI,PHI,2007,4,10
PHI,PHI,2007,4,14
PHI,PHI,2007,4,17
PHI,PHI,2007,4,21
PHI,PHI,2007,4,22
PHI,PHI,2007,4,23
PHI,PHI,2007,4,24
PHI,PHI,2007,4,28
PHI,PHI,2007,4,29
PHI,PHI,2007,4,30
PHI,PHI,2007,5,1
PHI,PHI,2007,5,5
PHI,PHI,2007,5,6
PHI,PHI,2007,5,7
PHI,PHI,2007,5,8
PHI,PHI,2007,5,12
PHI,PHI,2007,5,13
PHI,PHI,2007,5,14
PHI,PHI,2007,5,15
PHI,PHI,2007,5,19
PHI,PHI,2007,5,20
PHI,PHI,2007,5,21
PHI,PHI,2007,5,22
PHI,PHI,2007,5,26
PHI,PHI,2007,5,27
PHI,PHI,2007,5,28
PHI,PHI,2007,5,29
PHI,PHI,2007,5,30
PHI,PHI,2007,6,2
PHI,PHI,2007,6,3
PHI,PHI,2007,6,4
PHI,PHI,2007,6,5
PHI,PHI,2007,6,9
PHI,PHI,2007,6,10
PHI,PHI,2007,6,11
PHI,PHI,2007,6,12
PHI,PHI,2007,6,16
PHI,PHI,2007,6,17
PHI,PHI,2007,6,18
PHI,PHI,2007,6,19
PHI,PHI,2007,6,23
PHI,PHI,2007,6,24
PHI,PHI,2007,6,25
PHI,PHI,2007,6,26
PHI,PHI,2007,6,30
PHI,PHI,2007,7,1
PHI,PHI,2007,7,2
PHI,PHI,2007,7,3
PHI,PHI,2007,7,4
PHI,PHI,2007,7,7
PHI,PHI,2007,7,8
PHI,PHI,2007,7,9
PHI,PHI,2007,7,10
PHI,PHI,2007,7,14
PHI,PHI,2007,7,15
PHI,PHI,2007,7,16
PHI,PHI,2007,7,17
PHI,PHI,2007,7,21
PHI,PHI,2007,7,22
PHI,PHI,2007,7,23
PHI,PHI,2007,7,24
PHI,PHI,2007,7,28
PHI,PHI,2007,7,29
PHI,PHI,2007,7,30
PHI,PHI,2007,7,31
PHI,PHI,2007,8,4
PHI,PHI,2007,8,5
PHI,PHI,2007,8,6
PHI,PHI,2007,8,7
PHI,PHI,2007,8,11
PHI,PHI,2007,8,12
PHI,PHI,2007,8,13
PHI,PHI,2007,8,14
PHI,PHI,2007,9,1
PHI,PHI,2007,9,2
PHI,PHI,2007,9,3
PHI,PHI,2007,9,4
PHI,PHI,2007,9,5
PHI,PHI,2007,9,8
PHI,PHI,2007,9,9
PHI,PHI,2007,9,10
PHI,PHI,2007,9,11
PHI,PHI,2007,9,15
PHI,PHI,2007,9,16
PHI,PHI,2007,9,17
PHI,PHI,2007,9,18
PHI,PHI,2007,9,22
PHI,PHI,2007,9,23
PHI,PHI,2007,9,24
PHI,PHI,2007,9,25
PHI,PHI,2007,9,29
PHI,PHI,2007,9,30
PHI,PHI,2007,10,1
PHI,PHI,2007,10,2
PHI,PHI,2007,10,6
PHI,PHI,2007,10,7
PHI,PHI,2007,10,8
PHI,PHI,2007,10,9
PHI,PHI,2007,10,10
PHI,PHI,2007,10,13
PHI,PHI,2007,10,14
PHI,PHI,2007,10,15
PHI,PHI,2007,10,16
PHI,PHI,2007,10,20
PHI,PHI,2007,10,21
PHI,PHI,2007,10,22
PHI,PHI,2007,10,23
PHI,PHI,2007,10,27
PHI,PHI,2007,10,28
PHI,PHI,2007,10,29
PHI,PHI,2007,10,30
PHI,PHI,2007,11,3
PHI,PHI,2007,11,4
PHI,PHI,2007,11,5
PHI,PHI,2007,11,6
PHI,PHI,2007,11,7
PHI,PHI,2007,11,10
PHI,PHI,2007,11,11
PHI,PHI,2007,11,12
PHI,PHI,2007,11,13
PHI,PHI,2007,11,17
PHI,PHI,2007,11,18
PHI,PHI,2007,11,20
PHI,PHI,2007,11,23
PHI,PHI,2007,11,25
PHI,PHI,2007,11,27
PHI,PHI,2007,12,2
PHI,PHI,2007,12,4
PHI,PHI,2007,12,7
PHI,PHI,2007,12,9
PHI,PHI,2007,12,11
PHI,PHI,2007,12,14
PHI,PHI,2007,12,16
PHI,PHI,2007,12,18
PHI,PHI,2007,12,21
PHI,PHI,2007,12,22
PHI,PHI,2007,12,23
PHI,PHI,2007,12,24
PHI,PHI,2007,12,28
PHI,PHI,2007,12,29
PHI,PHI,2007,12,30
PHI,PHI,2007,12,31
PHI,PHI,2008,1,1
PHI,PHI,2008,1,2
PHI,PHI,2008,1,5
PHI,PHI,2008,1,6
PHI,PHI,2008,1,7
PHI,PHI,2008,1,8
PHI,PHI,2008,1,12
PHI,PHI,2008,1,13
PHI,PHI,2008,1,14
PHI,PHI,2008,1,15
PHI,PHI,2008,1,19
PHI,PHI,2008,1,20
PHI,PHI,2008,1,21
PHI,PHI,2008,1,22
PHI,PHI,2008,1,23
PHI,PHI,2008,1,26
PHI,PHI,2008,1,27
PHI,PHI,2008,1,28
PHI,PHI,2008,1,29
PHI,PHI,2008,2,2
PHI,PHI,2008,2,3
PHI,PHI,2008,2,4
PHI,PHI,2008,2,5
PHI,PHI,2008,2,9
PHI,PHI,2008,2,10
PHI,PHI,2008,2,11
PHI,PHI,2008,2,12
PHI,PHI,2008,2,16
PHI,PHI,2008,2,17
PHI,PHI,2008,2,18
PHI,PHI,2008,2,19
PHI,PHI,2008,2,20
PHI,PHI,2008,2,23
PHI,PHI,2008,2,24
PHI,PHI,2008,2,25
PHI,PHI,2008,2,26
PHI,PHI,2008,3,1
PHI,PHI,2008,3,2
PHI,PHI,2008,3,3
PHI,PHI,2008,3,4
PHI,PHI,2008,3,8
PHI,PHI,2008,3,9
PHI,PHI,2008,3,10
PHI,PHI,2008,3,11
PHI,PHI,2008,3,15
PHI,PHI,2008,3,16
PHI,PHI,2008,3,17
PHI,PHI,2008,3,18
PHI,PHI,2008,3,22
PHI,PHI,2008,3,24
PHI,PHI,2008,3,25
PHI,PHI,2008,3,29
PHI,PHI,2008,3,30
PHI,PHI,2008,3,31
PHI,PHI,2008,4,1
PHI,PHI,2008,4,5
PHI,PHI,2008,4,6
PHI,PHI,2008,4,7
PHI,PHI,2008,4,8
PHI,PHI,2008,4,12
PHI,PHI,2008,4,13
PHI,PHI,2008,4,14
PHI,PHI,2008,4,15
PHI,PHI,2008,4,19
PHI,PHI,2008,4,20
PHI,PHI,2008,4,21
PHI,PHI,2008,4,22
PHI,PHI,2008,4,26
PHI,PHI,2008,4,27
PHI,PHI,2008,4,28
PHI,PHI,2008,4,29
PHI,PHI,2008,5,3
PHI,PHI,2008,5,4
PHI,PHI,2008,5,5
PHI,PHI,2008,5,6
PHI,PHI,2008,5,10
PHI,PHI,2008,5,11
PHI,PHI,2008,5,12
PHI,PHI,2008,5,13
PHI,PHI,2008,5,17
PHI,PHI,2008,5,18
PHI,PHI,2008,5,19
PHI,PHI,2008,5,20
PHI,PHI,2008,5,24
PHI,PHI,2008,5,25
PHI,PHI,2008,5,26
PHI,PHI,2008,5,27
PHI,PHI,2008,5,28
PHI,PHI,2008,5,31
PHI,PHI,2008,6,1
PHI,PHI,2008,6,2
PHI,PHI,2008,6,3
PHI,PHI,2008,6,7
PHI,PHI,2008,6,8
PHI,PHI,2008,6,9
PHI,PHI,2008,6,10
PHI,PHI,2008,6,14
PHI,PHI,2008,6,15
PHI,PHI,2008,6,16
PHI,PHI,2008,6,17
PHI,PHI,2008,6,21
PHI,PHI,2008,6,22
PHI,PHI,2008,6,23
PHI,PHI,2008,6,24
PHI,PHI,2008,6,28
PHI,PHI,2008,6,29
PHI,PHI,2008,6,30
PHI,PHI,2008,7,1
PHI,PHI,2008,7,4
PHI,PHI,2008,7,5
PHI,PHI,2008,7,6
PHI,PHI,2008,7,7
PHI,PHI,2008,7,8
PHI,PHI,2008,7,12
PHI,PHI,2008,7,13
PHI,PHI,2008,7,14
PHI,PHI,2008,7,15
PHI,PHI,2008,7,19
PHI,PHI,2008,7,20
PHI,PHI,2008,7,21
PHI,PHI,2008,7,22
PHI,PHI,2008,7,26
PHI,PHI,2008,7,27
PHI,PHI,2008,7,28
PHI,PHI,2008,7,29
PHI,PHI,2008,8,2
PHI,PHI,2008,8,3
PHI,PHI,2008,8,4
PHI,PHI,2008,8,5
PHI,PHI,2008,8,9
PHI,PHI,2008,8,10
PHI,PHI,2008,8,11
PHI,PHI,2008,8,12
PHI,PHI,2008,8,16
PHI,PHI,2008,8,17
PHI,PHI,2008,8,18
PHI,PHI,2008,8,19
PHI,PHI,2008,8,23
PHI,PHI,2008,8,24
PHI,PHI,2008,8,25
PHI,PHI,2008,8,26
PHI,PHI,2008,8,30
PHI,PHI,2008,8,31
PHI,PHI,2008,9,1
PHI,PHI,2008,9,2
PHI,PHI,2008,9,3
PHI,PHI,2008,9,6
PHI,PHI,2008,9,7
PHI,PHI,2008,9,8
PHI,PHI,2008,9,9
PHI,PHI,2008,9,13
PHI,PHI,2008,9,14
PHI,PHI,2008,9,15
PHI,PHI,2008,9,16
PHI,PHI,2008,9,20
PHI,PHI,2008,9,21
PHI,PHI,2008,9,22
PHI,PHI,2008,9,23
PHI,PHI,2008,9,27
PHI,PHI,2008,9,28
PHI,PHI,2008,9,29
PHI,PHI,2008,9,30
PHI,PHI,2008,10,4
PHI,PHI,2008,10,5
PHI,PHI,2008,10,6
PHI,PHI,2008,10,7
PHI,PHI,2008,10,11
PHI,PHI,2008,10,12
PHI,PHI,2008,10,13
PHI,PHI,2008,10,14
PHI,PHI,2008,10,15
PHI,PHI,2008,10,18
PHI,PHI,2008,10,19
PHI,PHI,2008,10,20
PHI,PHI,2008,10,21
PHI,PHI,2008,10,25
PHI,PHI,2008,10,26
PHI,PHI,2008,10,27
PHI,PHI,2008,10,28
PHI,PHI,2008,11,1
PHI,PHI,2008,11,2
PHI,PHI,2008,11,3
PHI,PHI,2008,11,4
PHI,PHI,2008,11,8
PHI,PHI,2008,11,9
PHI,PHI,2008,11,10
PHI,PHI,2008,11,11
PHI,PHI,2008,11,12
PHI,PHI,2008,11,15
PHI,PHI,2008,11,16
PHI,PHI,2008,11,17
PHI,PHI,2008,11,18
PHI,PHI,2008,11,22
PHI,PHI,2008,11,23
PHI,PHI,2008,11,24
PHI,PHI,2008,11,25
PHI,PHI,2008,11,28
PHI,PHI,2008,11,29
PHI,PHI,2008,11,30
PHI,PHI,2008,12,1
PHI,PHI,2008,12,2
PHI,PHI,2008,12,6
PHI,PHI,2008,12,7
PHI,PHI,2008,12,8
PHI,PHI,2008,12,9
PHI,PHI,2008,12,13
PHI,PHI,2008,12,14
PHI,PHI,2008,12,15
PHI,PHI,2008,12,16
PHI,PHI,2008,12,20
PHI,PHI,2008,12,21
PHI,PHI,2008,12,23
PHI,PHI,2008,12,27
PHI,PHI,2008,12,28
PHI,PHI,2008,12,29
PHI,PHI,2008,12,30
PHI,PHI,2009,1,1
PHI,PHI,2009,1,2
PHI,PHI,2009,1,3
PHI,PHI,2009,1,4
PHI,PHI,2009,1,5
PHI,PHI,2009,1,6
PHI,PHI,2009,1,9
PHI,PHI,2009,1,10
PHI,PHI,2009,1,11
PHI,PHI,2009,1,12
PHI,PHI,2009,1,13
PHI,PHI,2009,1,16
PHI,PHI,2009,1,17
PHI,PHI,2009,1,18
PHI,PHI,2009,1,19
PHI,PHI,2009,1,20
PHI,PHI,2009,1,21
PHI,PHI,2009,1,24
PHI,PHI,2009,1,25
PHI,PHI,2009,1,26
PHI,PHI,2009,1,27
PHI,PHI,2009,1,31
PHI,PHI,2009,2,1
PHI,PHI,2009,2,2
PHI,PHI,2009,2,3
PHI,PHI,2009,2,7
PHI,PHI,2009,2,8
PHI,PHI,2009,2,9
PHI,PHI,2009,2,10
PHI,PHI,2009,2,14
PHI,PHI,2009,2,15
PHI,PHI,2009,2,16
PHI,PHI,2009,2,17
PHI,PHI,2009,2,18
PHI,PHI,2009,2,21
PHI,PHI,2009,2,22
PHI,PHI,2009,2,23
PHI,PHI,2009,2,24
PHI,PHI,2009,2,28
PHI,PHI,2009,3,1
PHI,PHI,2009,3,7
PHI,PHI,2009,3,8
PHI,PHI,2009,3,9
PHI,PHI,2009,3,10
PHI,PHI,2009,3,14
PHI,PHI,2009,3,15
PHI,PHI,2009,3,16
PHI,PHI,2009,3,17
PHI,PHI,2009,3,21
PHI,PHI,2009,3,22
PHI,PHI,2009,3,23
PHI,PHI,2009,3,24
PHI,PHI,2009,3,28
PHI,PHI,2009,3,29
PHI,PHI,2009,3,30
PHI,PHI,2009,3,31
PHI,PHI,2009,4,4
PHI,PHI,2009,4,5
PHI,PHI,2009,4,6
PHI,PHI,2009,4,7
PHI,PHI,2009,4,11
PHI,PHI,2009,4,13
PHI,PHI,2009,4,14
PHI,PHI,2009,4,18
PHI,PHI,2009,4,19
PHI,PHI,2009,4,20
PHI,PHI,2009,4,21
PHI,PHI,2009,4,25
PHI,PHI,2009,4,26
PHI,PHI,2009,4,27
PHI,PHI,2009,4,28
PHI,PHI,2009,5,2
PHI,PHI,2009,5,3
PHI,PHI,2009,5,4
PHI,PHI,2009,5,5
PHI,PHI,2009,5,9
PHI,PHI,2009,5,10
PHI,PHI,2009,5,11
PHI,PHI,2009,5,12
PHI,PHI,2009,5,16
PHI,PHI,2009,5,17
PHI,PHI,2009,5,18
PHI,PHI,2009,5,19
PHI,PHI,2009,5,22
PHI,PHI,2009,5,23
PHI,PHI,2009,5,24
PHI,PHI,2009,5,25
PHI,PHI,2009,5,26
PHI,PHI,2009,5,27
PHI,PHI,2009,5,30
PHI,PHI,2009,5,31
PHI,PHI,2009,6,1
PHI,PHI,2009,6,2
PHI,PHI,2009,6,6
PHI,PHI,2009,6,7
PHI,PHI,2009,6,8
PHI,PHI,2009,6,9
PHI,PHI,2009,6,13
PHI,PHI,2009,6,14
PHI,PHI,2009,6,15
PHI,PHI,2009,6,16
PHI,PHI,2009,6,20
PHI,PHI,2009,6,21
PHI,PHI,2009,6,22
PHI,PHI,2009,6,23
PHI,PHI,2009,6,27
PHI,PHI,2009,6,28
PHI,PHI,2009,6,29
PHI,PHI,2009,6,30
PHI,PHI,2009,7,3
PHI,PHI,2009,7,4
PHI,PHI,2009,7,5
PHI,PHI,2009,7,6
PHI,PHI,2009,7,7
PHI,PHI,2009,7,11
PHI,PHI,2009,7,12
PHI,PHI,2009,7,13
PHI,PHI,2009,7,14
PHI,PHI,2009,7,18
PHI,PHI,2009,7,19
PHI,PHI,2009,7,20
PHI,PHI,2009,7,21
PHI,PHI,2009,7,25
PHI,PHI,2009,7,26
PHI,PHI,2009,7,27
PHI,PHI,2009,7,28
PHI,PHI,2009,8,1
PHI,PHI,2009,8,2
PHI,PHI,2009,8,29
PHI,PHI,2009,8,30
PHI,PHI,2009,8,31
PHI,PHI,2009,9,1
PHI,PHI,2009,9,4
PHI,PHI,2009,9,5
PHI,PHI,2009,9,6
PHI,PHI,2009,9,7
PHI,PHI,2009,9,8
PHI,PHI,2009,9,9
PHI,PHI,2009,9,12
PHI,PHI,2009,9,13
PHI,PHI,2009,9,14
PHI,PHI,2009,9,15
PHI,PHI,2009,9,19
PHI,PHI,2009,9,20
PHI,PHI,2009,9,21
PHI,PHI,2009,9,22
PHI,PHI,2009,9,26
PHI,PHI,2009,9,27
PHI,PHI,2009,9,28
PHI,PHI,2009,9,29
PHI,PHI,2009,10,3
PHI,PHI,2009,10,4
PHI,PHI,2009,10,5
PHI,PHI,2009,10,6
PHI,PHI,2009,10,10
PHI,PHI,2009,10,11
PHI,PHI,2009,10,12
PHI,PHI,2009,10,13
PHI,PHI,2009,10,14
PHI,PHI,2009,10,17
PHI,PHI,2009,10,18
PHI,PHI,2009,10,19
PHI,PHI,2009,10,20
PHI,PHI,2009,10,24
PHI,PHI,2009,10,25
PHI,PHI,2009,10,26
PHI,PHI,2009,10,27
PHI,PHI,2009,10,31
PHI,PHI,2009,11,1
PHI,PHI,2009,11,2
PHI,PHI,2009,11,3
PHI,PHI,2009,11,6
PHI,PHI,2009,11,7
PHI,PHI,2009,11,8
PHI,PHI,2009,11,9
PHI,PHI,2009,11,10
PHI,PHI,2009,11,13
PHI,PHI,2009,11,14
PHI,PHI,2009,11,15
PHI,PHI,2009,11,16
PHI,PHI,2009,11,17
PHI,PHI,2009,11,20
PHI,PHI,2009,11,21
PHI,PHI,2009,11,22
PHI,PHI,2009,11,23
PHI,PHI,2009,11,24
PHI,PHI,2009,11,27
PHI,PHI,2009,11,28
PHI,PHI,2009,11,29
PHI,PHI,2009,11,30
PHI,PHI,2009,12,1
PHI,PHI,2009,12,4
PHI,PHI,2009,12,5
PHI,PHI,2009,12,6
PHI,PHI,2009,12,7
PHI,PHI,2009,12,8
PHI,PHI,2009,12,11
PHI,PHI,2009,12,12
PHI,PHI,2009,12,18
PHI,PHI,2009,12,26
PHI,PHI,2009,12,27
PHI,PHI,2009,12,28
PHI,PHI,2010,1,1
PHI,PHI,2010,1,2
PHI,PHI,2010,1,4
PHI,PHI,2010,1,5
PHI,PHI,2010,1,8
PHI,PHI,2010,1,9
PHI,PHI,2010,1,10
PHI,PHI,2010,1,11
PHI,PHI,2010,1,12
PHI,PHI,2010,1,15
PHI,PHI,2010,1,16
PHI,PHI,2010,1,17
PHI,PHI,2010,1,18
PHI,PHI,2010,1,19
PHI,PHI,2010,1,22
PHI,PHI,2010,1,23
PHI,PHI,2010,1,24
PHI,PHI,2010,1,25
PHI,PHI,2010,1,26
PHI,PHI,2010,1,30
PHI,PHI,2010,1,31
PHI,PHI,2010,2,1
PHI,PHI,2010,2,2
PHI,PHI,2010,2,8
PHI,PHI,2010,2,9
PHI,PHI,2010,2,13
PHI,PHI,2010,2,14
PHI,PHI,2010,2,15
PHI,PHI,2010,2,16
PHI,PHI,2010,2,20
PHI,PHI,2010,2,21
PHI,PHI,2010,2,22
PHI,PHI,2010,2,23
PHI,PHI,2010,2,27
PHI,PHI,2010,3,1
PHI,PHI,2010,3,2
PHI,PHI,2010,3,6
PHI,PHI,2010,3,7
PHI,PHI,2010,3,8
PHI,PHI,2010,3,9
PHI,PHI,2010,3,13
PHI,PHI,2010,3,14
PHI,PHI,2010,3,15
PHI,PHI,2010,3,16
PHI,PHI,2010,3,20
PHI,PHI,2010,3,21
PHI,PHI,2010,3,22
PHI,PHI,2010,3,23
PHI,PHI,2010,3,27
PHI,PHI,2010,3,28
PHI,PHI,2010,3,29
PHI,PHI,2010,3,30
PHI,PHI,2010,4,3
PHI,PHI,2010,4,5
PHI,PHI,2010,4,6
PHI,PHI,2010,4,10
PHI,PHI,2010,4,11
PHI,PHI,2010,4,12
PHI,PHI,2010,4,13
PHI,PHI,2010,4,17
PHI,PHI,2010,4,25
PHI,PHI,2010,4,26
PHI,PHI,2010,4,27
PHI,PHI,2010,5,1
PHI,PHI,2010,5,2
PHI,PHI,2010,5,3
PHI,PHI,2010,5,4
PHI,PHI,2010,5,8
PHI,PHI,2010,5,9
PHI,PHI,2010,5,10
PHI,PHI,2010,5,11
PHI,PHI,2010,5,15
PHI,PHI,2010,5,16
PHI,PHI,2010,5,17
PHI,PHI,2010,5,18
PHI,PHI,2010,5,22
PHI,PHI,2010,5,24
PHI,PHI,2010,5,25
PHI,PHI,2010,5,28
PHI,PHI,2010,5,29
PHI,PHI,2010,5,30
PHI,PHI,2010,5,31
PHI,PHI,2010,6,1
PHI,PHI,2010,6,4
PHI,PHI,2010,6,5
PHI,PHI,2010,6,7
PHI,PHI,2010,6,8
PHI,PHI,2010,6,11
PHI,PHI,2010,6,12
PHI,PHI,2010,6,14
PHI,PHI,2010,6,15
PHI,PHI,2010,6,18
PHI,PHI,2010,6,19
PHI,PHI,2010,6,20
PHI,PHI,2010,6,21
PHI,PHI,2010,6,22
PHI,PHI,2010,6,25
PHI,PHI,2010,6,26
PHI,PHI,2010,6,28
PHI,PHI,2010,6,29
PHI,PHI,2010,7,2
PHI,PHI,2010,7,3
PHI,PHI,2010,7,4
PHI,PHI,2010,7,5
PHI,PHI,2010,7,9
PHI,PHI,2010,7,10
PHI,PHI,2010,7,11
PHI,PHI,2010,7,12
PHI,PHI,2010,7,13
PHI,PHI,2010,7,16
PHI,PHI,2010,7,17
PHI,PHI,2010,7,18
PHI,PHI,2010,7,19
PHI,PHI,2010,7,20
PHI,PHI,2010,7,23
PHI,PHI,2010,7,25
PHI,PHI,2010,7,26
PHI,PHI,2010,7,27
PHI,PHI,2010,7,30
PHI,PHI,2010,7,31
PHI,PHI,2010,8,1
PHI,PHI,2010,8,2
PHI,PHI,2010,8,3
PHI,PHI,2010,8,30
PHI,PHI,2010,8,31
PHI,PHI,2010,9,3
PHI,PHI,2010,9,4
PHI,PHI,2010,9,5
PHI,PHI,2010,9,6
PHI,PHI,2010,9,7
PHI,PHI,2010,9,11
PHI,PHI,2010,9,12
PHI,PHI,2010,9,13
PHI,PHI,2010,9,14
PHI,PHI,2010,9,18
PHI,PHI,2010,9,19
PHI,PHI,2010,9,20
PHI,PHI,2010,9,21
PHI,PHI,2010,9,25
PHI,PHI,2010,9,26
PHI,PHI,2010,9,27
PHI,PHI,2010,9,28
PHI,PHI,2010,10,2
PHI,PHI,2010,10,3
PHI,PHI,2010,10,4
PHI,PHI,2010,10,5
PHI,PHI,2010,10,9
PHI,PHI,2010,10,10
PHI,PHI,2010,10,11
PHI,PHI,2010,10,12
PHI,PHI,2010,10,16
PHI,PHI,2010,10,17
PHI,PHI,2010,10,18
PHI,PHI,2010,10,19
PHI,PHI,2010,10,23
PHI,PHI,2010,10,24
PHI,PHI,2010,10,25
PHI,PHI,2010,10,26
PHI,PHI,2010,10,29
PHI,PHI,2010,10,30
PHI,PHI,2010,10,31
PHI,PHI,2010,11,1
PHI,PHI,2010,11,2
PHI,PHI,2010,11,5
PHI,PHI,2010,11,6
PHI,PHI,2010,11,7
PHI,PHI,2010,11,8
PHI,PHI,2010,11,9
PHI,PHI,2010,11,12
PHI,PHI,2010,11,13
PHI,PHI,2010,11,14
PHI,PHI,2010,11,15
PHI,PHI,2010,11,16
PHI,PHI,2010,11,19
PHI,PHI,2010,11,20
PHI,PHI,2010,11,21
PHI,PHI,2010,11,22
PHI,PHI,2010,11,23
PHI,PHI,2010,11,26
PHI,PHI,2010,11,27
PHI,PHI,2010,11,28
PHI,PHI,2010,11,29
PHI,PHI,2010,11,30
PHI,PHI,2010,12,3
PHI,PHI,2010,12,4
PHI,PHI,2010,12,5
PHI,PHI,2010,12,6
PHI,PHI,2010,12,7
PHI,PHI,2010,12,10
PHI,PHI,2010,12,11
PHI,PHI,2010,12,12
PHI,PHI,2010,12,13
PHI,PHI,2010,12,17
PHI,PHI,2010,12,18
PHI,PHI,2010,12,19
PHI,PHI,2010,12,20
PHI,PHI,2010,12,21
PHI,PHI,2010,12,24
PHI,PHI,2010,12,26
PHI,PHI,2010,12,27
PHI,PHI,2010,12,31
PHI,PHI,2011,1,1
PHI,PHI,2011,1,2
PHI,PHI,2011,1,3
PHI,PHI,2011,1,4
PHI,PHI,2011,1,5
PHI,PHI,2011,1,8
PHI,PHI,2011,1,9
PHI,PHI,2011,1,10
PHI,PHI,2011,1,11
PHI,PHI,2011,1,15
PHI,PHI,2011,1,16
PHI,PHI,2011,1,17
PHI,PHI,2011,1,19
PHI,PHI,2011,1,24
PHI,PHI,2011,1,25
PHI,PHI,2011,1,30
PHI,PHI,2011,1,31
PHI,PHI,2011,2,5
PHI,PHI,2011,2,7
PHI,PHI,2011,2,8
PHI,PHI,2011,2,12
PHI,PHI,2011,2,13
PHI,PHI,2011,2,14
PHI,PHI,2011,2,15
PHI,PHI,2011,2,16
PHI,PHI,2011,2,20
PHI,PHI,2011,2,21
PHI,PHI,2011,2,22
PHI,PHI,2011,2,23
PHI,PHI,2011,2,26
PHI,PHI,2011,2,27
PHI,PHI,2011,2,28
PHI,PHI,2011,3,1
PHI,PHI,2011,3,2
PHI,PHI,2011,3,5
PHI,PHI,2011,3,6
PHI,PHI,2011,3,7
PHI,PHI,2011,3,8
PHI,PHI,2011,3,9
PHI,PHI,2011,3,12
PHI,PHI,2011,3,13
PHI,PHI,2011,3,14
PHI,PHI,2011,3,15
PHI,PHI,2011,3,16
PHI,PHI,2011,3,19
PHI,PHI,2011,3,20
PHI,PHI,2011,3,21
PHI,PHI,2011,3,22
PHI,PHI,2011,3,23
PHI,PHI,2011,3,26
PHI,PHI,2011,3,27
PHI,PHI,2011,3,28
PHI,PHI,2011,3,29
PHI,PHI,2011,3,30
PHI,PHI,2011,4,2
PHI,PHI,2011,4,3
PHI,PHI,2011,4,4
PHI,PHI,2011,4,5
PHI,PHI,2011,4,9
PHI,PHI,2011,4,10
PHI,PHI,2011,4,11
PHI,PHI,2011,4,12
PHI,PHI,2011,4,16
PHI,PHI,2011,4,17
PHI,PHI,2011,4,18
PHI,PHI,2011,4,19
PHI,PHI,2011,4,23
PHI,PHI,2011,4,25
PHI,PHI,2011,4,26
PHI,PHI,2011,5,7
PHI,PHI,2011,5,8
PHI,PHI,2011,5,9
PHI,PHI,2011,5,10
PHI,PHI,2011,5,14
PHI,PHI,2011,5,15
PHI,PHI,2011,5,16
PHI,PHI,2011,5,17
PHI,PHI,2011,5,21
PHI,PHI,2011,5,22
PHI,PHI,2011,5,23
PHI,PHI,2011,5,24
PHI,PHI,2011,5,27
PHI,PHI,2011,5,28
PHI,PHI,2011,5,29
PHI,PHI,2011,5,30
PHI,PHI,2011,5,31
PHI,PHI,2011,6,4
PHI,PHI,2011,6,5
PHI,PHI,2011,6,6
PHI,PHI,2011,6,7
PHI,PHI,2011,6,11
PHI,PHI,2011,6,12
PHI,PHI,2011,6,13
PHI,PHI,2011,6,14
PHI,PHI,2011,6,18
PHI,PHI,2011,6,19
PHI,PHI,2011,6,20
PHI,PHI,2011,6,21
PHI,PHI,2011,6,25
PHI,PHI,2011,6,26
PHI,PHI,2011,6,27
PHI,PHI,2011,6,28
PHI,PHI,2011,7,1
PHI,PHI,2011,7,2
PHI,PHI,2011,7,3
PHI,PHI,2011,7,4
PHI,PHI,2011,7,5
PHI,PHI,2011,7,9
PHI,PHI,2011,7,10
PHI,PHI,2011,7,11
PHI,PHI,2011,7,12
PHI,PHI,2011,7,16
PHI,PHI,2011,7,17
PHI,PHI,2011,7,18
PHI,PHI,2011,7,19
PHI,PHI,2011,7,24
PHI,PHI,2011,7,25
PHI,PHI,2011,7,26
PHI,PHI,2011,7,30
PHI,PHI,2011,7,31
PHI,PHI,2011,8,1
PHI,PHI,2011,8,2
PHI,PHI,2011,8,6
PHI,PHI,2011,8,7
PHI,PHI,2011,8,27
PHI,PHI,2011,8,29
PHI,PHI,2011,8,30
PHI,PHI,2011,9,2
PHI,PHI,2011,9,3
PHI,PHI,2011,9,4
PHI,PHI,2011,9,5
PHI,PHI,2011,9,6
PHI,PHI,2011,9,10
PHI,PHI,2011,9,11
PHI,PHI,2011,9,12
PHI,PHI,2011,9,13
PHI,PHI,2011,9,17
PHI,PHI,2011,9,18
PHI,PHI,2011,9,19
PHI,PHI,2011,9,20
PHI,PHI,2011,9,24
PHI,PHI,2011,9,25
PHI,PHI,2011,9,26
PHI,PHI,2011,9,27
PHI,PHI,2011,10,1
PHI,PHI,2011,10,2
PHI,PHI,2011,10,3
PHI,PHI,2011,10,4
PHI,PHI,2011,10,8
PHI,PHI,2011,10,9
PHI,PHI,2011,10,10
PHI,PHI,2011,10,11
PHI,PHI,2011,10,15
PHI,PHI,2011,10,16
PHI,PHI,2011,10,17
PHI,PHI,2011,10,18
PHI,PHI,2011,10,22
PHI,PHI,2011,10,23
PHI,PHI,2011,10,24
PHI,PHI,2011,10,25
PHI,PHI,2011,10,30
PHI,PHI,2011,10,31
PHI,PHI,2011,11,1
PHI,PHI,2011,11,4
PHI,PHI,2011,11,5
PHI,PHI,2011,11,6
PHI,PHI,2011,11,7
PHI,PHI,2011,11,8
PHI,PHI,2011,11,9
PHI,PHI,2011,11,12
PHI,PHI,2011,11,13
PHI,PHI,2011,11,14
PHI,PHI,2011,11,15
PHI,PHI,2011,11,16
PHI,PHI,2011,11,19
PHI,PHI,2011,11,20
PHI,PHI,2011,11,21
PHI,PHI,2011,11,22
PHI,PHI,2011,11,25
PHI,PHI,2011,11,26
PHI,PHI,2011,11,27
PHI,PHI,2011,11,28
PHI,PHI,2011,11,29
PHI,PHI,2011,11,30
PHI,PHI,2011,12,3
PHI,PHI,2011,12,4
PHI,PHI,2011,12,5
PHI,PHI,2011,12,6
PHI,PHI,2011,12,7
PHI,PHI,2011,12,10
PHI,PHI,2011,12,11
PHI,PHI,2011,12,12
PHI,PHI,2011,12,13
PHI,PHI,2011,12,14
PHI,PHI,2011,12,17
PHI,PHI,2011,12,18
PHI,PHI,2011,12,19
PHI,PHI,2011,12,20
PHI,PHI,2011,12,21
PHI,PHI,2011,12,24
PHI,PHI,2011,12,26
PHI,PHI,2011,12,27
PHI,PHI,2011,12,28
PHI,PHI,2011,12,31
PHI,PHI,2012,1,1
PHI,PHI,2012,1,2
PHI,PHI,2012,1,3
PHI,PHI,2012,1,7
PHI,PHI,2012,1,8
PHI,PHI,2012,1,9
PHI,PHI,2012,1,10
PHI,PHI,2012,1,14
PHI,PHI,2012,1,16
PHI,PHI,2012,1,17
PHI,PHI,2012,1,22
PHI,PHI,2012,1,23
PHI,PHI,2012,1,24
PHI,PHI,2012,1,28
PHI,PHI,2012,1,29
PHI,PHI,2012,1,30
PHI,PHI,2012,1,31
PHI,PHI,2012,2,4
PHI,PHI,2012,2,5
PHI,PHI,2012,2,6
PHI,PHI,2012,2,7
PHI,PHI,2012,2,11
PHI,PHI,2012,2,13
PHI,PHI,2012,2,14
PHI,PHI,2012,2,18
PHI,PHI,2012,2,19
PHI,PHI,2012,2,20
PHI,PHI,2012,2,21
PHI,PHI,2012,2,25
PHI,PHI,2012,2,26
PHI,PHI,2012,2,27
PHI,PHI,2012,2,28
PHI,PHI,2012,3,3
PHI,PHI,2012,3,4
PHI,PHI,2012,3,5
PHI,PHI,2012,3,6
PHI,PHI,2012,3,10
PHI,PHI,2012,3,11
PHI,PHI,2012,3,12
PHI,PHI,2012,3,13
PHI,PHI,2012,3,17
PHI,PHI,2012,3,18
PHI,PHI,2012,3,19
PHI,PHI,2012,3,20
PHI,PHI,2012,3,24
PHI,PHI,2012,3,25
PHI,PHI,2012,3,26
PHI,PHI,2012,3,27
PHI,PHI,2012,3,31
PHI,PHI,2012,4,1
PHI,PHI,2012,4,2
PHI,PHI,2012,4,3
PHI,PHI,2012,4,7
PHI,PHI,2012,4,9
PHI,PHI,2012,4,10
PHI,PHI,2012,4,14
PHI,PHI,2012,4,15
PHI,PHI,2012,4,16
PHI,PHI,2012,4,17
PHI,PHI,2012,4,21
PHI,PHI,2012,4,22
PHI,PHI,2012,4,23
PHI,PHI,2012,4,24
PHI,PHI,2012,5,5
PHI,PHI,2012,5,6
PHI,PHI,2012,5,7
PHI,PHI,2012,5,8
PHI,PHI,2012,5,12
PHI,PHI,2012,5,13
PHI,PHI,2012,5,14
PHI,PHI,2012,5,15
PHI,PHI,2012,5,19
PHI,PHI,2012,5,20
PHI,PHI,2012,5,21
PHI,PHI,2012,5,22
PHI,PHI,2012,5,25
PHI,PHI,2012,5,26
PHI,PHI,2012,5,27
PHI,PHI,2012,5,28
PHI,PHI,2012,5,29
PHI,PHI,2012,6,2
PHI,PHI,2012,6,3
PHI,PHI,2012,6,4
PHI,PHI,2012,6,5
PHI,PHI,2012,6,9
PHI,PHI,2012,6,10
PHI,PHI,2012,6,11
PHI,PHI,2012,6,12
PHI,PHI,2012,6,16
PHI,PHI,2012,6,17
PHI,PHI,2012,6,18
PHI,PHI,2012,6,19
PHI,PHI,2012,6,23
PHI,PHI,2012,6,24
PHI,PHI,2012,6,25
PHI,PHI,2012,6,26
PHI,PHI,2012,7,2
PHI,PHI,2012,7,3
PHI,PHI,2012,7,4
PHI,PHI,2012,7,8
PHI,PHI,2012,7,9
PHI,PHI,2012,7,10
PHI,PHI,2012,7,14
PHI,PHI,2012,7,15
PHI,PHI,2012,7,16
PHI,PHI,2012,7,17
PHI,PHI,2012,7,21
PHI,PHI,2012,7,22
PHI,PHI,2012,7,23
PHI,PHI,2012,7,24
PHI,PHI,2012,7,28
PHI,PHI,2012,7,29
PHI,PHI,2012,7,30
PHI,PHI,2012,7,31
PHI,PHI,2012,8,4
PHI,PHI,2012,8,5
PHI,PHI,2012,8,6
PHI,PHI,2012,8,7
PHI,PHI,2012,8,11
PHI,PHI,2012,8,12
PHI,PHI,2012,8,13
PHI,PHI,2012,8,14
PHI,PHI,2012,8,18
PHI,PHI,2012,8,19
PHI,PHI,2012,8,20
PHI,PHI,2012,8,21
PHI,PHI,2012,8,25
PHI,PHI,2012,8,26
PHI,PHI,2012,8,27
PHI,PHI,2012,8,28
PHI,PHI,2012,8,31
PHI,PHI,2012,9,1
PHI,PHI,2012,9,2
PHI,PHI,2012,9,3
PHI,PHI,2012,9,4
PHI,PHI,2012,9,8
PHI,PHI,2012,9,9
PHI,PHI,2012,9,10
PHI,PHI,2012,9,11
PHI,PHI,2012,9,15
PHI,PHI,2012,9,16
PHI,PHI,2012,9,17
PHI,PHI,2012,9,18
PHI,PHI,2012,9,22
PHI,PHI,2012,9,23
PHI,PHI,2012,9,24
PHI,PHI,2012,9,25
PHI,PHI,2012,9,29
PHI,PHI,2012,9,30
PHI,PHI,2012,10,1
PHI,PHI,2012,10,2
PHI,PHI,2012,10,6
PHI,PHI,2012,10,7
PHI,PHI,2012,10,8
PHI,PHI,2012,10,9
PHI,PHI,2012,10,13
PHI,PHI,2012,10,14
PHI,PHI,2012,10,15
PHI,PHI,2012,10,16
PHI,PHI,2012,10,20
PHI,PHI,2012,10,21
PHI,PHI,2012,10,22
PHI,PHI,2012,10,23
PHI,PHI,2012,10,27
PHI,PHI,2012,10,28
PHI,PHI,2012,11,2
PHI,PHI,2012,11,3
PHI,PHI,2012,11,4
PHI,PHI,2012,11,5
PHI,PHI,2012,11,6
PHI,PHI,2012,11,10
PHI,PHI,2012,11,11
PHI,PHI,2012,11,12
PHI,PHI,2012,11,13
PHI,PHI,2012,11,17
PHI,PHI,2012,11,18
PHI,PHI,2012,11,19
PHI,PHI,2012,11,20
PHI,PHI,2012,11,23
PHI,PHI,2012,11,24
PHI,PHI,2012,11,25
PHI,PHI,2012,11,26
PHI,PHI,2012,11,27
PHI,PHI,2012,12,1
PHI,PHI,2012,12,2
PHI,PHI,2012,12,3
PHI,PHI,2012,12,4
PHI,PHI,2012,12,8
PHI,PHI,2012,12,9
PHI,PHI,2012,12,10
PHI,PHI,2012,12,11
PHI,PHI,2012,12,15
PHI,PHI,2012,12,16
PHI,PHI,2012,12,17
PHI,PHI,2012,12,18
PHI,PHI,2012,12,22
PHI,PHI,2012,12,23
PHI,PHI,2012,12,24
PHI,PHI,2012,12,29
PHI,PHI,2012,12,30
PHI,PHI,2012,12,31
PHI,PHI,2013,1,1
PHI,PHI,2013,1,5
PHI,PHI,2013,1,6
PHI,PHI,2013,1,7
PHI,PHI,2013,1,8
PHI,PHI,2013,1,12
PHI,PHI,2013,1,13
PHI,PHI,2013,1,14
PHI,PHI,2013,1,15
PHI,PHI,2013,1,19
PHI,PHI,2013,1,20
PHI,PHI,2013,1,21
PHI,PHI,2013,1,26
PHI,PHI,2013,1,27
PHI,PHI,2013,1,28
PHI,PHI,2013,1,29
PHI,PHI,2013,2,2
PHI,PHI,2013,2,3
PHI,PHI,2013,2,4
PHI,PHI,2013,2,5
PHI,PHI,2013,2,10
PHI,PHI,2013,2,11
PHI,PHI,2013,2,12
PHI,PHI,2013,2,16
PHI,PHI,2013,2,17
PHI,PHI,2013,2,18
PHI,PHI,2013,2,19
PHI,PHI,2013,2,23
PHI,PHI,2013,2,24
PHI,PHI,2013,2,25
PHI,PHI,2013,2,26
PHI,PHI,2013,3,2
PHI,PHI,2013,3,3
PHI,PHI,2013,3,4
PHI,PHI,2013,3,5
PHI,PHI,2013,3,9
PHI,PHI,2013,3,10
PHI,PHI,2013,3,11
PHI,PHI,2013,3,12
PHI,PHI,2013,3,16
PHI,PHI,2013,3,17
PHI,PHI,2013,3,18
PHI,PHI,2013,3,19
PHI,PHI,2013,3,23
PHI,PHI,2013,3,24
PHI,PHI,2013,3,26
PHI,PHI,2013,3,30
PHI,PHI,2013,4,1
PHI,PHI,2013,4,2
PHI,PHI,2013,4,6
PHI,PHI,2013,4,7
PHI,PHI,2013,4,8
PHI,PHI,2013,4,9
PHI,PHI,2013,4,13
PHI,PHI,2013,4,14
PHI,PHI,2013,4,15
PHI,PHI,2013,4,16
PHI,PHI,2013,4,20
PHI,PHI,2013,4,21
PHI,PHI,2013,4,22
PHI,PHI,2013,4,23
PHI,PHI,2013,5,3
PHI,PHI,2013,5,4
PHI,PHI,2013,5,5
PHI,PHI,2013,5,6
PHI,PHI,2013,5,7
PHI,PHI,2013,5,11
PHI,PHI,2013,5,12
PHI,PHI,2013,5,13
PHI,PHI,2013,5,14
PHI,PHI,2013,5,18
PHI,PHI,2013,5,19
PHI,PHI,2013,5,20
PHI,PHI,2013,5,21
PHI,PHI,2013,5,24
PHI,PHI,2013,5,25
PHI,PHI,2013,5,26
PHI,PHI,2013,5,27
PHI,PHI,2013,5,28
PHI,PHI,2013,6,1
PHI,PHI,2013,6,2
PHI,PHI,2013,6,3
PHI,PHI,2013,6,4
PHI,PHI,2013,6,8
PHI,PHI,2013,6,9
PHI,PHI,2013,6,10
PHI,PHI,2013,6,11
PHI,PHI,2013,6,15
PHI,PHI,2013,6,16
PHI,PHI,2013,6,17
PHI,PHI,2013,6,18
PHI,PHI,2013,6,22
PHI,PHI,2013,6,23
PHI,PHI,2013,6,24
PHI,PHI,2013,6,25
PHI,PHI,2013,6,29
PHI,PHI,2013,6,30
PHI,PHI,2013,7,1
PHI,PHI,2013,7,2
PHI,PHI,2013,7,5
PHI,PHI,2013,7,6
PHI,PHI,2013,7,7
PHI,PHI,2013,7,8
PHI,PHI,2013,7,9
PHI,PHI,2013,7,13
PHI,PHI,2013,7,14
PHI,PHI,2013,7,15
PHI,PHI,2013,7,16
PHI,PHI,2013,7,20
PHI,PHI,2013,7,21
PHI,PHI,2013,7,22
PHI,PHI,2013,7,23
PHI,PHI,2013,7,27
PHI,PHI,2013,7,28
PHI,PHI,2013,7,29
PHI,PHI,2013,7,30
PHI,PHI,2013,8,3
PHI,PHI,2013,8,4
PHI,PHI,2013,8,5
PHI,PHI,2013,8,6
PHI,PHI,2013,8,10
PHI,PHI,2013,8,11
PHI,PHI,2013,8,12
PHI,PHI,2013,8,13
PHI,PHI,2013,8,17
PHI,PHI,2013,8,18
PHI,PHI,2013,8,19
PHI,PHI,2013,8,20
PHI,PHI,2013,8,24
PHI,PHI,2013,8,25
PHI,PHI,2013,8,26
PHI,PHI,2013,8,27
PHI,PHI,2013,8,31
PHI,PHI,2013,9,1
PHI,PHI,2013,9,2
PHI,PHI,2013,9,3
PHI,PHI,2013,9,7
PHI,PHI,2013,9,8
PHI,PHI,2013,9,9
PHI,PHI,2013,9,10
PHI,PHI,2013,9,14
PHI,PHI,2013,9,15
PHI,PHI,2013,9,16
PHI,PHI,2013,9,17
PHI,PHI,2013,9,21
PHI,PHI,2013,9,22
PHI,PHI,2013,9,23
PHI,PHI,2013,9,24
PHI,PHI,2013,9,28
PHI,PHI,2013,9,29
PHI,PHI,2013,9,30
PHI,PHI,2013,10,1
PHI,PHI,2013,10,5
PHI,PHI,2013,10,6
PHI,PHI,2013,10,7
PHI,PHI,2013,10,8
PHI,PHI,2013,10,12
PHI,PHI,2013,10,13
PHI,PHI,2013,10,14
PHI,PHI,2013,10,15
PHI,PHI,2013,10,19
PHI,PHI,2013,10,20
PHI,PHI,2013,10,21
PHI,PHI,2013,10,22
PHI,PHI,2013,10,26
PHI,PHI,2013,10,27
PHI,PHI,2013,10,28
PHI,PHI,2013,10,29
PHI,PHI,2013,11,1
PHI,PHI,2013,11,2
PHI,PHI,2013,11,3
PHI,PHI,2013,11,4
PHI,PHI,2013,11,5
PHI,PHI,2013,11,9
PHI,PHI,2013,11,10
PHI,PHI,2013,11,11
PHI,PHI,2013,11,12
PHI,PHI,2013,11,16
PHI,PHI,2013,11,17
PHI,PHI,2013,11,18
PHI,PHI,2013,11,19
PHI,PHI,2013,11,23
PHI,PHI,2013,11,24
PHI,PHI,2013,11,25
PHI,PHI,2013,11,26
PHI,PHI,2013,11,29
PHI,PHI,2013,11,30
PHI,PHI,2013,12,1
PHI,PHI,2013,12,2
PHI,PHI,2013,12,3
PHI,PHI,2013,12,7
PHI,PHI,2013,12,8
PHI,PHI,2013,12,28
PHI,PHI,2013,12,29
PHI,PHI,2013,12,30
PHI,PHI,2013,12,31
PHI,PHI,2014,1,1
PHI,PHI,2014,1,4
PHI,PHI,2014,1,5
PHI,PHI,2014,1,6
PHI,PHI,2014,1,11
PHI,PHI,2014,1,12
PHI,PHI,2014,1,13
PHI,PHI,2014,1,14
PHI,PHI,2014,1,18
PHI,PHI,2014,1,19
PHI,PHI,2014,1,20
PHI,PHI,2014,1,25
PHI,PHI,2014,1,26
PHI,PHI,2014,1,27
PHI,PHI,2014,2,1
PHI,PHI,2014,2,2
PHI,PHI,2014,2,8
PHI,PHI,2014,2,9
PHI,PHI,2014,2,10
PHI,PHI,2014,2,11
PHI,PHI,2014,2,17
PHI,PHI,2014,2,18
PHI,PHI,2014,2,22
PHI,PHI,2014,2,23
PHI,PHI,2014,2,24
PHI,PHI,2014,2,25
PHI,PHI,2014,3,1
PHI,PHI,2014,3,2
PHI,PHI,2014,3,4
PHI,PHI,2014,3,8
PHI,PHI,2014,3,9
PHI,PHI,2014,3,10
PHI,PHI,2014,3,11
PHI,PHI,2014,3,15
PHI,PHI,2014,3,16
PHI,PHI,2014,3,17
PHI,PHI,2014,3,18
PHI,PHI,2014,3,22
PHI,PHI,2014,3,23
PHI,PHI,2014,3,24
PHI,PHI,2014,3,25
PHI,PHI,2014,3,29
PHI,PHI,2014,3,30
PHI,PHI,2014,3,31
PHI,PHI,2014,4,1
PHI,PHI,2014,4,5
PHI,PHI,2014,4,6
PHI,PHI,2014,4,7
PHI,PHI,2014,4,8
PHI,PHI,2014,4,12
PHI,PHI,2014,4,13
PHI,PHI,2014,4,14
PHI,PHI,2014,4,15
PHI,PHI,2014,4,19
PHI,PHI,2014,4,21
PHI,PHI,2014,4,22
PHI,PHI,2014,5,2
PHI,PHI,2014,5,3
PHI,PHI,2014,5,4
PHI,PHI,2014,5,5
PHI,PHI,2014,5,6
PHI,PHI,2014,5,10
PHI,PHI,2014,5,11
PHI,PHI,2014,5,12
PHI,PHI,2014,5,13
PHI,PHI,2014,5,17
PHI,PHI,2014,5,18
PHI,PHI,2014,5,19
PHI,PHI,2014,5,20
PHI,PHI,2014,5,24
PHI,PHI,2014,5,25
PHI,PHI,2014,5,26
PHI,PHI,2014,5,27
PHI,PHI,2014,5,31
PHI,PHI,2014,6,1
PHI,PHI,2014,6,2
PHI,PHI,2014,6,3
PHI,PHI,2014,6,7
PHI,PHI,2014,6,8
PHI,PHI,2014,6,9
PHI,PHI,2014,6,10
PHI,PHI,2014,6,14
PHI,PHI,2014,6,15
PHI,PHI,2014,6,16
PHI,PHI,2014,6,17
PHI,PHI,2014,6,21
PHI,PHI,2014,6,22
PHI,PHI,2014,6,23
PHI,PHI,2014,6,24
PHI,PHI,2014,6,28
PHI,PHI,2014,6,29
PHI,PHI,2014,6,30
PHI,PHI,2014,7,1
PHI,PHI,2014,7,4
PHI,PHI,2014,7,5
PHI,PHI,2014,7,6
PHI,PHI,2014,7,7
PHI,PHI,2014,7,8
PHI,PHI,2014,7,12
PHI,PHI,2014,7,13
PHI,PHI,2014,7,14
PHI,PHI,2014,7,15
PHI,PHI,2014,7,19
PHI,PHI,2014,7,20
PHI,PHI,2014,7,21
PHI,PHI,2014,7,22
PHI,PHI,2014,7,26
PHI,PHI,2014,7,27
PHI,PHI,2014,7,28
PHI,PHI,2014,7,29
PHI,PHI,2014,8,2
PHI,PHI,2014,8,3
PHI,PHI,2014,8,4
PHI,PHI,2014,8,5
PHI,PHI,2014,8,9
PHI,PHI,2014,8,10
PHI,PHI,2014,8,11
PHI,PHI,2014,8,12
PHI,PHI,2014,8,16
PHI,PHI,2014,8,17
PHI,PHI,2014,8,18
PHI,PHI,2014,8,19
PHI,PHI,2014,8,23
PHI,PHI,2014,8,24
PHI,PHI,2014,8,25
PHI,PHI,2014,8,26
PHI,PHI,2014,8,30
PHI,PHI,2014,8,31
PHI,PHI,2014,9,1
PHI,PHI,2014,9,2
PHI,PHI,2014,9,6
PHI,PHI,2014,9,7
PHI,PHI,2014,9,8
PHI,PHI,2014,9,9
PHI,PHI,2014,9,13
PHI,PHI,2014,9,14
PHI,PHI,2014,9,15
PHI,PHI,2014,9,16
PHI,PHI,2014,9,20
PHI,PHI,2014,9,22
PHI,PHI,2014,9,23
PHI,PHI,2014,9,27
PHI,PHI,2014,9,28
PHI,PHI,2014,9,29
PHI,PHI,2014,9,30
PHI,PHI,2014,10,4
PHI,PHI,2014,10,5
PHI,PHI,2014,10,6
PHI,PHI,2014,10,7
PHI,PHI,2014,10,11
PHI,PHI,2014,10,12
PHI,PHI,2014,10,13
PHI,PHI,2014,10,14
PHI,PHI,2014,10,18
PHI,PHI,2014,10,19
PHI,PHI,2014,10,20
PHI,PHI,2014,10,21
PHI,PHI,2014,10,25
PHI,PHI,2014,10,26
PHI,PHI,2014,10,27
PHI,PHI,2014,10,28
PHI,PHI,2014,10,31
PHI,PHI,2014,11,1
PHI,PHI,2014,11,2
PHI,PHI,2014,11,3
PHI,PHI,2014,11,4
PHI,PHI,2014,11,8
PHI,PHI,2014,11,9
PHI,PHI,2014,11,10
PHI,PHI,2014,11,11
PHI,PHI,2014,11,15
PHI,PHI,2014,11,16
PHI,PHI,2014,11,17
PHI,PHI,2014,11,18
PHI,PHI,2014,11,22
PHI,PHI,2014,11,23
PHI,PHI,2014,11,24
PHI,PHI,2014,11,25
PHI,PHI,2014,11,28
PHI,PHI,2014,11,29
PHI,PHI,2014,11,30
PHI,PHI,2014,12,1
PHI,PHI,2014,12,2
PHI,PHI,2014,12,6
PHI,PHI,2014,12,7
PHI,PHI,2014,12,8
PHI,PHI,2014,12,9
PHI,PHI,2014,12,13
PHI,PHI,2014,12,14
PHI,PHI,2014,12,15
PHI,PHI,2014,12,16
PHI,PHI,2014,12,20
PHI,PHI,2014,12,21
PHI,PHI,2014,12,22
PHI,PHI,2014,12,23
PHI,PHI,2014,12,27
PHI,PHI,2014,12,28
PHI,PHI,2014,12,29
PHI,PHI,2014,12,30
PHI,PHI,2015,1,3
PHI,PHI,2015,1,4
PHI,PHI,2015,1,5
PHI,PHI,2015,1,6
PHI,PHI,2015,1,10
PHI,PHI,2015,1,11
PHI,PHI,2015,1,12
PHI,PHI,2015,1,13
PHI,PHI,2015,1,17
PHI,PHI,2015,1,19
PHI,PHI,2015,1,31
PHI,PHI,2015,2,1
PHI,PHI,2015,2,7
PHI,PHI,2015,2,8
PHI,PHI,2015,2,9
PHI,PHI,2015,2,10
PHI,PHI,2015,2,14
PHI,PHI,2015,2,16
PHI,PHI,2015,2,21
PHI,PHI,2015,2,22
PHI,PHI,2015,2,23
PHI,PHI,2015,2,24
PHI,PHI,2015,2,28
PHI,PHI,2015,3,1
PHI,PHI,2015,3,2
PHI,PHI,2015,3,3
PHI,PHI,2015,3,14
PHI,PHI,2015,3,15
PHI,PHI,2015,3,16
PHI,PHI,2015,3,17
PHI,PHI,2015,3,21
PHI,PHI,2015,3,22
PHI,PHI,2015,3,23
PHI,PHI,2015,3,24
PHI,PHI,2015,3,28
PHI,PHI,2015,3,29
PHI,PHI,2015,3,30
PHI,PHI,2015,3,31
PHI,PHI,2015,4,4
PHI,PHI,2015,4,6
PHI,PHI,2015,4,7
PHI,PHI,2015,4,11
PHI,PHI,2015,4,12
PHI,PHI,2015,4,13
PHI,PHI,2015,4,14
PHI,PHI,2015,4,18
PHI,PHI,2015,4,19
PHI,PHI,2015,4,20
PHI,PHI,2015,4,21
PHI,PHI,2015,4,25
PHI,PHI,2015,4,26
PHI,PHI,2015,4,27
PHI,PHI,2015,4,28
PHI,PHI,2015,5,1
PHI,PHI,2015,5,2
PHI,PHI,2015,5,3
PHI,PHI,2015,5,4
PHI,PHI,2015,5,5
PHI,PHI,2015,5,9
PHI,PHI,2015,5,10
PHI,PHI,2015,5,11
PHI,PHI,2015,5,12
PHI,PHI,2015,5,16
PHI,PHI,2015,5,17
PHI,PHI,2015,5,18
PHI,PHI,2015,5,19
PHI,PHI,2015,5,23
PHI,PHI,2015,5,24
PHI,PHI,2015,5,25
PHI,PHI,2015,5,26
PHI,PHI,2015,5,30
PHI,PHI,2015,5,31
PHI,PHI,2015,6,1
PHI,PHI,2015,6,2
PHI,PHI,2015,6,6
PHI,PHI,2015,6,7
PHI,PHI,2015,6,8
PHI,PHI,2015,6,9
PHI,PHI,2015,6,13
PHI,PHI,2015,6,14
PHI,PHI,2015,6,15
PHI,PHI,2015,6,16
PHI,PHI,2015,6,20
PHI,PHI,2015,6,21
PHI,PHI,2015,6,22
PHI,PHI,2015,6,23
PHI,PHI,2015,6,27
PHI,PHI,2015,6,28
PHI,PHI,2015,6,29
PHI,PHI,2015,6,30
PHI,PHI,2015,7,4
PHI,PHI,2015,7,5
PHI,PHI,2015,7,6
PHI,PHI,2015,7,7
PHI,PHI,2015,7,11
PHI,PHI,2015,7,12
PHI,PHI,2015,7,13
PHI,PHI,2015,7,14
PHI,PHI,2015,7,18
PHI,PHI,2015,7,19
PHI,PHI,2015,7,20
PHI,PHI,2015,7,21
PHI,PHI,2015,7,25
PHI,PHI,2015,7,26
PHI,PHI,2015,7,27
PHI,PHI,2015,7,28
PHI,PHI,2015,8,1
PHI,PHI,2015,8,2
PHI,PHI,2015,8,3
PHI,PHI,2015,8,4
PHI,PHI,2015,8,8
PHI,PHI,2015,8,9
PHI,PHI,2015,8,10
PHI,PHI,2015,8,11
PHI,PHI,2015,8,29
PHI,PHI,2015,8,30
PHI,PHI,2015,8,31
PHI,PHI,2015,9,1
PHI,PHI,2015,9,5
PHI,PHI,2015,9,6
PHI,PHI,2015,9,7
PHI,PHI,2015,9,8
PHI,PHI,2015,9,12
PHI,PHI,2015,9,13
PHI,PHI,2015,9,14
PHI,PHI,2015,9,15
PHI,PHI,2015,9,19
PHI,PHI,2015,9,20
PHI,PHI,2015,9,21
PHI,PHI,2015,9,22
PHI,PHI,2015,9,26
PHI,PHI,2015,9,27
PHI,PHI,2015,9,28
PHI,PHI,2015,9,29
PHI,PHI,2015,10,3
PHI,PHI,2015,10,4
PHI,PHI,2015,10,5
PHI,PHI,2015,10,6
PHI,PHI,2015,10,10
PHI,PHI,2015,10,11
PHI,PHI,2015,10,12
PHI,PHI,2015,10,13
PHI,PHI,2015,10,17
PHI,PHI,2015,10,18
PHI,PHI,2015,10,19
PHI,PHI,2015,10,20
PHI,PHI,2015,10,24
PHI,PHI,2015,10,25
PHI,PHI,2015,10,26
PHI,PHI,2015,10,27
PHI,PHI,2015,10,30
PHI,PHI,2015,10,31
PHI,PHI,2015,11,1
PHI,PHI,2015,11,2
PHI,PHI,2015,11,3
PHI,PHI,2015,11,7
PHI,PHI,2015,11,8
PHI,PHI,2015,11,9
PHI,PHI,2015,11,10
PHI,PHI,2015,11,14
PHI,PHI,2015,11,15
PHI,PHI,2015,11,16
PHI,PHI,2015,11,17
PHI,PHI,2015,11,21
PHI,PHI,2015,11,22
PHI,PHI,2015,11,23
PHI,PHI,2015,11,24
PIM,PIM,1999,4,14
PIM,PIM,1999,4,16
PIM,PIM,1999,4,17
PIM,PIM,1999,4,18
PIM,PIM,1999,4,21
PIM,PIM,1999,4,22
PIM,PIM,1999,4,23
PIM,PIM,1999,4,24
PIM,PIM,1999,4,25
PIM,PIM,1999,4,28
PIM,PIM,1999,4,29
PIM,PIM,1999,4,30
PIM,PIM,1999,5,1
PIM,PIM,1999,5,2
PIM,PIM,1999,5,5
PIM,PIM,1999,5,6
PIM,PIM,1999,5,7
PIM,PIM,1999,5,8
PIM,PIM,1999,5,9
PIM,PIM,1999,5,12
PIM,PIM,1999,5,13
PIM,PIM,1999,5,14
PIM,PIM,1999,5,15
PIM,PIM,1999,5,19
PIM,PIM,1999,5,20
PIM,PIM,1999,5,22
PIM,PIM,1999,5,23
PIM,PIM,1999,5,26
PIM,PIM,1999,5,27
PIM,PIM,1999,5,28
PIM,PIM,1999,5,29
PIM,PIM,1999,5,30
PIM,PIM,1999,5,31
PIM,PIM,1999,6,3
PIM,PIM,1999,6,4
PIM,PIM,1999,6,5
PIM,PIM,1999,6,6
PIM,PIM,1999,6,10
PIM,PIM,1999,6,11
PIM,PIM,1999,6,12
PIM,PIM,1999,6,13
PIM,PIM,1999,6,16
PIM,PIM,1999,6,17
PIM,PIM,1999,6,18
PIM,PIM,1999,6,19
PIM,PIM,2000,4,12
PIM,PIM,2000,4,13
PIM,PIM,2000,4,14
PIM,PIM,2000,4,15
PIM,PIM,2000,4,16
PIM,PIM,2000,4,19
PIM,PIM,2000,4,20
PIM,PIM,2000,4,21
PIM,PIM,2000,4,22
PIM,PIM,2000,4,26
PIM,PIM,2000,4,28
PIM,PIM,2000,4,29
PIM,PIM,2000,4,30
PIM,PIM,2000,5,3
PIM,PIM,2000,5,4
PIM,PIM,2000,5,5
PIM,PIM,2000,5,6
PIM,PIM,2000,5,7
PIM,PIM,2000,5,11
PIM,PIM,2000,5,14
PIM,PIM,2000,5,17
PIM,PIM,2000,5,18
PIM,PIM,2000,5,19
PIM,PIM,2000,5,20
PIM,PIM,2000,5,24
PIM,PIM,2000,5,25
PIM,PIM,2000,5,26
PIM,PIM,2000,5,27
PIM,PIM,2000,5,28
PIM,PIM,2000,5,29
PIM,PIM,2000,6,1
PIM,PIM,2000,6,2
PIM,PIM,2000,6,3
PIM,PIM,2000,6,4
PIM,PIM,2000,6,7
PIM,PIM,2000,6,8
PIM,PIM,2000,6,9
PIM,PIM,2000,6,10
PIM,PIM,2000,6,11
PIM,PIM,2000,6,14
PIM,PIM,2001,3,28
PIM,PIM,2001,3,29
PIM,PIM,2001,4,4
PIM,PIM,2001,4,5
PIM,PIM,2001,4,6
PIM,PIM,2001,4,7
PIM,PIM,2001,4,8
PIM,PIM,2001,4,11
PIM,PIM,2001,4,12
PIM,PIM,2001,4,13
PIM,PIM,2001,4,14
PIM,PIM,2001,4,18
PIM,PIM,2001,4,19
PIM,PIM,2001,4,20
PIM,PIM,2001,4,21
PIM,PIM,2001,4,22
PIM,PIM,2001,4,26
PIM,PIM,2001,4,29
PIM,PIM,2001,5,2
PIM,PIM,2001,5,3
PIM,PIM,2001,5,4
PIM,PIM,2001,5,5
PIM,PIM,2001,5,6
PIM,PIM,2001,5,9
PIM,PIM,2001,5,10
PIM,PIM,2001,5,11
PIM,PIM,2001,5,12
PIM,PIM,2001,5,13
PIM,PIM,2001,5,17
PIM,PIM,2001,5,18
PIM,PIM,2001,5,19
PIM,PIM,2001,5,24
PIM,PIM,2001,5,25
PIM,PIM,2001,5,26
PIM,PIM,2001,5,27
PIM,PIM,2001,5,28
PIM,PIM,2001,5,31
PIM,PIM,2001,6,1
PIM,PIM,2001,6,2
PIM,PIM,2001,6,3
PIM,PIM,2001,6,6
PIM,PIM,2001,6,7
PIM,PIM,2001,6,8
PIM,PIM,2001,6,13
PIM,PIM,2001,6,14
PIM,PIM,2001,6,15
PIM,PIM,2001,6,16
PIM,PIM,2001,6,17
PIM,PIM,2001,6,20
PIM,PIM,2001,6,21
PIM,PIM,2001,6,22
PIM,PIM,2001,6,23
PIM,PIM,2001,6,24
PIM,PIM,2001,6,27
PIM,PIM,2001,6,28
PIM,PIM,2001,6,30
PIM,PIM,2001,7,1
PIM,PIM,2001,7,4
PIM,PIM,2001,7,7
PIM,PIM,2001,8,9
PIM,PIM,2001,8,10
PIM,PIM,2001,8,11
PIM,PIM,2001,8,12
PIM,PIM,2001,8,17
PIM,PIM,2001,8,18
PIM,PIM,2001,8,19
PIM,PIM,2001,8,22
PIM,PIM,2001,8,23
PIM,PIM,2001,8,24
PIM,PIM,2001,9,6
PIM,PIM,2001,9,7
PIM,PIM,2001,9,8
PIM,PIM,2001,9,13
PIM,PIM,2001,9,14
PIM,PIM,2001,9,15
PIM,PIM,2001,9,19
PIM,PIM,2001,9,20
PIM,PIM,2001,9,22
PIM,PIM,2001,9,26
PIM,PIM,2001,9,27
PIM,PIM,2001,9,28
PIM,PIM,2001,9,29
PIM,PIM,2001,10,3
PIM,PIM,2001,10,4
PIM,PIM,2001,10,5
PIM,PIM,2001,10,6
PIM,PIM,2001,10,8
PIM,PIM,2001,10,10
PIM,PIM,2001,10,11
PIM,PIM,2001,10,12
PIM,PIM,2001,10,13
PIM,PIM,2002,4,4
PIM,PIM,2002,4,5
PIM,PIM,2002,4,7
PIM,PIM,2002,4,10
PIM,PIM,2002,4,11
PIM,PIM,2002,4,12
PIM,PIM,2002,4,13
PIM,PIM,2002,4,14
PIM,PIM,2002,4,17
PIM,PIM,2002,4,18
PIM,PIM,2002,4,19
PIM,PIM,2002,4,21
PIM,PIM,2002,4,24
PIM,PIM,2002,4,25
PIM,PIM,2002,4,26
PIM,PIM,2002,4,28
PIM,PIM,2002,5,2
PIM,PIM,2002,5,10
PIM,PIM,2002,5,15
PIM,PIM,2002,5,16
PIM,PIM,2002,5,17
PIM,PIM,2002,5,18
PIM,PIM,2002,5,22
PIM,PIM,2002,5,23
PIM,PIM,2002,5,25
PIM,PIM,2002,5,26
PIM,PIM,2002,5,27
PIM,PIM,2002,5,30
PIM,PIM,2002,5,31
PIM,PIM,2002,6,1
PIM,PIM,2002,6,2
PIM,PIM,2002,6,5
PIM,PIM,2002,6,6
PIM,PIM,2002,6,7
PIM,PIM,2002,6,8
PIM,PIM,2002,6,9
PIM,PIM,2002,6,12
PIM,PIM,2002,6,13
PIM,PIM,2002,6,14
PIM,PIM,2002,6,15
PIM,PIM,2002,6,16
PIM,PIM,2002,9,4
PIM,PIM,2002,9,5
PIM,PIM,2002,9,6
PIM,PIM,2002,9,7
PIM,PIM,2002,9,11
PIM,PIM,2002,9,12
PIM,PIM,2002,9,13
PIM,PIM,2002,9,14
PIM,PIM,2002,9,18
PIM,PIM,2002,9,19
PIM,PIM,2002,9,20
PIM,PIM,2002,9,21
PIM,PIM,2002,9,25
PIM,PIM,2002,9,26
PIM,PIM,2002,9,27
PIM,PIM,2002,9,28
PIM,PIM,2002,10,2
PIM,PIM,2002,10,3
PIM,PIM,2002,10,4
PIM,PIM,2002,10,5
PIM,PIM,2003,4,2
PIM,PIM,2003,4,3
PIM,PIM,2003,4,4
PIM,PIM,2003,4,5
PIM,PIM,2003,4,6
PIM,PIM,2003,4,9
PIM,PIM,2003,4,10
PIM,PIM,2003,4,11
PIM,PIM,2003,4,12
PIM,PIM,2003,4,13
PIM,PIM,2003,4,16
PIM,PIM,2003,4,17
PIM,PIM,2003,4,18
PIM,PIM,2003,4,19
PIM,PIM,2003,4,23
PIM,PIM,2003,4,24
PIM,PIM,2003,4,25
PIM,PIM,2003,4,26
PIM,PIM,2003,4,27
PIM,PIM,2003,4,30
PIM,PIM,2003,5,1
PIM,PIM,2003,5,2
PIM,PIM,2003,5,3
PIM,PIM,2003,5,4
PIM,PIM,2003,5,7
PIM,PIM,2003,5,8
PIM,PIM,2003,5,9
PIM,PIM,2003,5,10
PIM,PIM,2003,5,11
PIM,PIM,2003,5,14
PIM,PIM,2003,5,15
PIM,PIM,2003,5,16
PIM,PIM,2003,5,17
PIM,PIM,2003,5,21
PIM,PIM,2003,5,22
PIM,PIM,2003,5,23
PIM,PIM,2003,5,24
PIM,PIM,2003,5,25
PIM,PIM,2003,5,26
PIM,PIM,2003,5,29
PIM,PIM,2003,5,30
PIM,PIM,2003,5,31
PIM,PIM,2003,6,1
PIM,PIM,2003,6,4
PIM,PIM,2003,6,5
PIM,PIM,2003,6,6
PIM,PIM,2003,6,7
PIM,PIM,2003,6,8
PIM,PIM,2003,9,3
PIM,PIM,2003,9,4
PIM,PIM,2003,9,5
PIM,PIM,2003,9,6
PIM,PIM,2003,9,7
PIM,PIM,2003,9,10
PIM,PIM,2003,9,11
PIM,PIM,2003,9,12
PIM,PIM,2003,9,13
PIM,PIM,2003,9,14
PIM,PIM,2003,9,17
PIM,PIM,2003,9,20
PIM,PIM,2003,9,21
PIM,PIM,2003,9,24
PIM,PIM,2003,9,25
PIM,PIM,2003,9,26
PIM,PIM,2003,9,27
PIM,PIM,2003,9,28
PIM,PIM,2003,10,1
PIM,PIM,2003,10,2
PIM,PIM,2003,10,3
PIM,PIM,2003,10,4
PIM,PIM,2003,10,5
PIM,PIM,2004,3,31
PIM,PIM,2004,4,1
PIM,PIM,2004,4,2
PIM,PIM,2004,4,3
PIM,PIM,2004,4,4
PIM,PIM,2004,4,7
PIM,PIM,2004,4,8
PIM,PIM,2004,4,9
PIM,PIM,2004,4,10
PIM,PIM,2004,4,14
PIM,PIM,2004,4,15
PIM,PIM,2004,4,16
PIM,PIM,2004,4,17
PIM,PIM,2004,4,18
PIM,PIM,2004,4,21
PIM,PIM,2004,4,22
PIM,PIM,2004,4,23
PIM,PIM,2004,4,24
PIM,PIM,2004,4,25
PIM,PIM,2004,4,28
PIM,PIM,2004,4,29
PIM,PIM,2004,4,30
PIM,PIM,2004,5,1
PIM,PIM,2004,5,2
PIM,PIM,2004,5,5
PIM,PIM,2004,5,6
PIM,PIM,2004,5,7
PIM,PIM,2004,5,8
PIM,PIM,2004,5,9
PIM,PIM,2004,5,12
PIM,PIM,2004,5,13
PIM,PIM,2004,5,14
PIM,PIM,2004,5,15
PIM,PIM,2004,5,19
PIM,PIM,2004,5,20
PIM,PIM,2004,5,21
PIM,PIM,2004,5,22
PIM,PIM,2004,5,23
PIM,PIM,2004,5,26
PIM,PIM,2004,5,27
PIM,PIM,2004,5,28
PIM,PIM,2004,5,29
PIM,PIM,2004,5,30
PIM,PIM,2004,5,31
PIM,PIM,2004,6,3
PIM,PIM,2004,6,4
PIM,PIM,2004,6,5
PIM,PIM,2004,6,6
PIM,PIM,2004,7,31
PIM,PIM,2004,8,1
PIM,PIM,2004,8,5
PIM,PIM,2004,8,6
PIM,PIM,2004,8,7
PIM,PIM,2004,8,8
PIM,PIM,2004,8,12
PIM,PIM,2004,8,13
PIM,PIM,2004,8,14
PIM,PIM,2004,8,15
PIM,PIM,2004,8,19
PIM,PIM,2004,8,20
PIM,PIM,2004,8,21
PIM,PIM,2004,8,22
PIM,PIM,2004,8,26
PIM,PIM,2004,8,27
PIM,PIM,2004,9,9
PIM,PIM,2004,9,10
PIM,PIM,2004,9,11
PIM,PIM,2004,9,12
PIM,PIM,2004,9,16
PIM,PIM,2004,9,17
PIM,PIM,2004,9,18
PIM,PIM,2004,9,19
PIM,PIM,2004,9,23
PIM,PIM,2004,9,24
PIM,PIM,2004,9,25
PIM,PIM,2004,9,26
PIM,PIM,2004,9,30
PIM,PIM,2004,10,1
PIM,PIM,2004,10,2
PIM,PIM,2004,10,3
PIM,PIM,2004,10,8
PIM,PIM,2004,10,9
PIM,PIM,2004,10,10
PIM,PIM,2004,10,11
PIM,PIM,2004,10,14
PIM,PIM,2004,10,15
PIM,PIM,2004,10,16
PIM,PIM,2004,10,17
PIM,PIM,2004,10,21
PIM,PIM,2004,10,22
PIM,PIM,2004,10,23
PIM,PIM,2004,10,24
PIM,PIM,2004,10,28
PIM,PIM,2004,10,29
PIM,PIM,2004,10,30
PIM,PIM,2004,10,31
PIM,PIM,2004,11,2
PIM,PIM,2004,11,4
PIM,PIM,2004,11,5
PIM,PIM,2004,11,6
PIM,PIM,2004,11,7
PIM,PIM,2004,11,10
PIM,PIM,2004,11,11
PIM,PIM,2004,11,12
PIM,PIM,2004,11,13
PIM,PIM,2004,11,14
PIM,PIM,2004,11,17
PIM,PIM,2004,11,18
PIM,PIM,2004,11,19
PIM,PIM,2004,11,20
PIM,PIM,2004,11,21
PIM,PIM,2004,11,24
PIM,PIM,2004,11,25
PIM,PIM,2004,11,26
PIM,PIM,2004,11,27
PIM,PIM,2004,11,28
PIM,PIM,2004,12,1
PIM,PIM,2004,12,2
PIM,PIM,2004,12,3
PIM,PIM,2004,12,4
PIM,PIM,2004,12,5
PIM,PIM,2004,12,8
PIM,PIM,2004,12,9
PIM,PIM,2004,12,10
PIM,PIM,2004,12,11
PIM,PIM,2004,12,12
PIM,PIM,2004,12,15
PIM,PIM,2004,12,16
PIM,PIM,2004,12,17
PIM,PIM,2004,12,18
PIM,PIM,2004,12,19
PIM,PIM,2004,12,26
PIM,PIM,2004,12,27
PIM,PIM,2004,12,30
PIM,PIM,2004,12,31
PIM,PIM,2005,1,1
PIM,PIM,2005,1,2
PIM,PIM,2005,1,5
PIM,PIM,2005,1,6
PIM,PIM,2005,1,7
PIM,PIM,2005,1,8
PIM,PIM,2005,1,9
PIM,PIM,2005,1,12
PIM,PIM,2005,1,13
PIM,PIM,2005,1,14
PIM,PIM,2005,1,15
PIM,PIM,2005,1,16
PIM,PIM,2005,1,17
PIM,PIM,2005,4,20
PIM,PIM,2005,4,21
PIM,PIM,2005,4,22
PIM,PIM,2005,4,23
PIM,PIM,2005,4,24
PIM,PIM,2005,4,27
PIM,PIM,2005,4,28
PIM,PIM,2005,4,29
PIM,PIM,2005,4,30
PIM,PIM,2005,5,1
PIM,PIM,2005,5,4
PIM,PIM,2005,5,5
PIM,PIM,2005,5,6
PIM,PIM,2005,5,7
PIM,PIM,2005,5,8
PIM,PIM,2005,5,11
PIM,PIM,2005,5,12
PIM,PIM,2005,5,13
PIM,PIM,2005,5,14
PIM,PIM,2005,5,15
PIM,PIM,2005,5,18
PIM,PIM,2005,5,19
PIM,PIM,2005,5,20
PIM,PIM,2005,5,21
PIM,PIM,2005,5,25
PIM,PIM,2005,5,26
PIM,PIM,2005,5,27
PIM,PIM,2005,5,28
PIM,PIM,2005,5,29
PIM,PIM,2005,5,30
PIM,PIM,2005,6,2
PIM,PIM,2005,6,3
PIM,PIM,2005,6,4
PIM,PIM,2005,6,5
PIM,PIM,2005,6,8
PIM,PIM,2005,6,9
PIM,PIM,2005,6,10
PIM,PIM,2005,6,11
PIM,PIM,2005,6,12
PIM,PIM,2005,8,12
PIM,PIM,2005,8,13
PIM,PIM,2005,8,14
PIM,PIM,2005,8,18
PIM,PIM,2005,8,19
PIM,PIM,2005,8,20
PIM,PIM,2005,8,21
PIM,PIM,2005,8,25
PIM,PIM,2005,8,26
PIM,PIM,2006,4,20
PIM,PIM,2006,4,21
PIM,PIM,2006,4,22
PIM,PIM,2006,4,23
PIM,PIM,2006,4,27
PIM,PIM,2006,4,28
PIM,PIM,2006,4,29
PIM,PIM,2006,4,30
PIM,PIM,2006,5,4
PIM,PIM,2006,5,5
PIM,PIM,2006,5,6
PIM,PIM,2006,5,7
PIM,PIM,2006,5,11
PIM,PIM,2006,5,12
PIM,PIM,2006,5,13
PIM,PIM,2006,5,14
PIM,PIM,2006,5,18
PIM,PIM,2006,5,19
PIM,PIM,2006,5,20
PIM,PIM,2006,5,25
PIM,PIM,2006,5,26
PIM,PIM,2006,5,27
PIM,PIM,2006,5,28
PIM,PIM,2006,5,29
PIM,PIM,2006,6,1
PIM,PIM,2006,6,2
PIM,PIM,2006,6,3
PIM,PIM,2006,6,4
PIM,PIM,2006,6,8
PIM,PIM,2006,6,9
PIM,PIM,2006,6,10
PIM,PIM,2007,4,19
PIM,PIM,2007,4,20
PIM,PIM,2007,4,21
PIM,PIM,2007,4,22
PIM,PIM,2007,4,26
PIM,PIM,2007,4,27
PIM,PIM,2007,4,28
PIM,PIM,2007,4,29
PIM,PIM,2007,5,3
PIM,PIM,2007,5,4
PIM,PIM,2007,5,5
PIM,PIM,2007,5,6
PIM,PIM,2007,5,10
PIM,PIM,2007,5,11
PIM,PIM,2007,5,12
PIM,PIM,2007,5,13
PIM,PIM,2007,5,17
PIM,PIM,2007,5,18
PIM,PIM,2007,5,19
PIM,PIM,2007,5,24
PIM,PIM,2007,5,25
PIM,PIM,2007,5,26
PIM,PIM,2007,5,27
PIM,PIM,2007,5,28
PIM,PIM,2007,5,31
PIM,PIM,2007,6,1
PIM,PIM,2007,6,2
PIM,PIM,2007,6,3
PIM,PIM,2007,6,7
PIM,PIM,2007,6,8
PIM,PIM,2007,6,9
PIM,PIM,2008,4,17
PIM,PIM,2008,4,18
PIM,PIM,2008,4,19
PIM,PIM,2008,4,20
PIM,PIM,2008,4,24
PIM,PIM,2008,4,25
PIM,PIM,2008,4,26
PIM,PIM,2008,4,27
PIM,PIM,2008,5,1
PIM,PIM,2008,5,2
PIM,PIM,2008,5,3
PIM,PIM,2008,5,4
PIM,PIM,2008,5,8
PIM,PIM,2008,5,9
PIM,PIM,2008,5,10
PIM,PIM,2008,5,11
PIM,PIM,2008,5,15
PIM,PIM,2008,5,16
PIM,PIM,2008,5,17
PIM,PIM,2008,5,22
PIM,PIM,2008,5,23
PIM,PIM,2008,5,24
PIM,PIM,2008,5,25
PIM,PIM,2008,5,26
PIM,PIM,2008,5,29
PIM,PIM,2008,5,30
PIM,PIM,2008,5,31
PIM,PIM,2008,6,1
PIM,PIM,2008,6,5
PIM,PIM,2008,6,6
PIM,PIM,2008,6,7
PIM,PIM,2009,4,18
PIM,PIM,2009,4,19
PIM,PIM,2009,4,23
PIM,PIM,2009,4,24
PIM,PIM,2009,4,25
PIM,PIM,2009,4,26
PIM,PIM,2009,4,30
PIM,PIM,2009,5,1
PIM,PIM,2009,5,2
PIM,PIM,2009,5,3
PIM,PIM,2009,5,7
PIM,PIM,2009,5,8
PIM,PIM,2009,5,9
PIM,PIM,2009,5,10
PIM,PIM,2009,5,14
PIM,PIM,2009,5,15
PIM,PIM,2009,5,16
PIM,PIM,2009,5,21
PIM,PIM,2009,5,22
PIM,PIM,2009,5,23
PIM,PIM,2010,4,17
PIM,PIM,2010,4,18
PIM,PIM,2010,4,22
PIM,PIM,2010,4,23
PIM,PIM,2010,4,24
PIM,PIM,2010,4,25
PIM,PIM,2010,4,29
PIM,PIM,2010,4,30
PIM,PIM,2010,5,1
PIM,PIM,2010,5,2
PIM,PIM,2010,5,6
PIM,PIM,2010,5,7
PIM,PIM,2010,5,8
PIM,PIM,2010,5,9
PIM,PIM,2010,5,13
PIM,PIM,2010,5,14
PIM,PIM,2010,5,15
PIM,PIM,2010,5,20
PIM,PIM,2010,5,21
PIM,PIM,2010,5,22
PIM,PIM,2011,4,1
PIM,PIM,2011,4,2
PIM,PIM,2011,4,3
PIM,PIM,2011,4,7
PIM,PIM,2011,4,8
PIM,PIM,2011,4,9
PIM,PIM,2011,4,10
PIM,PIM,2011,4,14
PIM,PIM,2011,4,15
PIM,PIM,2011,4,16
PIM,PIM,2011,4,17
PIM,PIM,2011,4,21
PIM,PIM,2011,4,22
PIM,PIM,2011,4,23
PIM,PIM,2011,4,28
PIM,PIM,2011,4,29
PIM,PIM,2011,4,30
PIM,PIM,2011,5,1
PIM,PIM,2011,5,5
PIM,PIM,2011,5,6
PIM,PIM,2011,5,7
PIM,PIM,2011,5,8
PIM,PIM,2011,5,12
PIM,PIM,2011,5,13
PIM,PIM,2011,5,14
PIM,PIM,2011,5,15
PIM,PIM,2011,5,19
PIM,PIM,2011,5,20
PIM,PIM,2011,5,21
PIM,PIM,2012,3,30
PIM,PIM,2012,3,31
PIM,PIM,2012,4,1
PIM,PIM,2012,4,5
PIM,PIM,2012,4,6
PIM,PIM,2012,4,7
PIM,PIM,2012,4,12
PIM,PIM,2012,4,13
PIM,PIM,2012,4,14
PIM,PIM,2012,4,15
PIM,PIM,2012,4,19
PIM,PIM,2012,4,20
PIM,PIM,2012,4,21
PIM,PIM,2012,4,22
PIM,PIM,2012,4,26
PIM,PIM,2012,4,27
PIM,PIM,2012,4,28
PIM,PIM,2012,4,29
PIM,PIM,2012,5,3
PIM,PIM,2012,5,4
PIM,PIM,2012,5,5
PIM,PIM,2012,5,6
PIM,PIM,2012,5,10
PIM,PIM,2012,5,11
PIM,PIM,2012,5,12
PIM,PIM,2012,5,13
PIM,PIM,2012,5,17
PIM,PIM,2012,5,18
PIM,PIM,2012,5,19
PIM,PIM,2013,4,4
PIM,PIM,2013,4,5
PIM,PIM,2013,4,6
PIM,PIM,2013,4,7
PIM,PIM,2013,4,11
PIM,PIM,2013,4,12
PIM,PIM,2013,4,13
PIM,PIM,2013,4,14
PIM,PIM,2013,4,18
PIM,PIM,2013,4,19
PIM,PIM,2013,4,20
PIM,PIM,2013,4,21
PIM,PIM,2013,4,25
PIM,PIM,2013,4,26
PIM,PIM,2013,4,27
PIM,PIM,2013,4,28
PIM,PIM,2013,5,2
PIM,PIM,2013,5,3
PIM,PIM,2013,5,4
PIM,PIM,2013,5,5
PIM,PIM,2013,5,9
PIM,PIM,2013,5,10
PIM,PIM,2013,5,11
PIM,PIM,2013,5,12
PIM,PIM,2013,5,16
PIM,PIM,2013,5,17
PIM,PIM,2013,5,18
PIM,PIM,2013,5,24
PIM,PIM,2013,5,25
PIM,PIM,2013,5,26
PIM,PIM,2013,5,27
PIM,PIM,2013,5,31
PIM,PIM,2013,6,1
PIM,PIM,2013,6,2
PIM,PIM,2013,6,7
PIM,PIM,2013,6,8
PIM,PIM,2014,4,3
PIM,PIM,2014,4,4
PIM,PIM,2014,4,5
PIM,PIM,2014,4,6
PIM,PIM,2014,4,10
PIM,PIM,2014,4,11
PIM,PIM,2014,4,12
PIM,PIM,2014,4,13
PIM,PIM,2014,4,17
PIM,PIM,2014,4,18
PIM,PIM,2014,4,19
PIM,PIM,2014,4,24
PIM,PIM,2014,4,25
PIM,PIM,2014,4,26
PIM,PIM,2014,4,27
PIM,PIM,2014,5,1
PIM,PIM,2014,5,2
PIM,PIM,2014,5,3
PIM,PIM,2014,5,4
PIM,PIM,2014,5,8
PIM,PIM,2014,5,9
PIM,PIM,2014,5,10
PIM,PIM,2014,5,11
PIM,PIM,2014,5,15
PIM,PIM,2014,5,16
PIM,PIM,2014,5,17
PIM,PIM,2014,5,23
PIM,PIM,2014,5,24
PIM,PIM,2014,5,25
PIM,PIM,2014,5,26
PIM,PIM,2014,5,30
PIM,PIM,2014,5,31
PIM,PIM,2014,6,1
PIM,PIM,2014,6,6
PIM,PIM,2014,6,7
PIM,PIM,2015,4,2
PIM,PIM,2015,4,3
PIM,PIM,2015,4,4
PIM,PIM,2015,4,9
PIM,PIM,2015,4,10
PIM,PIM,2015,4,11
PIM,PIM,2015,4,12
PIM,PIM,2015,4,16
PIM,PIM,2015,4,17
PIM,PIM,2015,4,18
PIM,PIM,2015,4,19
PIM,PIM,2015,4,23
PIM,PIM,2015,4,24
PIM,PIM,2015,4,25
PIM,PIM,2015,4,26
PIM,PIM,2015,4,30
PIM,PIM,2015,5,1
PIM,PIM,2015,5,2
PIM,PIM,2015,5,3
PIM,PIM,2015,5,7
PIM,PIM,2015,5,8
PIM,PIM,2015,5,9
PIM,PIM,2015,5,10
PIM,PIM,2015,5,14
PIM,PIM,2015,5,15
PIM,PIM,2015,5,16
PIM,PIM,2015,5,21
PIM,PIM,2015,5,22
PIM,PIM,2015,5,23
PIM,PIM,2015,5,24
PIM,PIM,2015,5,25
PIM,PIM,2015,5,29
PIM,PIM,2015,5,30
PIM,PIM,2015,5,31
PIM,PIM,2015,6,4
PIM,PIM,2015,6,5
PIM,PIM,2015,6,6
PRM,PRM,1999,4,17
PRM,PRM,1999,4,22
PRM,PRM,1999,4,23
PRM,PRM,1999,4,24
PRM,PRM,1999,4,29
PRM,PRM,1999,4,30
PRM,PRM,1999,5,1
PRM,PRM,1999,5,4
PRM,PRM,1999,5,6
PRM,PRM,1999,5,7
PRM,PRM,1999,5,8
PRM,PRM,1999,5,11
PRM,PRM,1999,5,13
PRM,PRM,1999,5,14
PRM,PRM,1999,5,15
PRM,PRM,1999,5,20
PRM,PRM,1999,5,22
PRM,PRM,1999,5,27
PRM,PRM,1999,5,28
PRM,PRM,1999,5,29
PRM,PRM,1999,6,2
PRM,PRM,1999,6,3
PRM,PRM,1999,6,4
PRM,PRM,1999,6,5
PRM,PRM,1999,6,8
PRM,PRM,1999,6,10
PRM,PRM,1999,6,11
PRM,PRM,1999,6,12
PRM,PRM,1999,6,16
PRM,PRM,1999,6,17
PRM,PRM,1999,6,18
PRM,PRM,1999,6,19
PRM,PRM,1999,6,22
PRM,PRM,1999,6,23
PRM,PRM,1999,6,24
PRM,PRM,1999,6,25
PRM,PRM,1999,6,26
PRM,PRM,1999,6,29
PRM,PRM,1999,6,30
PRM,PRM,1999,7,2
PRM,PRM,1999,7,3
PRM,PRM,1999,7,4
PRM,PRM,1999,7,5
PRM,PRM,1999,7,6
PRM,PRM,1999,7,27
PRM,PRM,1999,7,29
PRM,PRM,1999,8,3
PRM,PRM,1999,8,5
PRM,PRM,1999,8,10
PRM,PRM,1999,8,17
PRM,PRM,1999,8,19
PRM,PRM,1999,8,26
PRM,PRM,1999,8,31
PRM,PRM,1999,9,2
PRM,PRM,1999,9,7
PRM,PRM,1999,9,9
PRM,PRM,1999,9,14
PRM,PRM,1999,9,16
PRM,PRM,1999,9,21
PRM,PRM,1999,9,23
PRM,PRM,1999,9,28
PRM,PRM,1999,9,30
PRM,PRM,2000,4,21
PRM,PRM,2000,4,22
PRM,PRM,2000,4,24
PRM,PRM,2000,4,25
PRM,PRM,2000,4,28
PRM,PRM,2000,4,29
PRM,PRM,2000,5,1
PRM,PRM,2000,5,2
PRM,PRM,2000,5,5
PRM,PRM,2000,5,8
PRM,PRM,2000,5,9
PRM,PRM,2000,5,14
PRM,PRM,2000,5,15
PRM,PRM,2000,5,16
PRM,PRM,2000,5,19
PRM,PRM,2000,5,21
PRM,PRM,2000,5,22
PRM,PRM,2000,5,23
PRM,PRM,2000,5,26
PRM,PRM,2000,5,27
PRM,PRM,2000,5,29
PRM,PRM,2000,5,30
PRM,PRM,2000,5,31
PRM,PRM,2000,6,2
PRM,PRM,2000,6,3
PRM,PRM,2000,6,4
PRM,PRM,2000,6,5
PRM,PRM,2000,6,6
PRM,PRM,2000,6,9
PRM,PRM,2000,6,10
PRM,PRM,2000,6,11
PRM,PRM,2000,6,12
PRM,PRM,2000,6,13
PRM,PRM,2001,4,29
PRM,PRM,2001,4,30
PRM,PRM,2001,5,1
PRM,PRM,2001,5,4
PRM,PRM,2001,5,6
PRM,PRM,2001,5,8
PRM,PRM,2001,5,11
PRM,PRM,2001,5,12
PRM,PRM,2001,5,13
PRM,PRM,2001,5,14
PRM,PRM,2001,5,15
PRM,PRM,2001,5,18
PRM,PRM,2001,5,19
PRM,PRM,2001,5,20
PRM,PRM,2001,5,21
PRM,PRM,2001,5,22
PRM,PRM,2001,5,25
PRM,PRM,2001,5,26
PRM,PRM,2001,5,27
PRM,PRM,2001,5,28
PRM,PRM,2001,5,29
PRM,PRM,2001,6,1
PRM,PRM,2001,6,3
PRM,PRM,2001,6,5
PRM,PRM,2001,6,11
PRM,PRM,2001,6,12
PRM,PRM,2001,6,17
PRM,PRM,2001,6,18
PRM,PRM,2001,6,19
PRM,PRM,2001,6,22
PRM,PRM,2001,6,23
PRM,PRM,2001,6,24
PRM,PRM,2001,6,25
PRM,PRM,2001,6,26
PRM,PRM,2001,6,30
PRM,PRM,2001,7,1
PRM,PRM,2001,7,3
PRM,PRM,2001,7,4
PRM,PRM,2001,7,7
PRM,PRM,2002,5,6
PRM,PRM,2002,5,14
PRM,PRM,2002,5,15
PRM,PRM,2002,5,17
PRM,PRM,2002,5,18
PRM,PRM,2002,5,20
PRM,PRM,2002,5,21
PRM,PRM,2002,5,22
PRM,PRM,2002,5,24
PRM,PRM,2002,5,25
PRM,PRM,2002,5,27
PRM,PRM,2002,5,28
PRM,PRM,2002,5,29
PRM,PRM,2002,5,31
PRM,PRM,2002,6,1
PRM,PRM,2002,6,3
PRM,PRM,2002,6,4
PRM,PRM,2002,6,5
PRM,PRM,2002,6,7
PRM,PRM,2002,6,8
PRM,PRM,2002,6,10
PRM,PRM,2002,6,11
PRM,PRM,2002,6,12
PRM,PRM,2002,6,14
PRM,PRM,2002,6,15
PRM,PRM,2002,6,17
PRM,PRM,2002,6,18
PRM,PRM,2002,6,19
PRM,PRM,2002,6,21
PRM,PRM,2002,6,22
PRM,PRM,2002,6,24
PRM,PRM,2002,6,25
PRM,PRM,2002,6,26
PRM,PRM,2002,6,28
PRM,PRM,2002,6,29
PRM,PRM,2002,7,1
PRM,PRM,2002,7,2
PRM,PRM,2002,7,3
PRM,PRM,2002,7,4
PRM,PRM,2002,7,5
PRM,PRM,2002,7,6
PRM,PRM,2002,7,19
PRM,PRM,2002,7,20
PRM,PRM,2002,7,22
PRM,PRM,2002,7,23
PRM,PRM,2002,7,26
PRM,PRM,2002,7,27
PRM,PRM,2002,7,29
PRM,PRM,2002,7,30
PRM,PRM,2002,8,2
PRM,PRM,2002,8,3
PRM,PRM,2002,8,5
PRM,PRM,2002,8,6
PRM,PRM,2002,8,9
PRM,PRM,2002,8,10
PRM,PRM,2002,8,12
PRM,PRM,2002,8,13
PRM,PRM,2002,8,16
PRM,PRM,2002,8,17
PRM,PRM,2002,8,19
PRM,PRM,2002,8,20
PRM,PRM,2002,8,23
PRM,PRM,2002,8,24
PRM,PRM,2002,8,26
PRM,PRM,2002,8,27
PRM,PRM,2002,8,30
PRM,PRM,2002,8,31
PRM,PRM,2002,9,1
PRM,PRM,2002,9,3
PRM,PRM,2002,9,6
PRM,PRM,2002,9,7
PRM,PRM,2002,9,9
PRM,PRM,2002,9,10
PRM,PRM,2002,9,13
PRM,PRM,2002,9,14
PRM,PRM,2002,9,16
PRM,PRM,2002,9,17
PRM,PRM,2002,9,20
PRM,PRM,2002,9,21
PRM,PRM,2002,9,23
PRM,PRM,2002,9,24
PRM,PRM,2002,9,27
PRM,PRM,2002,9,28
PRM,PRM,2003,4,18
PRM,PRM,2003,4,19
PRM,PRM,2003,4,21
PRM,PRM,2003,4,22
PRM,PRM,2003,4,25
PRM,PRM,2003,4,26
PRM,PRM,2003,4,27
PRM,PRM,2003,4,28
PRM,PRM,2003,4,29
PRM,PRM,2003,5,2
PRM,PRM,2003,5,3
PRM,PRM,2003,5,4
PRM,PRM,2003,5,5
PRM,PRM,2003,5,6
PRM,PRM,2003,5,9
PRM,PRM,2003,5,10
PRM,PRM,2003,5,11
PRM,PRM,2003,5,12
PRM,PRM,2003,5,13
PRM,PRM,2003,5,16
PRM,PRM,2003,5,17
PRM,PRM,2003,5,18
PRM,PRM,2003,5,19
PRM,PRM,2003,5,20
PRM,PRM,2003,5,23
PRM,PRM,2003,5,24
PRM,PRM,2003,5,25
PRM,PRM,2003,5,26
PRM,PRM,2003,5,27
PRM,PRM,2003,5,28
PRM,PRM,2003,5,30
PRM,PRM,2003,5,31
PRM,PRM,2003,6,1
PRM,PRM,2003,6,2
PRM,PRM,2003,6,3
PRM,PRM,2003,6,6
PRM,PRM,2003,6,7
PRM,PRM,2003,6,8
PRM,PRM,2003,6,9
PRM,PRM,2003,6,10
PRM,PRM,2003,6,13
PRM,PRM,2003,6,14
PRM,PRM,2003,6,15
PRM,PRM,2003,6,16
PRM,PRM,2003,6,17
PRM,PRM,2003,6,20
PRM,PRM,2003,6,21
PRM,PRM,2003,6,22
PRM,PRM,2003,6,23
PRM,PRM,2003,6,24
PRM,PRM,2003,6,27
PRM,PRM,2003,6,28
PRM,PRM,2003,8,15
PRM,PRM,2003,8,16
PRM,PRM,2003,8,22
PRM,PRM,2003,8,23
PRM,PRM,2003,8,29
PRM,PRM,2003,8,30
PRM,PRM,2003,8,31
PRM,PRM,2003,9,1
PRM,PRM,2003,9,2
PRM,PRM,2003,9,5
PRM,PRM,2003,9,6
PRM,PRM,2003,9,8
PRM,PRM,2003,9,9
PRM,PRM,2003,9,12
PRM,PRM,2003,9,13
PRM,PRM,2004,4,16
PRM,PRM,2004,4,17
PRM,PRM,2004,4,19
PRM,PRM,2004,4,20
PRM,PRM,2004,4,23
PRM,PRM,2004,4,24
PRM,PRM,2004,4,26
PRM,PRM,2004,4,27
PRM,PRM,2004,4,30
PRM,PRM,2004,5,1
PRM,PRM,2004,5,3
PRM,PRM,2004,5,4
PRM,PRM,2004,5,7
PRM,PRM,2004,5,8
PRM,PRM,2004,5,10
PRM,PRM,2004,5,11
PRM,PRM,2004,5,14
PRM,PRM,2004,5,15
PRM,PRM,2004,5,17
PRM,PRM,2004,5,18
PRM,PRM,2004,5,21
PRM,PRM,2004,5,22
PRM,PRM,2004,5,24
PRM,PRM,2004,5,25
PRM,PRM,2004,5,28
PRM,PRM,2004,5,29
PRM,PRM,2004,5,30
PRM,PRM,2004,5,31
PRM,PRM,2004,6,1
PRM,PRM,2004,6,4
PRM,PRM,2004,6,5
PRM,PRM,2004,6,7
PRM,PRM,2004,6,8
PRM,PRM,2004,6,11
PRM,PRM,2004,6,12
PRM,PRM,2004,6,14
PRM,PRM,2004,6,15
PRM,PRM,2004,6,18
PRM,PRM,2004,6,19
PRM,PRM,2004,6,21
PRM,PRM,2004,6,22
PRM,PRM,2004,6,25
PRM,PRM,2004,6,26
PRM,PRM,2004,6,28
PRM,PRM,2004,6,29
PRM,PRM,2004,7,1
PRM,PRM,2004,7,2
PRM,PRM,2004,7,3
PRM,PRM,2004,7,4
PRM,PRM,2004,7,12
PRM,PRM,2004,7,13
PRM,PRM,2004,7,16
PRM,PRM,2004,7,17
PRM,PRM,2004,7,19
PRM,PRM,2004,7,20
PRM,PRM,2004,7,23
PRM,PRM,2004,7,24
PRM,PRM,2004,7,26
PRM,PRM,2004,7,27
PRM,PRM,2004,7,30
PRM,PRM,2004,7,31
PRM,PRM,2004,8,2
PRM,PRM,2004,8,3
PRM,PRM,2004,8,6
PRM,PRM,2004,8,7
PRM,PRM,2004,8,9
PRM,PRM,2004,8,10
PRM,PRM,2004,8,13
PRM,PRM,2004,8,14
PRM,PRM,2004,8,16
PRM,PRM,2004,8,17
PRM,PRM,2004,8,20
PRM,PRM,2004,8,21
PRM,PRM,2004,8,23
PRM,PRM,2004,8,24
PRM,PRM,2004,8,27
PRM,PRM,2004,8,28
PRM,PRM,2004,8,30
PRM,PRM,2004,8,31
PRM,PRM,2004,9,3
PRM,PRM,2004,9,4
PRM,PRM,2004,9,5
PRM,PRM,2004,9,6
PRM,PRM,2004,9,7
PRM,PRM,2004,9,10
PRM,PRM,2004,9,11
PRM,PRM,2004,9,13
PRM,PRM,2004,9,14
PRM,PRM,2004,9,17
PRM,PRM,2004,9,18
PRM,PRM,2004,9,20
PRM,PRM,2004,9,21
PRM,PRM,2004,9,24
PRM,PRM,2004,9,25
PRM,PRM,2004,10,4
PRM,PRM,2004,10,5
PRM,PRM,2004,10,8
PRM,PRM,2004,10,9
PRM,PRM,2004,10,11
PRM,PRM,2004,10,12
PRM,PRM,2004,10,15
PRM,PRM,2004,10,16
PRM,PRM,2004,10,18
PRM,PRM,2004,10,19
PRM,PRM,2004,10,22
PRM,PRM,2004,10,23
PRM,PRM,2004,10,25
PRM,PRM,2004,10,26
PRM,PRM,2004,10,29
PRM,PRM,2004,10,30
PRM,PRM,2004,11,1
PRM,PRM,2005,4,21
PRM,PRM,2005,4,22
PRM,PRM,2005,4,23
PRM,PRM,2005,4,26
PRM,PRM,2005,4,28
PRM,PRM,2005,4,29
PRM,PRM,2005,4,30
PRM,PRM,2005,5,3
PRM,PRM,2005,5,5
PRM,PRM,2005,5,6
PRM,PRM,2005,5,7
PRM,PRM,2005,5,10
PRM,PRM,2005,5,12
PRM,PRM,2005,5,13
PRM,PRM,2005,5,14
PRM,PRM,2005,5,17
PRM,PRM,2005,5,19
PRM,PRM,2005,5,20
PRM,PRM,2005,5,21
PRM,PRM,2005,5,24
PRM,PRM,2005,5,26
PRM,PRM,2005,5,27
PRM,PRM,2005,5,28
PRM,PRM,2005,5,29
PRM,PRM,2005,5,30
PRM,PRM,2005,5,31
PRM,PRM,2005,6,2
PRM,PRM,2005,6,3
PRM,PRM,2005,6,4
PRM,PRM,2005,6,7
PRM,PRM,2005,6,9
PRM,PRM,2005,6,10
PRM,PRM,2005,6,11
PRM,PRM,2005,6,14
PRM,PRM,2005,6,16
PRM,PRM,2005,6,17
PRM,PRM,2005,6,18
PRM,PRM,2005,6,21
PRM,PRM,2005,6,23
PRM,PRM,2005,6,24
PRM,PRM,2005,6,25
PRM,PRM,2005,6,28
PRM,PRM,2005,6,30
PRM,PRM,2005,7,1
PRM,PRM,2005,7,2
PRM,PRM,2005,7,3
PRM,PRM,2005,7,4
PRM,PRM,2005,7,8
PRM,PRM,2005,7,9
PRM,PRM,2005,7,12
PRM,PRM,2005,7,14
PRM,PRM,2005,7,15
PRM,PRM,2005,7,16
PRM,PRM,2005,7,19
PRM,PRM,2005,7,21
PRM,PRM,2005,7,22
PRM,PRM,2005,7,23
PRM,PRM,2005,7,26
PRM,PRM,2005,7,28
PRM,PRM,2005,7,29
PRM,PRM,2005,7,30
PRM,PRM,2005,8,2
PRM,PRM,2005,8,4
PRM,PRM,2005,8,5
PRM,PRM,2005,8,6
PRM,PRM,2005,8,9
PRM,PRM,2005,8,11
PRM,PRM,2005,8,12
PRM,PRM,2005,8,13
PRM,PRM,2005,8,16
PRM,PRM,2005,8,18
PRM,PRM,2005,8,19
PRM,PRM,2005,8,20
PRM,PRM,2005,8,23
PRM,PRM,2005,8,25
PRM,PRM,2005,8,26
PRM,PRM,2005,8,27
PRM,PRM,2005,8,30
PRM,PRM,2005,9,1
PRM,PRM,2005,9,2
PRM,PRM,2005,9,3
PRM,PRM,2005,9,4
PRM,PRM,2005,9,5
PRM,PRM,2005,9,6
PRM,PRM,2005,9,8
PRM,PRM,2005,9,9
PRM,PRM,2005,9,10
PRM,PRM,2005,9,13
PRM,PRM,2005,9,15
PRM,PRM,2005,9,16
PRM,PRM,2005,9,17
PRM,PRM,2005,9,20
PRM,PRM,2005,9,22
PRM,PRM,2005,9,23
PRM,PRM,2005,9,24
PRM,PRM,2005,10,1
PRM,PRM,2005,10,4
PRM,PRM,2005,10,6
PRM,PRM,2005,10,7
PRM,PRM,2005,10,8
PRM,PRM,2005,10,11
PRM,PRM,2005,10,13
PRM,PRM,2005,10,14
PRM,PRM,2005,10,15
PRM,PRM,2005,10,18
PRM,PRM,2005,10,20
PRM,PRM,2005,10,21
PRM,PRM,2005,10,22
PRM,PRM,2005,10,25
PRM,PRM,2005,10,27
PRM,PRM,2005,10,28
PRM,PRM,2005,10,29
PRM,PRM,2006,4,21
PRM,PRM,2006,4,22
PRM,PRM,2006,4,25
PRM,PRM,2006,4,27
PRM,PRM,2006,4,28
PRM,PRM,2006,4,29
PRM,PRM,2006,5,2
PRM,PRM,2006,5,4
PRM,PRM,2006,5,5
PRM,PRM,2006,5,6
PRM,PRM,2006,5,9
PRM,PRM,2006,5,11
PRM,PRM,2006,5,12
PRM,PRM,2006,5,13
PRM,PRM,2006,5,16
PRM,PRM,2006,5,18
PRM,PRM,2006,5,19
PRM,PRM,2006,5,20
PRM,PRM,2006,5,23
PRM,PRM,2006,5,25
PRM,PRM,2006,5,26
PRM,PRM,2006,5,27
PRM,PRM,2006,5,28
PRM,PRM,2006,5,29
PRM,PRM,2006,6,1
PRM,PRM,2006,6,2
PRM,PRM,2006,6,3
PRM,PRM,2006,6,6
PRM,PRM,2006,6,8
PRM,PRM,2006,6,9
PRM,PRM,2006,6,10
PRM,PRM,2006,6,13
PRM,PRM,2006,6,15
PRM,PRM,2006,6,16
PRM,PRM,2006,6,17
PRM,PRM,2006,6,20
PRM,PRM,2006,6,22
PRM,PRM,2006,6,23
PRM,PRM,2006,6,24
PRM,PRM,2006,6,27
PRM,PRM,2006,6,29
PRM,PRM,2006,6,30
PRM,PRM,2006,7,1
PRM,PRM,2006,7,3
PRM,PRM,2006,7,4
PRM,PRM,2006,7,13
PRM,PRM,2006,7,14
PRM,PRM,2006,7,15
PRM,PRM,2006,7,18
PRM,PRM,2006,7,20
PRM,PRM,2006,7,21
PRM,PRM,2006,7,22
PRM,PRM,2006,7,25
PRM,PRM,2006,7,27
PRM,PRM,2006,7,28
PRM,PRM,2006,7,29
PRM,PRM,2006,8,1
PRM,PRM,2006,8,3
PRM,PRM,2006,8,4
PRM,PRM,2006,8,5
PRM,PRM,2006,8,8
PRM,PRM,2006,8,10
PRM,PRM,2006,8,11
PRM,PRM,2006,8,12
PRM,PRM,2006,8,15
PRM,PRM,2006,8,17
PRM,PRM,2006,8,18
PRM,PRM,2006,8,19
PRM,PRM,2006,8,22
PRM,PRM,2006,8,24
PRM,PRM,2006,8,25
PRM,PRM,2006,8,26
PRM,PRM,2006,8,29
PRM,PRM,2006,8,31
PRM,PRM,2006,9,1
PRM,PRM,2006,9,2
PRM,PRM,2006,9,3
PRM,PRM,2006,9,4
PRM,PRM,2006,9,7
PRM,PRM,2006,9,8
PRM,PRM,2006,9,9
PRM,PRM,2006,9,24
PRM,PRM,2006,9,28
PRM,PRM,2006,9,29
PRM,PRM,2006,9,30
PRM,PRM,2006,10,1
PRM,PRM,2006,10,5
PRM,PRM,2006,10,6
PRM,PRM,2006,10,7
PRM,PRM,2006,10,8
PRM,PRM,2006,10,12
PRM,PRM,2006,10,13
PRM,PRM,2006,10,14
PRM,PRM,2007,4,20
PRM,PRM,2007,4,21
PRM,PRM,2007,4,23
PRM,PRM,2007,4,24
PRM,PRM,2007,4,27
PRM,PRM,2007,4,28
PRM,PRM,2007,4,30
PRM,PRM,2007,5,1
PRM,PRM,2007,5,4
PRM,PRM,2007,5,5
PRM,PRM,2007,5,7
PRM,PRM,2007,5,8
PRM,PRM,2007,5,11
PRM,PRM,2007,5,12
PRM,PRM,2007,5,14
PRM,PRM,2007,5,15
PRM,PRM,2007,5,18
PRM,PRM,2007,5,19
PRM,PRM,2007,5,21
PRM,PRM,2007,5,22
PRM,PRM,2007,5,25
PRM,PRM,2007,5,26
PRM,PRM,2007,5,27
PRM,PRM,2007,5,28
PRM,PRM,2007,5,29
PRM,PRM,2007,6,1
PRM,PRM,2007,6,2
PRM,PRM,2007,6,4
PRM,PRM,2007,6,5
PRM,PRM,2007,6,8
PRM,PRM,2007,6,9
PRM,PRM,2007,6,11
PRM,PRM,2007,6,12
PRM,PRM,2007,6,15
PRM,PRM,2007,6,16
PRM,PRM,2007,6,18
PRM,PRM,2007,6,19
PRM,PRM,2007,6,22
PRM,PRM,2007,6,23
PRM,PRM,2007,6,25
PRM,PRM,2007,6,26
PRM,PRM,2007,6,29
PRM,PRM,2007,6,30
PRM,PRM,2007,7,2
PRM,PRM,2007,7,3
PRM,PRM,2007,7,4
PRM,PRM,2007,7,10
PRM,PRM,2007,7,13
PRM,PRM,2007,7,14
PRM,PRM,2007,7,16
PRM,PRM,2007,7,17
PRM,PRM,2007,7,20
PRM,PRM,2007,7,21
PRM,PRM,2007,7,23
PRM,PRM,2007,7,24
PRM,PRM,2007,7,27
PRM,PRM,2007,7,28
PRM,PRM,2007,7,30
PRM,PRM,2007,7,31
PRM,PRM,2007,8,3
PRM,PRM,2007,8,4
PRM,PRM,2007,8,6
PRM,PRM,2007,8,7
PRM,PRM,2007,8,10
PRM,PRM,2007,8,11
PRM,PRM,2007,8,13
PRM,PRM,2007,8,14
PRM,PRM,2007,8,17
PRM,PRM,2007,8,18
PRM,PRM,2007,8,20
PRM,PRM,2007,8,21
PRM,PRM,2007,8,24
PRM,PRM,2007,8,25
PRM,PRM,2007,8,27
PRM,PRM,2007,8,28
PRM,PRM,2007,8,31
PRM,PRM,2007,9,1
PRM,PRM,2007,9,2
PRM,PRM,2007,9,3
PRM,PRM,2007,9,4
PRM,PRM,2007,9,7
PRM,PRM,2007,9,8
PRM,PRM,2007,9,10
PRM,PRM,2007,9,11
PRM,PRM,2007,9,14
PRM,PRM,2007,9,15
PRM,PRM,2007,9,22
PRM,PRM,2007,9,24
PRM,PRM,2007,9,25
PRM,PRM,2007,9,28
PRM,PRM,2007,9,29
PRM,PRM,2007,10,1
PRM,PRM,2007,10,2
PRM,PRM,2007,10,5
PRM,PRM,2007,10,6
PRM,PRM,2007,10,8
PRM,PRM,2007,10,9
PRM,PRM,2007,10,12
PRM,PRM,2007,10,13
PRM,PRM,2007,10,15
PRM,PRM,2007,10,16
PRM,PRM,2007,10,17
PRM,PRM,2007,10,19
PRM,PRM,2007,10,20
PRM,PRM,2008,4,18
PRM,PRM,2008,4,19
PRM,PRM,2008,4,21
PRM,PRM,2008,4,22
PRM,PRM,2008,4,25
PRM,PRM,2008,4,26
PRM,PRM,2008,4,28
PRM,PRM,2008,4,29
PRM,PRM,2008,5,2
PRM,PRM,2008,5,3
PRM,PRM,2008,5,5
PRM,PRM,2008,5,6
PRM,PRM,2008,5,9
PRM,PRM,2008,5,10
PRM,PRM,2008,5,12
PRM,PRM,2008,5,13
PRM,PRM,2008,5,16
PRM,PRM,2008,5,17
PRM,PRM,2008,5,19
PRM,PRM,2008,5,20
PRM,PRM,2008,5,23
PRM,PRM,2008,5,24
PRM,PRM,2008,5,26
PRM,PRM,2008,5,27
PRM,PRM,2008,5,30
PRM,PRM,2008,5,31
PRM,PRM,2008,6,2
PRM,PRM,2008,6,3
PRM,PRM,2008,6,6
PRM,PRM,2008,6,7
PRM,PRM,2008,6,9
PRM,PRM,2008,6,10
PRM,PRM,2008,6,13
PRM,PRM,2008,6,14
PRM,PRM,2008,6,16
PRM,PRM,2008,6,17
PRM,PRM,2008,6,20
PRM,PRM,2008,6,21
PRM,PRM,2008,6,23
PRM,PRM,2008,6,24
PRM,PRM,2008,6,27
PRM,PRM,2008,6,28
PRM,PRM,2008,6,30
PRM,PRM,2008,7,1
PRM,PRM,2008,7,3
PRM,PRM,2008,7,4
PRM,PRM,2008,7,5
PRM,PRM,2008,7,11
PRM,PRM,2008,7,12
PRM,PRM,2008,7,14
PRM,PRM,2008,7,15
PRM,PRM,2008,7,18
PRM,PRM,2008,7,19
PRM,PRM,2008,7,21
PRM,PRM,2008,7,22
PRM,PRM,2008,7,25
PRM,PRM,2008,7,26
PRM,PRM,2008,7,28
PRM,PRM,2008,7,29
PRM,PRM,2008,8,1
PRM,PRM,2008,8,2
PRM,PRM,2008,8,4
PRM,PRM,2008,8,5
PRM,PRM,2008,8,8
PRM,PRM,2008,8,9
PRM,PRM,2008,8,11
PRM,PRM,2008,8,12
PRM,PRM,2008,8,15
PRM,PRM,2008,8,16
PRM,PRM,2008,8,18
PRM,PRM,2008,8,19
PRM,PRM,2008,8,22
PRM,PRM,2008,8,23
PRM,PRM,2008,8,25
PRM,PRM,2008,8,26
PRM,PRM,2008,8,29
PRM,PRM,2008,8,30
PRM,PRM,2008,8,31
PRM,PRM,2008,9,1
PRM,PRM,2008,9,2
PRM,PRM,2008,9,5
PRM,PRM,2008,9,6
PRM,PRM,2008,9,8
PRM,PRM,2008,9,9
PRM,PRM,2008,9,12
PRM,PRM,2008,9,13
PRM,PRM,2008,9,15
PRM,PRM,2008,9,16
PRM,PRM,2008,9,19
PRM,PRM,2008,9,20
PRM,PRM,2008,9,27
PRM,PRM,2008,9,29
PRM,PRM,2008,9,30
PRM,PRM,2008,10,3
PRM,PRM,2008,10,4
PRM,PRM,2008,10,6
PRM,PRM,2008,10,7
PRM,PRM,2008,10,10
PRM,PRM,2008,10,11
PRM,PRM,2008,10,13
PRM,PRM,2008,10,14
PRM,PRM,2008,10,17
PRM,PRM,2008,10,18
PRM,PRM,2008,10,20
PRM,PRM,2008,10,21
PRM,PRM,2008,10,22
PRM,PRM,2008,10,24
PRM,PRM,2008,10,25
PRM,PRM,2009,4,24
PRM,PRM,2009,4,25
PRM,PRM,2009,4,27
PRM,PRM,2009,4,28
PRM,PRM,2009,5,1
PRM,PRM,2009,5,2
PRM,PRM,2009,5,4
PRM,PRM,2009,5,5
PRM,PRM,2009,5,8
PRM,PRM,2009,5,9
PRM,PRM,2009,5,11
PRM,PRM,2009,5,12
PRM,PRM,2009,5,15
PRM,PRM,2009,5,16
PRM,PRM,2009,5,18
PRM,PRM,2009,5,19
PRM,PRM,2009,5,22
PRM,PRM,2009,5,23
PRM,PRM,2009,5,25
PRM,PRM,2009,5,26
PRM,PRM,2009,5,29
PRM,PRM,2009,5,30
PRM,PRM,2009,6,1
PRM,PRM,2009,6,2
PRM,PRM,2009,6,5
PRM,PRM,2009,6,6
PRM,PRM,2009,6,8
PRM,PRM,2009,6,9
PRM,PRM,2009,6,12
PRM,PRM,2009,6,13
PRM,PRM,2009,6,15
PRM,PRM,2009,6,16
PRM,PRM,2009,6,19
PRM,PRM,2009,6,20
PRM,PRM,2009,6,22
PRM,PRM,2009,6,23
PRM,PRM,2009,6,26
PRM,PRM,2009,6,27
PRM,PRM,2009,6,29
PRM,PRM,2009,6,30
PRM,PRM,2009,7,3
PRM,PRM,2009,7,4
PRM,PRM,2009,7,6
PRM,PRM,2009,7,7
PRM,PRM,2009,7,10
PRM,PRM,2009,7,11
PRM,PRM,2009,7,13
PRM,PRM,2009,7,14
PRM,PRM,2009,7,17
PRM,PRM,2009,7,18
PRM,PRM,2009,7,27
PRM,PRM,2009,7,28
PRM,PRM,2009,7,31
PRM,PRM,2009,8,1
PRM,PRM,2009,8,3
PRM,PRM,2009,8,4
PRM,PRM,2009,8,7
PRM,PRM,2009,8,8
PRM,PRM,2009,8,10
PRM,PRM,2009,8,11
PRM,PRM,2009,8,14
PRM,PRM,2009,8,15
PRM,PRM,2009,8,17
PRM,PRM,2009,8,18
PRM,PRM,2009,8,21
PRM,PRM,2009,8,22
PRM,PRM,2009,8,24
PRM,PRM,2009,8,25
PRM,PRM,2009,8,28
PRM,PRM,2009,8,29
PRM,PRM,2009,8,31
PRM,PRM,2009,9,1
PRM,PRM,2009,9,4
PRM,PRM,2009,9,5
PRM,PRM,2009,9,7
PRM,PRM,2009,9,8
PRM,PRM,2009,9,11
PRM,PRM,2009,9,12
PRM,PRM,2009,9,14
PRM,PRM,2009,9,15
PRM,PRM,2009,9,18
PRM,PRM,2009,9,19
PRM,PRM,2009,9,28
PRM,PRM,2009,9,29
PRM,PRM,2009,10,3
PRM,PRM,2009,10,5
PRM,PRM,2009,10,6
PRM,PRM,2009,10,9
PRM,PRM,2009,10,10
PRM,PRM,2009,10,12
PRM,PRM,2009,10,13
PRM,PRM,2009,10,17
PRM,PRM,2009,10,19
PRM,PRM,2009,10,20
PRM,PRM,2009,10,23
PRM,PRM,2009,10,24
PRM,PRM,2010,4,23
PRM,PRM,2010,4,24
PRM,PRM,2010,4,26
PRM,PRM,2010,4,27
PRM,PRM,2010,4,30
PRM,PRM,2010,5,1
PRM,PRM,2010,5,3
PRM,PRM,2010,5,4
PRM,PRM,2010,5,7
PRM,PRM,2010,5,8
PRM,PRM,2010,5,10
PRM,PRM,2010,5,11
PRM,PRM,2010,5,13
PRM,PRM,2010,5,14
PRM,PRM,2010,5,15
PRM,PRM,2010,5,17
PRM,PRM,2010,5,18
PRM,PRM,2010,5,21
PRM,PRM,2010,5,22
PRM,PRM,2010,5,24
PRM,PRM,2010,5,25
PRM,PRM,2010,5,28
PRM,PRM,2010,5,29
PRM,PRM,2010,5,31
PRM,PRM,2010,6,1
PRM,PRM,2010,6,3
PRM,PRM,2010,6,4
PRM,PRM,2010,6,5
PRM,PRM,2010,6,7
PRM,PRM,2010,6,8
PRM,PRM,2010,6,11
PRM,PRM,2010,6,12
PRM,PRM,2010,6,14
PRM,PRM,2010,6,15
PRM,PRM,2010,6,18
PRM,PRM,2010,6,19
PRM,PRM,2010,6,21
PRM,PRM,2010,6,22
PRM,PRM,2010,6,24
PRM,PRM,2010,6,25
PRM,PRM,2010,6,26
PRM,PRM,2010,6,28
PRM,PRM,2010,6,29
PRM,PRM,2010,7,2
PRM,PRM,2010,7,3
PRM,PRM,2010,7,5
PRM,PRM,2010,7,6
PRM,PRM,2010,7,9
PRM,PRM,2010,7,10
PRM,PRM,2010,7,12
PRM,PRM,2010,7,13
PRM,PRM,2010,7,15
PRM,PRM,2010,7,16
PRM,PRM,2010,7,17
PRM,PRM,2010,7,19
PRM,PRM,2010,7,20
PRM,PRM,2010,7,23
PRM,PRM,2010,7,24
PRM,PRM,2010,7,26
PRM,PRM,2010,7,27
PRM,PRM,2010,7,30
PRM,PRM,2010,7,31
PRM,PRM,2010,8,2
PRM,PRM,2010,8,3
PRM,PRM,2010,8,5
PRM,PRM,2010,8,6
PRM,PRM,2010,8,7
PRM,PRM,2010,8,13
PRM,PRM,2010,8,14
PRM,PRM,2010,8,16
PRM,PRM,2010,8,17
PRM,PRM,2010,8,20
PRM,PRM,2010,8,21
PRM,PRM,2010,8,23
PRM,PRM,2010,8,24
PRM,PRM,2010,8,27
PRM,PRM,2010,8,28
PRM,PRM,2010,8,30
PRM,PRM,2010,8,31
PRM,PRM,2010,9,3
PRM,PRM,2010,9,4
PRM,PRM,2010,9,6
PRM,PRM,2010,9,7
PRM,PRM,2010,9,10
PRM,PRM,2010,9,11
PRM,PRM,2010,9,13
PRM,PRM,2010,9,14
PRM,PRM,2010,9,17
PRM,PRM,2010,9,18
PRM,PRM,2010,9,20
PRM,PRM,2010,9,21
PRM,PRM,2010,9,24
PRM,PRM,2010,9,25
PRM,PRM,2010,10,1
PRM,PRM,2010,10,2
PRM,PRM,2010,10,4
PRM,PRM,2010,10,5
PRM,PRM,2010,10,8
PRM,PRM,2010,10,9
PRM,PRM,2010,10,11
PRM,PRM,2010,10,12
PRM,PRM,2010,10,15
PRM,PRM,2010,10,16
PRM,PRM,2011,4,22
PRM,PRM,2011,4,23
PRM,PRM,2011,4,25
PRM,PRM,2011,4,26
PRM,PRM,2011,4,29
PRM,PRM,2011,4,30
PRM,PRM,2011,5,2
PRM,PRM,2011,5,3
PRM,PRM,2011,5,6
PRM,PRM,2011,5,7
PRM,PRM,2011,5,9
PRM,PRM,2011,5,10
PRM,PRM,2011,5,13
PRM,PRM,2011,5,14
PRM,PRM,2011,5,16
PRM,PRM,2011,5,17
PRM,PRM,2011,5,20
PRM,PRM,2011,5,21
PRM,PRM,2011,5,23
PRM,PRM,2011,5,24
PRM,PRM,2011,5,27
PRM,PRM,2011,5,28
PRM,PRM,2011,5,30
PRM,PRM,2011,5,31
PRM,PRM,2011,6,3
PRM,PRM,2011,6,4
PRM,PRM,2011,6,6
PRM,PRM,2011,6,7
PRM,PRM,2011,6,10
PRM,PRM,2011,6,11
PRM,PRM,2011,6,13
PRM,PRM,2011,6,14
PRM,PRM,2011,6,17
PRM,PRM,2011,6,18
PRM,PRM,2011,6,20
PRM,PRM,2011,6,21
PRM,PRM,2011,6,24
PRM,PRM,2011,6,25
PRM,PRM,2011,6,27
PRM,PRM,2011,6,28
PRM,PRM,2011,7,1
PRM,PRM,2011,7,2
PRM,PRM,2011,7,3
PRM,PRM,2011,7,4
PRM,PRM,2011,7,5
PRM,PRM,2011,7,8
PRM,PRM,2011,7,9
PRM,PRM,2011,7,11
PRM,PRM,2011,7,12
PRM,PRM,2011,7,15
PRM,PRM,2011,7,16
PRM,PRM,2011,7,18
PRM,PRM,2011,7,22
PRM,PRM,2011,7,23
PRM,PRM,2011,7,25
PRM,PRM,2011,7,26
PRM,PRM,2011,7,29
PRM,PRM,2011,7,30
PRM,PRM,2011,8,1
PRM,PRM,2011,8,2
PRM,PRM,2011,8,5
PRM,PRM,2011,8,6
PRM,PRM,2011,8,8
PRM,PRM,2011,8,9
PRM,PRM,2011,8,12
PRM,PRM,2011,8,13
PRM,PRM,2011,8,19
PRM,PRM,2011,8,20
PRM,PRM,2011,8,22
PRM,PRM,2011,8,23
PRM,PRM,2011,8,26
PRM,PRM,2011,8,27
PRM,PRM,2011,8,29
PRM,PRM,2011,8,30
PRM,PRM,2011,9,2
PRM,PRM,2011,9,3
PRM,PRM,2011,9,5
PRM,PRM,2011,9,6
PRM,PRM,2011,9,9
PRM,PRM,2011,9,10
PRM,PRM,2011,9,12
PRM,PRM,2011,9,13
PRM,PRM,2011,9,16
PRM,PRM,2011,9,17
PRM,PRM,2011,9,19
PRM,PRM,2011,9,20
PRM,PRM,2011,9,23
PRM,PRM,2011,9,24
PRM,PRM,2011,9,26
PRM,PRM,2011,9,27
PRM,PRM,2011,9,30
PRM,PRM,2011,10,1
PRM,PRM,2011,10,7
PRM,PRM,2011,10,8
PRM,PRM,2011,10,10
PRM,PRM,2011,10,11
PRM,PRM,2011,10,14
PRM,PRM,2011,10,15
PRM,PRM,2011,10,17
PRM,PRM,2011,10,18
PRM,PRM,2011,10,21
PRM,PRM,2011,10,22
PRM,PRM,2012,4,20
PRM,PRM,2012,4,21
PRM,PRM,2012,4,22
PRM,PRM,2012,4,26
PRM,PRM,2012,4,27
PRM,PRM,2012,4,28
PRM,PRM,2012,4,29
PRM,PRM,2012,5,3
PRM,PRM,2012,5,4
PRM,PRM,2012,5,5
PRM,PRM,2012,5,6
PRM,PRM,2012,5,10
PRM,PRM,2012,5,11
PRM,PRM,2012,5,12
PRM,PRM,2012,5,13
PRM,PRM,2012,5,17
PRM,PRM,2012,5,18
PRM,PRM,2012,5,19
PRM,PRM,2012,5,20
PRM,PRM,2012,5,24
PRM,PRM,2012,5,25
PRM,PRM,2012,5,26
PRM,PRM,2012,5,27
PRM,PRM,2012,5,31
PRM,PRM,2012,6,1
PRM,PRM,2012,6,2
PRM,PRM,2012,6,3
PRM,PRM,2012,6,7
PRM,PRM,2012,6,8
PRM,PRM,2012,6,9
PRM,PRM,2012,6,10
PRM,PRM,2012,6,14
PRM,PRM,2012,6,15
PRM,PRM,2012,6,16
PRM,PRM,2012,6,17
PRM,PRM,2012,6,21
PRM,PRM,2012,6,22
PRM,PRM,2012,6,23
PRM,PRM,2012,6,24
PRM,PRM,2012,6,28
PRM,PRM,2012,6,29
PRM,PRM,2012,6,30
PRM,PRM,2012,7,1
PRM,PRM,2012,7,3
PRM,PRM,2012,7,5
PRM,PRM,2012,7,6
PRM,PRM,2012,7,7
PRM,PRM,2012,7,8
PRM,PRM,2012,7,12
PRM,PRM,2012,7,13
PRM,PRM,2012,7,14
PRM,PRM,2012,7,15
PRM,PRM,2012,7,19
PRM,PRM,2012,7,20
PRM,PRM,2012,7,21
PRM,PRM,2012,7,22
PRM,PRM,2012,7,26
PRM,PRM,2012,7,27
PRM,PRM,2012,7,28
PRM,PRM,2012,7,29
PRM,PRM,2012,8,2
PRM,PRM,2012,8,3
PRM,PRM,2012,8,4
PRM,PRM,2012,8,5
PRM,PRM,2012,8,9
PRM,PRM,2012,8,10
PRM,PRM,2012,8,11
PRM,PRM,2012,8,18
PRM,PRM,2012,8,19
PRM,PRM,2012,8,24
PRM,PRM,2012,8,25
PRM,PRM,2012,8,26
PRM,PRM,2012,8,31
PRM,PRM,2012,9,1
PRM,PRM,2012,9,2
PRM,PRM,2012,9,7
PRM,PRM,2012,9,8
PRM,PRM,2012,9,9
PRM,PRM,2012,9,14
PRM,PRM,2012,9,15
PRM,PRM,2012,9,16
PRM,PRM,2012,9,21
PRM,PRM,2012,9,22
PRM,PRM,2012,9,23
PRM,PRM,2012,9,28
PRM,PRM,2012,9,29
PRM,PRM,2012,9,30
PRM,PRM,2012,10,5
PRM,PRM,2012,10,6
PRM,PRM,2012,10,7
PRM,PRM,2012,10,12
PRM,PRM,2012,10,13
PRM,PRM,2012,10,26
PRM,PRM,2012,10,27
PRM,PRM,2013,4,19
PRM,PRM,2013,4,20
PRM,PRM,2013,4,21
PRM,PRM,2013,4,25
PRM,PRM,2013,4,26
PRM,PRM,2013,4,27
PRM,PRM,2013,4,28
PRM,PRM,2013,5,2
PRM,PRM,2013,5,4
PRM,PRM,2013,5,5
PRM,PRM,2013,5,9
PRM,PRM,2013,5,10
PRM,PRM,2013,5,11
PRM,PRM,2013,5,12
PRM,PRM,2013,5,16
PRM,PRM,2013,5,17
PRM,PRM,2013,5,18
PRM,PRM,2013,5,19
PRM,PRM,2013,5,23
PRM,PRM,2013,5,24
PRM,PRM,2013,5,25
PRM,PRM,2013,5,26
PRM,PRM,2013,5,30
PRM,PRM,2013,5,31
PRM,PRM,2013,6,1
PRM,PRM,2013,6,2
PRM,PRM,2013,6,6
PRM,PRM,2013,6,7
PRM,PRM,2013,6,8
PRM,PRM,2013,6,9
PRM,PRM,2013,6,13
PRM,PRM,2013,6,14
PRM,PRM,2013,6,15
PRM,PRM,2013,6,16
PRM,PRM,2013,6,20
PRM,PRM,2013,6,21
PRM,PRM,2013,6,22
PRM,PRM,2013,6,23
PRM,PRM,2013,6,27
PRM,PRM,2013,6,28
PRM,PRM,2013,6,29
PRM,PRM,2013,6,30
PRM,PRM,2013,7,3
PRM,PRM,2013,7,4
PRM,PRM,2013,7,5
PRM,PRM,2013,7,6
PRM,PRM,2013,7,7
PRM,PRM,2013,7,11
PRM,PRM,2013,7,12
PRM,PRM,2013,7,13
PRM,PRM,2013,7,14
PRM,PRM,2013,7,18
PRM,PRM,2013,7,19
PRM,PRM,2013,7,20
PRM,PRM,2013,7,21
PRM,PRM,2013,7,24
PRM,PRM,2013,7,25
PRM,PRM,2013,7,26
PRM,PRM,2013,7,27
PRM,PRM,2013,7,28
PRM,PRM,2013,8,1
PRM,PRM,2013,8,2
PRM,PRM,2013,8,3
PRM,PRM,2013,8,4
PRM,PRM,2013,8,8
PRM,PRM,2013,8,9
PRM,PRM,2013,8,10
PRM,PRM,2013,8,17
PRM,PRM,2013,8,18
PRM,PRM,2013,8,23
PRM,PRM,2013,8,24
PRM,PRM,2013,8,25
PRM,PRM,2013,8,30
PRM,PRM,2013,8,31
PRM,PRM,2013,9,1
PRM,PRM,2013,9,6
PRM,PRM,2013,9,7
PRM,PRM,2013,9,8
PRM,PRM,2013,9,13
PRM,PRM,2013,9,14
PRM,PRM,2013,9,15
PRM,PRM,2013,9,20
PRM,PRM,2013,9,21
PRM,PRM,2013,9,22
PRM,PRM,2013,9,27
PRM,PRM,2013,9,28
PRM,PRM,2013,9,29
PRM,PRM,2013,10,4
PRM,PRM,2013,10,5
PRM,PRM,2013,10,6
PRM,PRM,2013,10,10
PRM,PRM,2013,10,11
PRM,PRM,2013,10,12
PRM,PRM,2014,4,18
PRM,PRM,2014,4,19
PRM,PRM,2014,4,20
PRM,PRM,2014,4,24
PRM,PRM,2014,4,25
PRM,PRM,2014,4,26
PRM,PRM,2014,4,27
PRM,PRM,2014,5,1
PRM,PRM,2014,5,2
PRM,PRM,2014,5,3
PRM,PRM,2014,5,4
PRM,PRM,2014,5,8
PRM,PRM,2014,5,9
PRM,PRM,2014,5,10
PRM,PRM,2014,5,11
PRM,PRM,2014,5,15
PRM,PRM,2014,5,16
PRM,PRM,2014,5,17
PRM,PRM,2014,5,18
PRM,PRM,2014,5,22
PRM,PRM,2014,5,23
PRM,PRM,2014,5,24
PRM,PRM,2014,5,25
PRM,PRM,2014,5,26
PRM,PRM,2014,5,29
PRM,PRM,2014,5,30
PRM,PRM,2014,5,31
PRM,PRM,2014,6,1
PRM,PRM,2014,6,5
PRM,PRM,2014,6,6
PRM,PRM,2014,6,7
PRM,PRM,2014,6,8
PRM,PRM,2014,6,12
PRM,PRM,2014,6,13
PRM,PRM,2014,6,14
PRM,PRM,2014,6,15
PRM,PRM,2014,6,19
PRM,PRM,2014,6,20
PRM,PRM,2014,6,21
PRM,PRM,2014,6,22
PRM,PRM,2014,6,26
PRM,PRM,2014,6,27
PRM,PRM,2014,6,28
PRM,PRM,2014,6,29
PRM,PRM,2014,7,3
PRM,PRM,2014,7,4
PRM,PRM,2014,7,5
PRM,PRM,2014,7,6
PRM,PRM,2014,7,10
PRM,PRM,2014,7,11
PRM,PRM,2014,7,12
PRM,PRM,2014,7,13
PRM,PRM,2014,7,17
PRM,PRM,2014,7,18
PRM,PRM,2014,7,19
PRM,PRM,2014,7,20
PRM,PRM,2014,7,24
PRM,PRM,2014,7,25
PRM,PRM,2014,7,26
PRM,PRM,2014,7,27
PRM,PRM,2014,7,31
PRM,PRM,2014,8,1
PRM,PRM,2014,8,2
PRM,PRM,2014,8,3
PRM,PRM,2014,8,7
PRM,PRM,2014,8,8
PRM,PRM,2014,8,9
PRM,PRM,2014,8,16
PRM,PRM,2014,8,17
PRM,PRM,2014,8,22
PRM,PRM,2014,8,23
PRM,PRM,2014,8,24
PRM,PRM,2014,8,29
PRM,PRM,2014,8,30
PRM,PRM,2014,8,31
PRM,PRM,2014,9,5
PRM,PRM,2014,9,6
PRM,PRM,2014,9,7
PRM,PRM,2014,9,12
PRM,PRM,2014,9,13
PRM,PRM,2014,9,14
PRM,PRM,2014,9,19
PRM,PRM,2014,9,20
PRM,PRM,2014,9,21
PRM,PRM,2014,9,26
PRM,PRM,2014,9,27
PRM,PRM,2014,9,28
PRM,PRM,2014,10,3
PRM,PRM,2014,10,4
PRM,PRM,2014,10,5
PRM,PRM,2014,10,10
PRM,PRM,2014,10,11
PRM,PRM,2014,10,17
PRM,PRM,2014,10,18
PRM,PRM,2015,4,18
PRM,PRM,2015,4,19
PRM,PRM,2015,4,24
PRM,PRM,2015,4,25
PRM,PRM,2015,4,26
PRM,PRM,2015,4,30
PRM,PRM,2015,5,1
PRM,PRM,2015,5,2
PRM,PRM,2015,5,3
PRM,PRM,2015,5,7
PRM,PRM,2015,5,8
PRM,PRM,2015,5,9
PRM,PRM,2015,5,10
PRM,PRM,2015,5,14
PRM,PRM,2015,5,15
PRM,PRM,2015,5,16
PRM,PRM,2015,5,17
PRM,PRM,2015,5,21
PRM,PRM,2015,5,22
PRM,PRM,2015,5,23
PRM,PRM,2015,5,24
PRM,PRM,2015,5,25
PRM,PRM,2015,5,28
PRM,PRM,2015,5,29
PRM,PRM,2015,5,30
PRM,PRM,2015,5,31
PRM,PRM,2015,6,4
PRM,PRM,2015,6,5
PRM,PRM,2015,6,6
PRM,PRM,2015,6,7
PRM,PRM,2015,6,11
PRM,PRM,2015,6,12
PRM,PRM,2015,6,13
PRM,PRM,2015,6,14
PRM,PRM,2015,6,18
PRM,PRM,2015,6,19
PRM,PRM,2015,6,20
PRM,PRM,2015,6,21
PRM,PRM,2015,6,25
PRM,PRM,2015,6,26
PRM,PRM,2015,6,27
PRM,PRM,2015,6,28
PRM,PRM,2015,7,2
PRM,PRM,2015,7,3
PRM,PRM,2015,7,4
PRM,PRM,2015,7,5
PRM,PRM,2015,7,9
PRM,PRM,2015,7,10
PRM,PRM,2015,7,11
PRM,PRM,2015,7,12
PRM,PRM,2015,7,15
PRM,PRM,2015,7,16
PRM,PRM,2015,7,17
PRM,PRM,2015,7,18
PRM,PRM,2015,7,19
PRM,PRM,2015,7,23
PRM,PRM,2015,7,24
PRM,PRM,2015,7,25
PRM,PRM,2015,7,26
PRM,PRM,2015,7,30
PRM,PRM,2015,7,31
PRM,PRM,2015,8,1
PRM,PRM,2015,8,2
PRM,PRM,2015,8,5
PRM,PRM,2015,8,6
PRM,PRM,2015,8,7
PRM,PRM,2015,8,8
PRM,PRM,2015,8,15
PRM,PRM,2015,8,16
PRM,PRM,2015,8,21
PRM,PRM,2015,8,22
PRM,PRM,2015,8,23
PRM,PRM,2015,8,28
PRM,PRM,2015,8,29
PRM,PRM,2015,8,30
PRM,PRM,2015,9,4
PRM,PRM,2015,9,5
PRM,PRM,2015,9,6
PRM,PRM,2015,9,11
PRM,PRM,2015,9,12
PRM,PRM,2015,9,13
PRM,PRM,2015,9,19
PRM,PRM,2015,9,20
PRM,PRM,2015,9,25
PRM,PRM,2015,9,26
PRM,PRM,2015,9,27
PRM,PRM,2015,10,1
PRM,PRM,2015,10,2
PRM,PRM,2015,10,3
PRM,PRM,2015,10,4
PRM,PRM,2015,10,8
PRM,PRM,2015,10,9
PRM,PRM,2015,10,10
REM,REM,1998,8,14
REM,REM,1998,8,15
REM,REM,1998,8,17
REM,REM,1998,8,21
REM,REM,1998,8,22
REM,REM,1998,8,23
REM,REM,1998,8,24
REM,REM,1998,8,27
REM,REM,1998,8,28
REM,REM,1998,8,29
REM,REM,1998,8,30
REM,REM,1998,8,31
REM,REM,1998,9,3
REM,REM,1998,9,4
REM,REM,1998,9,5
REM,REM,1998,9,6
REM,REM,1998,9,10
REM,REM,1998,9,11
REM,REM,1998,9,12
REM,REM,1998,9,13
REM,REM,1998,9,14
REM,REM,1998,9,18
REM,REM,1998,9,19
REM,REM,1998,9,20
REM,REM,1998,9,21
REM,REM,1998,9,25
REM,REM,1998,9,26
REM,REM,1998,9,27
REM,REM,1998,9,28
REM,REM,1998,10,2
REM,REM,1998,10,4
REM,REM,1998,10,5
REM,REM,1998,10,9
REM,REM,1998,10,10
REM,REM,1998,10,11
REM,REM,1998,10,12
REM,REM,1998,10,16
REM,REM,1998,10,17
REM,REM,1998,10,18
REM,REM,1998,10,19
REM,REM,1998,10,23
REM,REM,1998,10,24
REM,REM,1998,10,25
REM,REM,1998,10,26
REM,REM,1998,10,30
REM,REM,1998,10,31
REM,REM,1998,11,1
REM,REM,1998,11,2
REM,REM,1998,11,6
REM,REM,1998,11,7
REM,REM,1998,11,8
REM,REM,1998,11,9
REM,REM,1998,11,13
REM,REM,1998,11,14
REM,REM,1998,11,15
REM,REM,1998,11,16
REM,REM,1998,11,20
REM,REM,1998,11,21
REM,REM,1998,11,22
REM,REM,1998,11,23
REM,REM,1998,11,27
REM,REM,1998,11,28
REM,REM,1998,11,29
REM,REM,2000,8,5
REM,REM,2000,8,10
REM,REM,2000,8,11
REM,REM,2000,8,18
REM,REM,2000,8,24
REM,REM,2000,8,25
REM,REM,2000,8,31
REM,REM,2000,9,1
REM,REM,2000,9,8
REM,REM,2000,9,9
REM,REM,2000,9,10
REM,REM,2000,9,14
REM,REM,2000,9,15
REM,REM,2000,9,16
REM,REM,2000,9,21
REM,REM,2000,9,22
REM,REM,2000,9,23
REM,REM,2000,9,28
REM,REM,2000,9,29
REM,REM,2000,10,1
REM,REM,2000,10,5
REM,REM,2000,10,7
REM,REM,2000,10,8
REM,REM,2000,10,9
REM,REM,2000,10,10
REM,REM,2000,10,13
REM,REM,2000,10,14
REM,REM,2000,10,15
REM,REM,2000,10,16
REM,REM,2000,10,17
REM,REM,2000,10,20
REM,REM,2000,10,21
REM,REM,2000,10,22
REM,REM,2000,10,23
REM,REM,2000,10,24
REM,REM,2000,10,27
REM,REM,2000,10,28
REM,REM,2000,10,29
REM,REM,2000,10,30
REM,REM,2000,10,31
REM,REM,2000,11,3
REM,REM,2000,11,4
REM,REM,2000,11,5
REM,REM,2000,11,7
REM,REM,2000,11,10
REM,REM,2000,11,11
REM,REM,2000,11,12
REM,REM,2000,11,13
REM,REM,2000,11,14
REM,REM,2000,11,17
REM,REM,2000,11,18
REM,REM,2000,11,19
REM,REM,2000,11,20
REM,REM,2000,11,21
REM,REM,2000,11,24
REM,REM,2000,11,25
REM,REM,2000,11,26
REM,REM,2001,1,13
REM,REM,2001,1,14
REM,REM,2001,1,15
REM,REM,2001,1,19
REM,REM,2001,1,20
REM,REM,2001,1,21
REM,REM,2001,1,26
REM,REM,2001,2,2
REM,REM,2001,2,3
REM,REM,2001,2,4
REM,REM,2001,2,9
REM,REM,2001,2,10
REM,REM,2001,2,11
REM,REM,2001,2,23
REM,REM,2001,2,25
REM,REM,2001,8,11
REM,REM,2001,8,12
REM,REM,2001,8,17
REM,REM,2001,8,18
REM,REM,2001,8,19
REM,REM,2001,8,24
REM,REM,2001,8,25
REM,REM,2001,8,26
REM,REM,2001,8,31
REM,REM,2001,9,1
REM,REM,2001,9,2
REM,REM,2001,9,3
REM,REM,2001,9,7
REM,REM,2001,9,8
REM,REM,2001,9,9
REM,REM,2001,9,13
REM,REM,2001,9,14
REM,REM,2001,9,15
REM,REM,2001,9,16
REM,REM,2001,9,20
REM,REM,2001,9,22
REM,REM,2001,9,23
REM,REM,2001,9,27
REM,REM,2001,9,28
REM,REM,2001,9,30
REM,REM,2001,10,4
REM,REM,2001,10,5
REM,REM,2001,10,6
REM,REM,2001,10,7
REM,REM,2001,10,8
REM,REM,2001,10,11
REM,REM,2001,10,13
REM,REM,2001,10,14
REM,REM,2001,10,18
REM,REM,2001,10,19
REM,REM,2001,10,20
REM,REM,2001,10,21
REM,REM,2001,10,26
REM,REM,2001,10,27
REM,REM,2001,10,28
REM,REM,2001,11,1
REM,REM,2001,11,3
REM,REM,2001,11,4
REM,REM,2001,11,8
REM,REM,2001,11,9
REM,REM,2001,11,10
REM,REM,2001,11,11
REM,REM,2001,11,12
REM,REM,2001,11,15
REM,REM,2001,11,16
REM,REM,2001,11,18
REM,REM,2001,11,24
REM,REM,2002,8,10
REM,REM,2002,8,11
REM,REM,2002,8,15
REM,REM,2002,8,16
REM,REM,2002,8,17
REM,REM,2002,8,18
REM,REM,2002,8,22
REM,REM,2002,8,23
REM,REM,2002,8,24
REM,REM,2002,8,25
REM,REM,2002,8,29
REM,REM,2002,8,30
REM,REM,2002,8,31
REM,REM,2002,9,1
REM,REM,2002,9,6
REM,REM,2002,9,7
REM,REM,2002,9,8
REM,REM,2002,9,12
REM,REM,2002,9,13
REM,REM,2002,9,14
REM,REM,2002,9,15
REM,REM,2002,9,19
REM,REM,2002,9,20
REM,REM,2002,9,21
REM,REM,2002,9,22
REM,REM,2002,9,26
REM,REM,2002,9,27
REM,REM,2002,9,28
REM,REM,2002,9,29
REM,REM,2002,10,3
REM,REM,2002,10,4
REM,REM,2002,10,5
REM,REM,2002,10,6
REM,REM,2002,10,10
REM,REM,2002,10,11
REM,REM,2002,10,12
REM,REM,2002,10,13
REM,REM,2002,10,14
REM,REM,2002,10,18
REM,REM,2002,10,19
REM,REM,2002,10,20
REM,REM,2002,10,24
REM,REM,2002,10,25
REM,REM,2002,10,26
REM,REM,2002,10,27
REM,REM,2002,10,31
REM,REM,2002,11,1
REM,REM,2002,11,2
REM,REM,2002,11,3
REM,REM,2002,11,7
REM,REM,2002,11,8
REM,REM,2002,11,9
REM,REM,2002,11,10
REM,REM,2002,11,11
REM,REM,2002,11,15
REM,REM,2002,11,16
REM,REM,2002,11,17
REM,REM,2002,11,21
REM,REM,2002,11,22
REM,REM,2002,11,23
REM,REM,2002,11,24
REM,REM,2002,11,29
REM,REM,2002,11,30
REM,REM,2002,12,1
REM,REM,2002,12,6
REM,REM,2002,12,7
REM,REM,2002,12,8
REM,REM,2002,12,13
REM,REM,2002,12,14
REM,REM,2002,12,15
REM,REM,2003,9,25
REM,REM,2003,9,26
REM,REM,2003,9,27
REM,REM,2003,9,28
REM,REM,2003,10,2
REM,REM,2003,10,3
REM,REM,2003,10,4
REM,REM,2003,10,5
REM,REM,2003,10,9
REM,REM,2003,10,10
REM,REM,2003,10,11
REM,REM,2003,10,12
REM,REM,2003,10,16
REM,REM,2003,10,17
REM,REM,2003,10,18
REM,REM,2003,10,19
REM,REM,2003,10,23
REM,REM,2003,10,24
REM,REM,2003,10,25
REM,REM,2003,10,26
REM,REM,2003,10,30
REM,REM,2003,10,31
REM,REM,2003,11,1
REM,REM,2003,11,2
REM,REM,2003,11,6
REM,REM,2003,11,7
REM,REM,2003,11,8
REM,REM,2003,11,9
REM,REM,2003,11,13
REM,REM,2003,11,14
REM,REM,2003,11,15
REM,REM,2003,11,16
REM,REM,2003,11,20
REM,REM,2003,11,21
REM,REM,2003,11,22
REM,REM,2003,11,23
REM,REM,2003,11,28
REM,REM,2003,11,29
REM,REM,2003,11,30
REM,REM,2004,8,6
REM,REM,2004,8,7
REM,REM,2004,8,8
REM,REM,2004,8,9
REM,REM,2004,8,13
REM,REM,2004,8,14
REM,REM,2004,8,15
REM,REM,2004,8,16
REM,REM,2004,8,20
REM,REM,2004,8,21
REM,REM,2004,8,22
REM,REM,2004,8,23
REM,REM,2004,8,27
REM,REM,2004,8,28
REM,REM,2004,8,29
REM,REM,2004,8,30
REM,REM,2004,9,3
REM,REM,2004,9,4
REM,REM,2004,9,5
REM,REM,2004,9,6
REM,REM,2004,9,10
REM,REM,2004,9,11
REM,REM,2004,9,12
REM,REM,2004,9,13
REM,REM,2004,9,17
REM,REM,2004,9,18
REM,REM,2004,9,19
REM,REM,2004,9,20
REM,REM,2004,9,24
REM,REM,2004,9,25
REM,REM,2004,9,26
REM,REM,2004,9,27
REM,REM,2004,10,1
REM,REM,2004,10,3
REM,REM,2004,10,4
REM,REM,2004,10,8
REM,REM,2004,10,10
REM,REM,2004,10,11
REM,REM,2004,10,15
REM,REM,2004,10,17
REM,REM,2004,10,18
REM,REM,2004,10,22
REM,REM,2004,10,24
REM,REM,2004,10,25
REM,REM,2004,10,29
REM,REM,2004,10,30
REM,REM,2004,10,31
REM,REM,2004,11,1
REM,REM,2004,11,5
REM,REM,2004,11,6
REM,REM,2004,11,7
REM,REM,2004,11,8
REM,REM,2004,11,12
REM,REM,2004,11,13
REM,REM,2004,11,14
REM,REM,2004,11,15
REM,REM,2004,11,19
REM,REM,2004,11,20
REM,REM,2004,11,21
REM,REM,2004,11,26
REM,REM,2004,11,27
REM,REM,2004,11,28
REM,REM,2004,12,3
REM,REM,2004,12,4
REM,REM,2004,12,5
REM,REM,2005,8,5
REM,REM,2005,8,6
REM,REM,2005,8,8
REM,REM,2005,8,9
REM,REM,2005,8,12
REM,REM,2005,8,13
REM,REM,2005,8,15
REM,REM,2005,8,16
REM,REM,2005,8,19
REM,REM,2005,8,20
REM,REM,2005,8,22
REM,REM,2005,8,23
REM,REM,2005,8,26
REM,REM,2005,8,27
REM,REM,2005,8,29
REM,REM,2005,8,30
REM,REM,2005,9,2
REM,REM,2005,9,3
REM,REM,2005,9,5
REM,REM,2005,9,6
REM,REM,2005,9,9
REM,REM,2005,9,10
REM,REM,2005,9,12
REM,REM,2005,9,13
REM,REM,2005,9,16
REM,REM,2005,9,17
REM,REM,2005,9,19
REM,REM,2005,9,20
REM,REM,2005,9,23
REM,REM,2005,9,24
REM,REM,2005,9,26
REM,REM,2005,9,27
REM,REM,2005,9,30
REM,REM,2005,10,1
REM,REM,2005,10,3
REM,REM,2005,10,4
REM,REM,2005,10,7
REM,REM,2005,10,8
REM,REM,2005,10,10
REM,REM,2005,10,11
REM,REM,2005,10,14
REM,REM,2005,10,15
REM,REM,2005,10,17
REM,REM,2005,10,18
REM,REM,2005,10,21
REM,REM,2005,10,22
REM,REM,2005,10,24
REM,REM,2005,10,25
REM,REM,2005,10,28
REM,REM,2005,10,29
REM,REM,2005,10,31
REM,REM,2005,11,1
REM,REM,2005,11,4
REM,REM,2005,11,5
REM,REM,2005,11,7
REM,REM,2005,11,8
REM,REM,2005,11,11
REM,REM,2005,11,12
REM,REM,2005,11,14
REM,REM,2005,11,15
REM,REM,2005,11,18
REM,REM,2005,11,19
REM,REM,2005,11,21
REM,REM,2005,11,25
REM,REM,2005,11,26
REM,REM,2005,11,28
REM,REM,2006,8,4
REM,REM,2006,8,5
REM,REM,2006,8,7
REM,REM,2006,8,8
REM,REM,2006,8,11
REM,REM,2006,8,12
REM,REM,2006,8,14
REM,REM,2006,8,15
REM,REM,2006,8,18
REM,REM,2006,8,19
REM,REM,2006,8,21
REM,REM,2006,8,22
REM,REM,2006,8,25
REM,REM,2006,8,26
REM,REM,2006,8,28
REM,REM,2006,8,29
REM,REM,2006,9,1
REM,REM,2006,9,2
REM,REM,2006,9,4
REM,REM,2006,9,5
REM,REM,2006,9,8
REM,REM,2006,9,9
REM,REM,2006,9,11
REM,REM,2006,9,12
REM,REM,2006,9,15
REM,REM,2006,9,16
REM,REM,2006,9,18
REM,REM,2006,9,19
REM,REM,2006,9,22
REM,REM,2006,9,23
REM,REM,2006,9,25
REM,REM,2006,9,26
REM,REM,2006,9,29
REM,REM,2006,9,30
REM,REM,2006,10,2
REM,REM,2006,10,3
REM,REM,2006,10,6
REM,REM,2006,10,7
REM,REM,2006,10,9
REM,REM,2006,10,10
REM,REM,2006,10,13
REM,REM,2006,10,14
REM,REM,2006,10,16
REM,REM,2006,10,17
REM,REM,2006,10,20
REM,REM,2006,10,21
REM,REM,2006,10,23
REM,REM,2006,10,24
REM,REM,2006,10,27
REM,REM,2006,10,28
REM,REM,2006,10,30
REM,REM,2006,10,31
REM,REM,2006,11,3
REM,REM,2006,11,4
REM,REM,2006,11,6
REM,REM,2006,11,7
REM,REM,2006,11,10
REM,REM,2006,11,11
REM,REM,2006,11,13
REM,REM,2006,11,14
REM,REM,2006,11,17
REM,REM,2006,11,18
REM,REM,2006,11,20
REM,REM,2006,11,21
REM,REM,2006,11,24
REM,REM,2006,11,25
REM,REM,2006,11,27
REM,REM,2006,11,28
REM,REM,2007,8,2
REM,REM,2007,8,3
REM,REM,2007,8,4
REM,REM,2007,8,5
REM,REM,2007,8,9
REM,REM,2007,8,10
REM,REM,2007,8,11
REM,REM,2007,8,12
REM,REM,2007,8,16
REM,REM,2007,8,17
REM,REM,2007,8,18
REM,REM,2007,8,19
REM,REM,2007,8,23
REM,REM,2007,8,24
REM,REM,2007,8,25
REM,REM,2007,8,26
REM,REM,2007,8,30
REM,REM,2007,8,31
REM,REM,2007,9,1
REM,REM,2007,9,2
REM,REM,2007,9,3
REM,REM,2007,9,7
REM,REM,2007,9,8
REM,REM,2007,9,9
REM,REM,2007,9,13
REM,REM,2007,9,14
REM,REM,2007,9,15
REM,REM,2007,9,16
REM,REM,2007,9,20
REM,REM,2007,9,21
REM,REM,2007,9,22
REM,REM,2007,9,23
REM,REM,2007,9,27
REM,REM,2007,9,28
REM,REM,2007,9,29
REM,REM,2007,9,30
REM,REM,2007,10,4
REM,REM,2007,10,5
REM,REM,2007,10,6
REM,REM,2007,10,7
REM,REM,2007,10,11
REM,REM,2007,10,12
REM,REM,2007,10,13
REM,REM,2007,10,14
REM,REM,2007,10,18
REM,REM,2007,10,19
REM,REM,2007,10,20
REM,REM,2007,10,21
REM,REM,2007,10,25
REM,REM,2007,10,26
REM,REM,2007,10,27
REM,REM,2007,10,28
REM,REM,2007,11,1
REM,REM,2007,11,2
REM,REM,2007,11,3
REM,REM,2007,11,4
REM,REM,2007,11,8
REM,REM,2007,11,9
REM,REM,2007,11,10
REM,REM,2007,11,11
REM,REM,2007,11,15
REM,REM,2007,11,16
REM,REM,2007,11,17
REM,REM,2007,11,18
REM,REM,2007,11,23
REM,REM,2007,11,24
REM,REM,2007,11,25
REM,REM,2007,11,30
REM,REM,2007,12,1
REM,REM,2008,8,21
REM,REM,2008,8,22
REM,REM,2008,8,23
REM,REM,2008,8,24
REM,REM,2008,8,28
REM,REM,2008,8,29
REM,REM,2008,8,30
REM,REM,2008,8,31
REM,REM,2008,9,1
REM,REM,2008,9,5
REM,REM,2008,9,6
REM,REM,2008,9,7
REM,REM,2008,9,11
REM,REM,2008,9,12
REM,REM,2008,9,13
REM,REM,2008,9,14
REM,REM,2008,9,18
REM,REM,2008,9,19
REM,REM,2008,9,20
REM,REM,2008,9,21
REM,REM,2008,9,25
REM,REM,2008,9,26
REM,REM,2008,9,27
REM,REM,2008,9,28
REM,REM,2008,10,2
REM,REM,2008,10,3
REM,REM,2008,10,4
REM,REM,2008,10,5
REM,REM,2008,10,9
REM,REM,2008,10,10
REM,REM,2008,10,11
REM,REM,2008,10,12
REM,REM,2008,10,16
REM,REM,2008,10,17
REM,REM,2008,10,18
REM,REM,2008,10,19
REM,REM,2008,10,23
REM,REM,2008,10,24
REM,REM,2008,10,25
REM,REM,2008,10,26
REM,REM,2008,10,30
REM,REM,2008,10,31
REM,REM,2008,11,1
REM,REM,2008,11,2
REM,REM,2008,11,6
REM,REM,2008,11,7
REM,REM,2008,11,8
REM,REM,2008,11,9
REM,REM,2008,11,13
REM,REM,2008,11,14
REM,REM,2008,11,15
REM,REM,2008,11,16
REM,REM,2008,11,20
REM,REM,2008,11,21
REM,REM,2008,11,22
REM,REM,2008,11,23
REM,REM,2008,11,28
REM,REM,2008,11,29
REM,REM,2008,11,30
REM,REM,2008,12,4
REM,REM,2008,12,5
REM,REM,2008,12,6
REM,REM,2008,12,7
REM,REM,2008,12,11
REM,REM,2008,12,12
REM,REM,2008,12,13
REM,REM,2008,12,14
REM,REM,2009,8,21
REM,REM,2009,8,22
REM,REM,2009,8,23
REM,REM,2009,8,28
REM,REM,2009,8,29
REM,REM,2009,8,30
REM,REM,2009,8,31
REM,REM,2009,9,4
REM,REM,2009,9,5
REM,REM,2009,9,6
REM,REM,2009,9,7
REM,REM,2009,9,11
REM,REM,2009,9,12
REM,REM,2009,9,13
REM,REM,2009,9,14
REM,REM,2009,9,18
REM,REM,2009,9,19
REM,REM,2009,9,20
REM,REM,2009,9,21
REM,REM,2009,9,25
REM,REM,2009,9,26
REM,REM,2009,9,27
REM,REM,2009,9,28
REM,REM,2009,10,2
REM,REM,2009,10,3
REM,REM,2009,10,4
REM,REM,2009,10,9
REM,REM,2009,10,10
REM,REM,2009,10,11
REM,REM,2009,10,12
REM,REM,2009,10,16
REM,REM,2009,10,17
REM,REM,2009,10,18
REM,REM,2009,10,19
REM,REM,2009,10,23
REM,REM,2009,10,24
REM,REM,2009,10,25
REM,REM,2009,10,26
REM,REM,2009,10,30
REM,REM,2009,10,31
REM,REM,2009,11,1
REM,REM,2009,11,2
REM,REM,2009,11,6
REM,REM,2009,11,7
REM,REM,2009,11,8
REM,REM,2009,11,9
REM,REM,2009,11,13
REM,REM,2009,11,14
REM,REM,2009,11,15
REM,REM,2009,11,16
REM,REM,2009,11,20
REM,REM,2009,11,21
REM,REM,2009,11,22
REM,REM,2009,11,23
REM,REM,2009,11,27
REM,REM,2009,11,28
REM,REM,2009,11,29
REM,REM,2009,11,30
REM,REM,2009,12,4
REM,REM,2009,12,5
REM,REM,2009,12,6
REM,REM,2009,12,7
REM,REM,2009,12,11
REM,REM,2009,12,12
REM,REM,2009,12,13
REM,REM,2009,12,14
REM,REM,2010,8,19
REM,REM,2010,8,20
REM,REM,2010,8,21
REM,REM,2010,8,25
REM,REM,2010,8,26
REM,REM,2010,8,27
REM,REM,2010,8,28
REM,REM,2010,9,1
REM,REM,2010,9,2
REM,REM,2010,9,3
REM,REM,2010,9,4
REM,REM,2010,9,6
REM,REM,2010,9,8
REM,REM,2010,9,9
REM,REM,2010,9,10
REM,REM,2010,9,11
REM,REM,2010,9,15
REM,REM,2010,9,16
REM,REM,2010,9,17
REM,REM,2010,9,18
REM,REM,2010,9,22
REM,REM,2010,9,23
REM,REM,2010,9,24
REM,REM,2010,9,25
REM,REM,2010,9,29
REM,REM,2010,9,30
REM,REM,2010,10,1
REM,REM,2010,10,2
REM,REM,2010,10,6
REM,REM,2010,10,7
REM,REM,2010,10,8
REM,REM,2010,10,9
REM,REM,2010,10,10
REM,REM,2010,10,13
REM,REM,2010,10,14
REM,REM,2010,10,15
REM,REM,2010,10,16
REM,REM,2010,10,20
REM,REM,2010,10,21
REM,REM,2010,10,22
REM,REM,2010,10,23
REM,REM,2010,10,27
REM,REM,2010,10,28
REM,REM,2010,10,29
REM,REM,2010,10,30
REM,REM,2010,11,3
REM,REM,2010,11,4
REM,REM,2010,11,5
REM,REM,2010,11,6
REM,REM,2010,11,10
REM,REM,2010,11,11
REM,REM,2010,11,12
REM,REM,2010,11,13
REM,REM,2010,11,17
REM,REM,2010,11,18
REM,REM,2010,11,19
REM,REM,2010,11,20
REM,REM,2010,11,26
REM,REM,2010,11,27
REM,REM,2010,12,1
REM,REM,2010,12,2
REM,REM,2010,12,3
REM,REM,2010,12,4
REM,REM,2010,12,8
REM,REM,2010,12,9
REM,REM,2010,12,10
REM,REM,2010,12,11
REM,REM,2011,3,4
REM,REM,2011,3,5
REM,REM,2011,3,6
REM,REM,2011,3,11
REM,REM,2011,3,12
REM,REM,2011,3,13
REM,REM,2011,3,17
REM,REM,2011,3,18
REM,REM,2011,3,19
REM,REM,2011,3,20
REM,REM,2011,3,24
REM,REM,2011,3,25
REM,REM,2011,3,26
REM,REM,2011,3,27
REM,REM,2011,3,31
REM,REM,2011,4,1
REM,REM,2011,4,2
REM,REM,2011,4,3
REM,REM,2011,4,7
REM,REM,2011,4,8
REM,REM,2011,4,9
REM,REM,2011,4,10
REM,REM,2011,4,14
REM,REM,2011,4,15
REM,REM,2011,4,16
REM,REM,2011,4,17
REM,REM,2011,4,21
REM,REM,2011,4,22
REM,REM,2011,4,23
REM,REM,2011,4,24
REM,REM,2011,4,28
REM,REM,2011,4,29
REM,REM,2011,4,30
REM,REM,2011,5,1
REM,REM,2011,5,5
REM,REM,2011,5,6
REM,REM,2011,5,7
REM,REM,2011,5,8
REM,REM,2011,5,12
REM,REM,2011,5,13
REM,REM,2011,5,14
REM,REM,2011,5,15
REM,REM,2011,5,19
REM,REM,2011,5,20
REM,REM,2011,5,21
REM,REM,2011,5,22
REM,REM,2011,5,27
REM,REM,2011,5,28
REM,REM,2011,5,29
REM,REM,2011,5,30
REM,REM,2011,8,18
REM,REM,2011,8,19
REM,REM,2011,8,20
REM,REM,2011,8,24
REM,REM,2011,8,25
REM,REM,2011,8,26
REM,REM,2011,8,27
REM,REM,2011,8,31
REM,REM,2011,9,1
REM,REM,2011,9,2
REM,REM,2011,9,3
REM,REM,2011,9,5
REM,REM,2011,9,7
REM,REM,2011,9,8
REM,REM,2011,9,9
REM,REM,2011,9,10
REM,REM,2011,9,14
REM,REM,2011,9,15
REM,REM,2011,9,16
REM,REM,2011,9,17
REM,REM,2011,9,21
REM,REM,2011,9,22
REM,REM,2011,9,23
REM,REM,2011,9,24
REM,REM,2011,9,28
REM,REM,2011,9,29
REM,REM,2011,9,30
REM,REM,2011,10,1
REM,REM,2011,10,5
REM,REM,2011,10,6
REM,REM,2011,10,7
REM,REM,2011,10,8
REM,REM,2011,10,12
REM,REM,2011,10,13
REM,REM,2011,10,14
REM,REM,2011,10,15
REM,REM,2011,10,16
REM,REM,2011,10,19
REM,REM,2011,10,20
REM,REM,2011,10,21
REM,REM,2011,10,22
REM,REM,2011,10,26
REM,REM,2011,10,27
REM,REM,2011,10,28
REM,REM,2011,10,29
REM,REM,2011,11,2
REM,REM,2011,11,3
REM,REM,2011,11,4
REM,REM,2011,11,5
REM,REM,2011,11,9
REM,REM,2011,11,10
REM,REM,2011,11,11
REM,REM,2011,11,12
REM,REM,2011,11,16
REM,REM,2011,11,17
REM,REM,2011,11,18
REM,REM,2011,11,19
REM,REM,2011,11,25
REM,REM,2011,11,26
REM,REM,2011,11,30
REM,REM,2011,12,1
REM,REM,2011,12,2
REM,REM,2011,12,3
REM,REM,2011,12,7
REM,REM,2011,12,8
REM,REM,2011,12,9
REM,REM,2011,12,10
REM,REM,2012,3,2
REM,REM,2012,3,3
REM,REM,2012,3,4
REM,REM,2012,3,9
REM,REM,2012,3,10
REM,REM,2012,3,11
REM,REM,2012,3,15
REM,REM,2012,3,16
REM,REM,2012,3,17
REM,REM,2012,3,18
REM,REM,2012,3,22
REM,REM,2012,3,23
REM,REM,2012,3,24
REM,REM,2012,3,25
REM,REM,2012,3,29
REM,REM,2012,3,30
REM,REM,2012,3,31
REM,REM,2012,4,1
REM,REM,2012,4,5
REM,REM,2012,4,6
REM,REM,2012,4,7
REM,REM,2012,4,8
REM,REM,2012,4,12
REM,REM,2012,4,13
REM,REM,2012,4,14
REM,REM,2012,4,15
REM,REM,2012,4,19
REM,REM,2012,4,20
REM,REM,2012,4,21
REM,REM,2012,4,22
REM,REM,2012,4,26
REM,REM,2012,4,27
REM,REM,2012,4,28
REM,REM,2012,4,29
REM,REM,2012,5,3
REM,REM,2012,5,4
REM,REM,2012,5,5
REM,REM,2012,5,6
REM,REM,2012,5,10
REM,REM,2012,5,11
REM,REM,2012,5,12
REM,REM,2012,5,13
REM,REM,2012,5,17
REM,REM,2012,5,18
REM,REM,2012,5,19
REM,REM,2012,5,20
REM,REM,2012,5,25
REM,REM,2012,5,26
REM,REM,2012,5,27
REM,REM,2012,5,28
REM,REM,2012,8,10
REM,REM,2012,8,11
REM,REM,2012,8,17
REM,REM,2012,8,18
REM,REM,2012,8,22
REM,REM,2012,8,23
REM,REM,2012,8,24
REM,REM,2012,8,25
REM,REM,2012,8,29
REM,REM,2012,8,30
REM,REM,2012,8,31
REM,REM,2012,9,1
REM,REM,2012,9,3
REM,REM,2012,9,6
REM,REM,2012,9,7
REM,REM,2012,9,8
REM,REM,2012,9,12
REM,REM,2012,9,13
REM,REM,2012,9,14
REM,REM,2012,9,15
REM,REM,2012,9,19
REM,REM,2012,9,20
REM,REM,2012,9,21
REM,REM,2012,9,22
REM,REM,2012,9,27
REM,REM,2012,9,28
REM,REM,2012,9,29
REM,REM,2012,9,30
REM,REM,2012,10,3
REM,REM,2012,10,4
REM,REM,2012,10,5
REM,REM,2012,10,6
REM,REM,2012,10,10
REM,REM,2012,10,11
REM,REM,2012,10,12
REM,REM,2012,10,13
REM,REM,2012,10,17
REM,REM,2012,10,18
REM,REM,2012,10,19
REM,REM,2012,10,20
REM,REM,2012,10,24
REM,REM,2012,10,25
REM,REM,2012,10,26
REM,REM,2012,10,27
REM,REM,2012,10,31
REM,REM,2012,11,1
REM,REM,2012,11,2
REM,REM,2012,11,3
REM,REM,2012,11,7
REM,REM,2012,11,8
REM,REM,2012,11,9
REM,REM,2012,11,10
REM,REM,2012,11,14
REM,REM,2012,11,15
REM,REM,2012,11,16
REM,REM,2012,11,17
REM,REM,2012,11,23
REM,REM,2012,11,24
REM,REM,2012,11,28
REM,REM,2012,11,29
REM,REM,2012,11,30
REM,REM,2012,12,1
REM,REM,2012,12,5
REM,REM,2012,12,6
REM,REM,2012,12,7
REM,REM,2012,12,8
REM,REM,2012,12,9
REM,REM,2013,3,8
REM,REM,2013,3,9
REM,REM,2013,3,10
REM,REM,2013,3,14
REM,REM,2013,3,15
REM,REM,2013,3,16
REM,REM,2013,3,17
REM,REM,2013,3,21
REM,REM,2013,3,22
REM,REM,2013,3,23
REM,REM,2013,3,24
REM,REM,2013,3,28
REM,REM,2013,3,29
REM,REM,2013,3,30
REM,REM,2013,3,31
REM,REM,2013,4,4
REM,REM,2013,4,5
REM,REM,2013,4,6
REM,REM,2013,4,7
REM,REM,2013,4,11
REM,REM,2013,4,12
REM,REM,2013,4,13
REM,REM,2013,4,14
REM,REM,2013,4,18
REM,REM,2013,4,19
REM,REM,2013,4,20
REM,REM,2013,4,21
REM,REM,2013,4,25
REM,REM,2013,4,26
REM,REM,2013,4,27
REM,REM,2013,4,28
REM,REM,2013,5,2
REM,REM,2013,5,3
REM,REM,2013,5,4
REM,REM,2013,5,5
REM,REM,2013,5,9
REM,REM,2013,5,10
REM,REM,2013,5,11
REM,REM,2013,5,12
REM,REM,2013,5,16
REM,REM,2013,5,17
REM,REM,2013,5,18
REM,REM,2013,5,19
REM,REM,2013,5,24
REM,REM,2013,5,25
REM,REM,2013,5,26
REM,REM,2013,5,27
REM,REM,2013,5,31
REM,REM,2013,6,1
REM,REM,2013,6,2
REM,REM,2013,8,16
REM,REM,2013,8,17
REM,REM,2013,8,21
REM,REM,2013,8,22
REM,REM,2013,8,23
REM,REM,2013,8,24
REM,REM,2013,8,28
REM,REM,2013,8,29
REM,REM,2013,8,30
REM,REM,2013,8,31
REM,REM,2013,9,2
REM,REM,2013,9,5
REM,REM,2013,9,6
REM,REM,2013,9,7
REM,REM,2013,9,11
REM,REM,2013,9,12
REM,REM,2013,9,13
REM,REM,2013,9,14
REM,REM,2013,9,18
REM,REM,2013,9,19
REM,REM,2013,9,20
REM,REM,2013,9,21
REM,REM,2013,9,26
REM,REM,2013,9,27
REM,REM,2013,9,28
REM,REM,2013,9,29
REM,REM,2013,10,2
REM,REM,2013,10,3
REM,REM,2013,10,4
REM,REM,2013,10,5
REM,REM,2013,10,9
REM,REM,2013,10,10
REM,REM,2013,10,11
REM,REM,2013,10,12
REM,REM,2013,10,16
REM,REM,2013,10,17
REM,REM,2013,10,18
REM,REM,2013,10,19
REM,REM,2013,10,23
REM,REM,2013,10,24
REM,REM,2013,10,25
REM,REM,2013,10,26
REM,REM,2013,10,30
REM,REM,2013,10,31
REM,REM,2013,11,1
REM,REM,2013,11,2
REM,REM,2013,11,6
REM,REM,2013,11,7
REM,REM,2013,11,8
REM,REM,2013,11,9
REM,REM,2013,11,13
REM,REM,2013,11,14
REM,REM,2013,11,15
REM,REM,2013,11,16
REM,REM,2013,11,20
REM,REM,2013,11,21
REM,REM,2013,11,22
REM,REM,2013,11,23
REM,REM,2013,11,29
REM,REM,2013,11,30
REM,REM,2013,12,4
REM,REM,2013,12,5
REM,REM,2013,12,13
REM,REM,2013,12,14
REM,REM,2013,12,15
REM,REM,2013,12,16
REM,REM,2013,12,17
PAR,PAR,1998,10,3
PAR,PAR,1998,10,4
PAR,PAR,1998,10,5
PAR,PAR,1998,10,6
PAR,PAR,1998,10,9
PAR,PAR,1998,10,10
PAR,PAR,1998,10,11
PAR,PAR,1998,10,12
PAR,PAR,1998,10,13
PAR,PAR,1998,10,16
PAR,PAR,1998,10,17
PAR,PAR,1998,10,18
PAR,PAR,1998,10,19
PAR,PAR,1998,10,20
PAR,PAR,1998,10,23
PAR,PAR,1998,10,24
PAR,PAR,1998,10,25
PAR,PAR,1998,10,26
PAR,PAR,1998,10,27
PAR,PAR,1998,10,30
PAR,PAR,1998,10,31
PAR,PAR,1998,11,1
PAR,PAR,1998,11,2
PAR,PAR,1998,11,3
PAR,PAR,1998,11,6
PAR,PAR,1998,11,7
PAR,PAR,1998,11,8
PAR,PAR,1998,11,9
PAR,PAR,1998,11,10
PAR,PAR,1998,11,11
PAR,PAR,1998,11,13
PAR,PAR,1998,11,14
PAR,PAR,1998,11,15
PAR,PAR,1998,11,16
PAR,PAR,1998,11,17
PAR,PAR,1998,11,20
PAR,PAR,1998,11,21
PAR,PAR,1998,11,22
PAR,PAR,1998,11,23
PAR,PAR,1998,11,24
PAR,PAR,1998,11,27
PAR,PAR,1998,11,28
PAR,PAR,1998,11,29
PAR,PAR,1998,11,30
PAR,PAR,1998,12,1
PAR,PAR,1998,12,4
PAR,PAR,1998,12,5
PAR,PAR,1998,12,6
PAR,PAR,1998,12,7
PAR,PAR,1998,12,8
PAR,PAR,1998,12,11
PAR,PAR,1998,12,12
PAR,PAR,1998,12,13
PAR,PAR,1998,12,14
PAR,PAR,1998,12,15
PAR,PAR,1998,12,18
PAR,PAR,1998,12,19
PAR,PAR,1998,12,20
PAR,PAR,1998,12,21
PAR,PAR,1998,12,27
PAR,PAR,1998,12,28
PAR,PAR,1998,12,29
PAR,PAR,1999,4,12
PAR,PAR,1999,4,13
PAR,PAR,1999,4,16
PAR,PAR,1999,4,17
PAR,PAR,1999,4,18
PAR,PAR,1999,4,19
PAR,PAR,1999,4,21
PAR,PAR,1999,4,22
PAR,PAR,1999,4,23
PAR,PAR,1999,4,24
PAR,PAR,1999,4,25
PAR,PAR,1999,4,30
PAR,PAR,1999,5,1
PAR,PAR,1999,5,2
PAR,PAR,1999,10,2
PAR,PAR,1999,10,3
PAR,PAR,1999,10,4
PAR,PAR,1999,10,8
PAR,PAR,1999,10,9
PAR,PAR,1999,10,10
PAR,PAR,1999,10,11
PAR,PAR,1999,10,12
PAR,PAR,1999,10,15
PAR,PAR,1999,10,16
PAR,PAR,1999,10,18
PAR,PAR,1999,10,19
PAR,PAR,1999,10,22
PAR,PAR,1999,10,23
PAR,PAR,1999,10,24
PAR,PAR,1999,10,25
PAR,PAR,1999,10,26
PAR,PAR,1999,10,29
PAR,PAR,1999,10,30
PAR,PAR,1999,10,31
PAR,PAR,1999,11,1
PAR,PAR,1999,11,2
PAR,PAR,1999,11,3
PAR,PAR,1999,11,5
PAR,PAR,1999,11,6
PAR,PAR,1999,11,7
PAR,PAR,1999,11,8
PAR,PAR,1999,11,11
PAR,PAR,1999,11,12
PAR,PAR,1999,11,13
PAR,PAR,1999,11,14
PAR,PAR,1999,11,15
PAR,PAR,1999,11,16
PAR,PAR,1999,11,19
PAR,PAR,1999,11,23
PAR,PAR,1999,11,26
PAR,PAR,1999,11,27
PAR,PAR,1999,11,28
PAR,PAR,1999,11,29
PAR,PAR,1999,11,30
PAR,PAR,1999,12,4
PAR,PAR,1999,12,5
PAR,PAR,1999,12,7
PAR,PAR,1999,12,10
PAR,PAR,1999,12,12
PAR,PAR,1999,12,13
PAR,PAR,1999,12,14
PAR,PAR,1999,12,19
PAR,PAR,1999,12,22
PAR,PAR,1999,12,26
PAR,PAR,1999,12,27
PAR,PAR,1999,12,28
PAR,PAR,2000,4,10
PAR,PAR,2000,4,11
PAR,PAR,2000,4,14
PAR,PAR,2000,4,15
PAR,PAR,2000,4,16
PAR,PAR,2000,4,17
PAR,PAR,2000,4,18
PAR,PAR,2000,4,19
PAR,PAR,2000,4,21
PAR,PAR,2000,4,22
PAR,PAR,2000,4,25
PAR,PAR,2000,4,26
PAR,PAR,2000,4,27
PAR,PAR,2000,4,28
PAR,PAR,2000,4,29
PAR,PAR,2000,4,30
PAR,PAR,2000,5,1
PAR,PAR,2000,5,2
PAR,PAR,2000,5,5
PAR,PAR,2000,5,6
PAR,PAR,2000,5,7
PAR,PAR,2000,10,2
PAR,PAR,2000,10,3
PAR,PAR,2000,10,7
PAR,PAR,2000,10,8
PAR,PAR,2000,10,9
PAR,PAR,2000,10,10
PAR,PAR,2000,10,13
PAR,PAR,2000,10,14
PAR,PAR,2000,10,15
PAR,PAR,2000,10,16
PAR,PAR,2000,10,17
PAR,PAR,2000,10,20
PAR,PAR,2000,10,21
PAR,PAR,2000,10,22
PAR,PAR,2000,10,23
PAR,PAR,2000,10,24
PAR,PAR,2000,10,27
PAR,PAR,2000,10,28
PAR,PAR,2000,10,30
PAR,PAR,2000,10,31
PAR,PAR,2000,11,3
PAR,PAR,2000,11,4
PAR,PAR,2000,11,5
PAR,PAR,2000,11,6
PAR,PAR,2000,11,7
PAR,PAR,2000,11,10
PAR,PAR,2000,11,11
PAR,PAR,2000,11,12
PAR,PAR,2000,11,13
PAR,PAR,2000,11,14
PAR,PAR,2000,11,17
PAR,PAR,2000,11,18
PAR,PAR,2000,11,19
PAR,PAR,2000,11,20
PAR,PAR,2000,11,21
PAR,PAR,2000,11,24
PAR,PAR,2000,11,25
PAR,PAR,2000,11,26
PAR,PAR,2000,12,1
PAR,PAR,2000,12,2
PAR,PAR,2000,12,3
PAR,PAR,2000,12,4
PAR,PAR,2000,12,5
PAR,PAR,2000,12,8
PAR,PAR,2000,12,9
PAR,PAR,2000,12,10
PAR,PAR,2000,12,11
PAR,PAR,2000,12,12
PAR,PAR,2000,12,15
PAR,PAR,2000,12,16
PAR,PAR,2000,12,22
PAR,PAR,2000,12,23
PAR,PAR,2000,12,26
PAR,PAR,2000,12,27
PAR,PAR,2000,12,29
PAR,PAR,2000,12,30
PAR,PAR,2000,12,31
PAR,PAR,2001,1,1
PAR,PAR,2001,1,2
PAR,PAR,2001,1,5
PAR,PAR,2001,1,6
PAR,PAR,2001,1,7
PAR,PAR,2001,1,8
PAR,PAR,2001,1,12
PAR,PAR,2001,1,13
PAR,PAR,2001,1,14
PAR,PAR,2001,1,15
PAR,PAR,2001,1,16
PAR,PAR,2001,1,17
PAR,PAR,2001,1,19
PAR,PAR,2001,1,20
PAR,PAR,2001,1,21
PAR,PAR,2001,1,23
PAR,PAR,2001,1,26
PAR,PAR,2001,2,2
PAR,PAR,2001,2,3
PAR,PAR,2001,2,4
PAR,PAR,2001,2,5
PAR,PAR,2001,2,6
PAR,PAR,2001,2,9
PAR,PAR,2001,2,10
PAR,PAR,2001,2,11
PAR,PAR,2001,2,12
PAR,PAR,2001,2,20
PAR,PAR,2001,2,23
PAR,PAR,2001,2,24
PAR,PAR,2001,2,25
PAR,PAR,2001,2,26
PAR,PAR,2001,2,27
PAR,PAR,2001,3,2
PAR,PAR,2001,3,3
PAR,PAR,2001,3,4
PAR,PAR,2001,3,5
PAR,PAR,2001,3,6
PAR,PAR,2001,3,9
PAR,PAR,2001,3,10
PAR,PAR,2001,3,11
PAR,PAR,2001,3,12
PAR,PAR,2001,3,13
PAR,PAR,2001,3,16
PAR,PAR,2001,3,17
PAR,PAR,2001,3,18
PAR,PAR,2001,3,19
PAR,PAR,2001,3,20
PAR,PAR,2001,3,23
PAR,PAR,2001,3,24
PAR,PAR,2001,3,25
PAR,PAR,2001,3,26
PAR,PAR,2001,3,27
PAR,PAR,2001,4,2
PAR,PAR,2001,4,3
PAR,PAR,2001,4,6
PAR,PAR,2001,4,7
PAR,PAR,2001,4,8
PAR,PAR,2001,4,9
PAR,PAR,2001,4,10
PAR,PAR,2001,4,13
PAR,PAR,2001,4,14
PAR,PAR,2001,4,16
PAR,PAR,2001,4,17
PAR,PAR,2001,4,18
PAR,PAR,2001,4,19
PAR,PAR,2001,4,20
PAR,PAR,2001,4,21
PAR,PAR,2001,4,22
PAR,PAR,2001,4,29
PAR,PAR,2001,4,30
PAR,PAR,2001,5,1
PAR,PAR,2001,5,5
PAR,PAR,2001,5,6
PAR,PAR,2001,5,8
PAR,PAR,2001,5,11
PAR,PAR,2001,5,12
PAR,PAR,2001,5,14
PAR,PAR,2001,5,15
PAR,PAR,2001,5,18
PAR,PAR,2001,5,19
PAR,PAR,2001,5,22
PAR,PAR,2001,9,28
PAR,PAR,2001,9,29
PAR,PAR,2001,9,30
PAR,PAR,2001,10,1
PAR,PAR,2001,10,2
PAR,PAR,2001,10,5
PAR,PAR,2001,10,6
PAR,PAR,2001,10,7
PAR,PAR,2001,10,8
PAR,PAR,2001,10,9
PAR,PAR,2001,10,12
PAR,PAR,2001,10,13
PAR,PAR,2001,10,14
PAR,PAR,2001,10,15
PAR,PAR,2001,10,16
PAR,PAR,2001,10,19
PAR,PAR,2001,10,21
PAR,PAR,2001,10,22
PAR,PAR,2001,10,27
PAR,PAR,2001,10,28
PAR,PAR,2001,10,29
PAR,PAR,2001,10,30
PAR,PAR,2001,11,3
PAR,PAR,2001,11,4
PAR,PAR,2001,11,5
PAR,PAR,2001,11,6
PAR,PAR,2001,11,9
PAR,PAR,2001,11,10
PAR,PAR,2001,11,11
PAR,PAR,2001,11,12
PAR,PAR,2001,11,13
PAR,PAR,2001,11,16
PAR,PAR,2001,11,17
PAR,PAR,2001,11,19
PAR,PAR,2001,11,20
PAR,PAR,2001,11,24
PAR,PAR,2001,11,25
PAR,PAR,2001,11,26
PAR,PAR,2001,11,27
PAR,PAR,2001,11,30
PAR,PAR,2001,12,1
PAR,PAR,2001,12,2
PAR,PAR,2001,12,3
PAR,PAR,2001,12,4
PAR,PAR,2001,12,7
PAR,PAR,2001,12,9
PAR,PAR,2001,12,11
PAR,PAR,2001,12,15
PAR,PAR,2001,12,16
PAR,PAR,2001,12,18
PAR,PAR,2001,12,19
PAR,PAR,2001,12,20
PAR,PAR,2001,12,21
PAR,PAR,2001,12,23
PAR,PAR,2001,12,27
PAR,PAR,2001,12,29
PAR,PAR,2001,12,31
PAR,PAR,2002,1,1
PAR,PAR,2002,1,3
PAR,PAR,2002,1,5
PAR,PAR,2002,1,6
PAR,PAR,2002,1,8
PAR,PAR,2002,1,9
PAR,PAR,2002,1,12
PAR,PAR,2002,1,13
PAR,PAR,2002,1,14
PAR,PAR,2002,1,15
PAR,PAR,2002,1,16
PAR,PAR,2002,1,18
PAR,PAR,2002,1,19
PAR,PAR,2002,1,20
PAR,PAR,2002,1,21
PAR,PAR,2002,1,22
PAR,PAR,2002,1,23
PAR,PAR,2002,1,25
PAR,PAR,2002,1,26
PAR,PAR,2002,1,27
PAR,PAR,2002,1,28
PAR,PAR,2002,1,29
PAR,PAR,2002,1,30
PAR,PAR,2002,2,1
PAR,PAR,2002,2,2
PAR,PAR,2002,2,3
PAR,PAR,2002,2,4
PAR,PAR,2002,2,5
PAR,PAR,2002,2,8
PAR,PAR,2002,2,9
PAR,PAR,2002,2,10
PAR,PAR,2002,2,11
PAR,PAR,2002,2,12
PAR,PAR,2002,2,15
PAR,PAR,2002,2,16
PAR,PAR,2002,2,17
PAR,PAR,2002,2,18
PAR,PAR,2002,2,19
PAR,PAR,2002,2,20
PAR,PAR,2002,2,22
PAR,PAR,2002,2,23
PAR,PAR,2002,2,24
PAR,PAR,2002,2,25
PAR,PAR,2002,2,26
PAR,PAR,2002,3,1
PAR,PAR,2002,3,2
PAR,PAR,2002,3,3
PAR,PAR,2002,3,4
PAR,PAR,2002,3,5
PAR,PAR,2002,3,8
PAR,PAR,2002,3,9
PAR,PAR,2002,3,10
PAR,PAR,2002,3,11
PAR,PAR,2002,3,12
PAR,PAR,2002,3,15
PAR,PAR,2002,3,16
PAR,PAR,2002,3,17
PAR,PAR,2002,3,18
PAR,PAR,2002,3,19
PAR,PAR,2002,3,22
PAR,PAR,2002,3,23
PAR,PAR,2002,3,24
PAR,PAR,2002,3,25
PAR,PAR,2002,3,26
PAR,PAR,2002,3,29
PAR,PAR,2002,3,30
PAR,PAR,2002,4,1
PAR,PAR,2002,4,2
PAR,PAR,2002,4,5
PAR,PAR,2002,4,7
PAR,PAR,2002,4,8
PAR,PAR,2002,4,9
PAR,PAR,2002,4,12
PAR,PAR,2002,4,13
PAR,PAR,2002,4,14
PAR,PAR,2002,4,15
PAR,PAR,2002,4,16
PAR,PAR,2002,4,19
PAR,PAR,2002,4,21
PAR,PAR,2002,4,22
PAR,PAR,2002,4,26
PAR,PAR,2002,4,28
PAR,PAR,2002,5,17
PAR,PAR,2002,5,18
PAR,PAR,2002,9,27
PAR,PAR,2002,9,28
PAR,PAR,2002,9,29
PAR,PAR,2002,9,30
PAR,PAR,2002,10,1
PAR,PAR,2002,10,4
PAR,PAR,2002,10,5
PAR,PAR,2002,10,6
PAR,PAR,2002,10,7
PAR,PAR,2002,10,8
PAR,PAR,2002,10,11
PAR,PAR,2002,10,12
PAR,PAR,2002,10,13
PAR,PAR,2002,10,14
PAR,PAR,2002,10,15
PAR,PAR,2002,10,16
PAR,PAR,2002,10,18
PAR,PAR,2002,10,19
PAR,PAR,2002,10,20
PAR,PAR,2002,10,21
PAR,PAR,2002,10,22
PAR,PAR,2002,10,25
PAR,PAR,2002,10,26
PAR,PAR,2002,10,27
PAR,PAR,2002,10,28
PAR,PAR,2002,10,29
PAR,PAR,2002,11,1
PAR,PAR,2002,11,2
PAR,PAR,2002,11,3
PAR,PAR,2002,11,4
PAR,PAR,2002,11,5
PAR,PAR,2002,11,6
PAR,PAR,2002,11,8
PAR,PAR,2002,11,9
PAR,PAR,2002,11,10
PAR,PAR,2002,11,11
PAR,PAR,2002,11,12
PAR,PAR,2002,11,13
PAR,PAR,2002,11,15
PAR,PAR,2002,11,16
PAR,PAR,2002,11,17
PAR,PAR,2002,11,18
PAR,PAR,2002,11,19
PAR,PAR,2002,11,22
PAR,PAR,2002,11,23
PAR,PAR,2002,11,24
PAR,PAR,2002,11,25
PAR,PAR,2002,11,26
PAR,PAR,2002,11,29
PAR,PAR,2002,11,30
PAR,PAR,2002,12,1
PAR,PAR,2002,12,2
PAR,PAR,2002,12,3
PAR,PAR,2002,12,6
PAR,PAR,2002,12,7
PAR,PAR,2002,12,8
PAR,PAR,2002,12,9
PAR,PAR,2002,12,10
PAR,PAR,2002,12,13
PAR,PAR,2002,12,14
PAR,PAR,2002,12,15
PAR,PAR,2002,12,16
PAR,PAR,2002,12,17
PAR,PAR,2002,12,20
PAR,PAR,2002,12,21
PAR,PAR,2002,12,22
PAR,PAR,2002,12,23
PAR,PAR,2002,12,24
PAR,PAR,2002,12,27
PAR,PAR,2002,12,28
PAR,PAR,2002,12,29
PAR,PAR,2002,12,30
PAR,PAR,2002,12,31
PAR,PAR,2003,1,3
PAR,PAR,2003,1,4
PAR,PAR,2003,1,5
PAR,PAR,2003,1,6
PAR,PAR,2003,1,7
PAR,PAR,2003,1,10
PAR,PAR,2003,1,11
PAR,PAR,2003,1,12
PAR,PAR,2003,1,13
PAR,PAR,2003,1,14
PAR,PAR,2003,1,17
PAR,PAR,2003,1,18
PAR,PAR,2003,1,19
PAR,PAR,2003,1,20
PAR,PAR,2003,1,21
PAR,PAR,2003,1,22
PAR,PAR,2003,1,24
PAR,PAR,2003,1,25
PAR,PAR,2003,1,27
PAR,PAR,2003,1,28
PAR,PAR,2003,1,31
PAR,PAR,2003,2,1
PAR,PAR,2003,2,2
PAR,PAR,2003,2,3
PAR,PAR,2003,2,4
PAR,PAR,2003,2,7
PAR,PAR,2003,2,8
PAR,PAR,2003,2,9
PAR,PAR,2003,2,10
PAR,PAR,2003,2,11
PAR,PAR,2003,2,14
PAR,PAR,2003,2,15
PAR,PAR,2003,2,16
PAR,PAR,2003,2,17
PAR,PAR,2003,2,18
PAR,PAR,2003,2,19
PAR,PAR,2003,2,21
PAR,PAR,2003,2,22
PAR,PAR,2003,2,23
PAR,PAR,2003,2,24
PAR,PAR,2003,2,25
PAR,PAR,2003,3,4
PAR,PAR,2003,3,7
PAR,PAR,2003,3,8
PAR,PAR,2003,3,9
PAR,PAR,2003,3,10
PAR,PAR,2003,3,11
PAR,PAR,2003,3,14
PAR,PAR,2003,3,15
PAR,PAR,2003,3,16
PAR,PAR,2003,3,18
PAR,PAR,2003,3,21
PAR,PAR,2003,3,22
PAR,PAR,2003,3,23
PAR,PAR,2003,3,24
PAR,PAR,2003,3,25
PAR,PAR,2003,3,28
PAR,PAR,2003,3,29
PAR,PAR,2003,3,30
PAR,PAR,2003,3,31
PAR,PAR,2003,4,1
PAR,PAR,2003,4,4
PAR,PAR,2003,4,5
PAR,PAR,2003,4,6
PAR,PAR,2003,4,7
PAR,PAR,2003,4,8
PAR,PAR,2003,4,11
PAR,PAR,2003,4,12
PAR,PAR,2003,4,13
PAR,PAR,2003,4,14
PAR,PAR,2003,4,15
PAR,PAR,2003,4,18
PAR,PAR,2003,4,19
PAR,PAR,2003,4,21
PAR,PAR,2003,4,22
PAR,PAR,2003,4,25
PAR,PAR,2003,4,26
PAR,PAR,2003,4,27
PAR,PAR,2003,4,28
PAR,PAR,2003,4,29
PAR,PAR,2003,5,2
PAR,PAR,2003,5,3
PAR,PAR,2003,5,4
PAR,PAR,2003,5,5
PAR,PAR,2003,5,6
PAR,PAR,2003,5,9
PAR,PAR,2003,5,10
PAR,PAR,2003,5,11
PAR,PAR,2003,5,16
PAR,PAR,2003,5,17
PAR,PAR,2003,5,18
PAR,PAR,2003,9,26
PAR,PAR,2003,9,27
PAR,PAR,2003,9,28
PAR,PAR,2003,9,29
PAR,PAR,2003,9,30
PAR,PAR,2003,10,3
PAR,PAR,2003,10,4
PAR,PAR,2003,10,5
PAR,PAR,2003,10,6
PAR,PAR,2003,10,7
PAR,PAR,2003,10,10
PAR,PAR,2003,10,11
PAR,PAR,2003,10,12
PAR,PAR,2003,10,13
PAR,PAR,2003,10,14
PAR,PAR,2003,10,15
PAR,PAR,2003,10,17
PAR,PAR,2003,10,18
PAR,PAR,2003,10,19
PAR,PAR,2003,10,20
PAR,PAR,2003,10,21
PAR,PAR,2003,10,24
PAR,PAR,2003,10,25
PAR,PAR,2003,10,26
PAR,PAR,2003,10,27
PAR,PAR,2003,10,28
PAR,PAR,2003,10,31
PAR,PAR,2003,11,1
PAR,PAR,2003,11,2
PAR,PAR,2003,11,3
PAR,PAR,2003,11,4
PAR,PAR,2003,11,5
PAR,PAR,2003,11,7
PAR,PAR,2003,11,8
PAR,PAR,2003,11,9
PAR,PAR,2003,11,10
PAR,PAR,2003,11,11
PAR,PAR,2003,11,12
PAR,PAR,2003,11,14
PAR,PAR,2003,11,15
PAR,PAR,2003,11,16
PAR,PAR,2003,11,17
PAR,PAR,2003,11,18
PAR,PAR,2003,11,21
PAR,PAR,2003,11,22
PAR,PAR,2003,11,23
PAR,PAR,2003,11,24
PAR,PAR,2003,11,25
PAR,PAR,2003,11,28
PAR,PAR,2003,11,29
PAR,PAR,2003,11,30
PAR,PAR,2003,12,1
PAR,PAR,2003,12,2
PAR,PAR,2003,12,5
PAR,PAR,2003,12,6
PAR,PAR,2003,12,7
PAR,PAR,2003,12,8
PAR,PAR,2003,12,9
PAR,PAR,2003,12,12
PAR,PAR,2003,12,13
PAR,PAR,2003,12,14
PAR,PAR,2003,12,15
PAR,PAR,2003,12,16
PAR,PAR,2003,12,19
PAR,PAR,2003,12,20
PAR,PAR,2003,12,21
PAR,PAR,2003,12,22
PAR,PAR,2003,12,23
PAR,PAR,2003,12,26
PAR,PAR,2003,12,27
PAR,PAR,2003,12,28
PAR,PAR,2003,12,29
PAR,PAR,2003,12,30
PAR,PAR,2004,1,2
PAR,PAR,2004,1,3
PAR,PAR,2004,1,4
PAR,PAR,2004,1,5
PAR,PAR,2004,1,6
PAR,PAR,2004,1,9
PAR,PAR,2004,1,10
PAR,PAR,2004,1,11
PAR,PAR,2004,1,12
PAR,PAR,2004,1,13
PAR,PAR,2004,1,16
PAR,PAR,2004,1,17
PAR,PAR,2004,1,18
PAR,PAR,2004,1,19
PAR,PAR,2004,1,20
PAR,PAR,2004,1,21
PAR,PAR,2004,1,23
PAR,PAR,2004,1,24
PAR,PAR,2004,1,25
PAR,PAR,2004,1,26
PAR,PAR,2004,1,27
PAR,PAR,2004,1,30
PAR,PAR,2004,1,31
PAR,PAR,2004,2,2
PAR,PAR,2004,2,3
PAR,PAR,2004,2,6
PAR,PAR,2004,2,7
PAR,PAR,2004,2,8
PAR,PAR,2004,2,9
PAR,PAR,2004,2,10
PAR,PAR,2004,2,13
PAR,PAR,2004,2,14
PAR,PAR,2004,2,15
PAR,PAR,2004,2,16
PAR,PAR,2004,2,17
PAR,PAR,2004,2,18
PAR,PAR,2004,2,20
PAR,PAR,2004,2,21
PAR,PAR,2004,2,22
PAR,PAR,2004,2,23
PAR,PAR,2004,2,24
PAR,PAR,2004,2,27
PAR,PAR,2004,2,28
PAR,PAR,2004,2,29
PAR,PAR,2004,3,1
PAR,PAR,2004,3,2
PAR,PAR,2004,3,5
PAR,PAR,2004,3,7
PAR,PAR,2004,3,8
PAR,PAR,2004,3,9
PAR,PAR,2004,3,12
PAR,PAR,2004,3,13
PAR,PAR,2004,3,14
PAR,PAR,2004,3,15
PAR,PAR,2004,3,16
PAR,PAR,2004,3,19
PAR,PAR,2004,3,20
PAR,PAR,2004,3,21
PAR,PAR,2004,3,22
PAR,PAR,2004,3,23
PAR,PAR,2004,3,26
PAR,PAR,2004,3,27
PAR,PAR,2004,3,28
PAR,PAR,2004,3,29
PAR,PAR,2004,3,30
PAR,PAR,2004,4,4
PAR,PAR,2004,4,5
PAR,PAR,2004,4,6
PAR,PAR,2004,4,9
PAR,PAR,2004,4,10
PAR,PAR,2004,4,12
PAR,PAR,2004,4,13
PAR,PAR,2004,4,16
PAR,PAR,2004,4,17
PAR,PAR,2004,4,18
PAR,PAR,2004,4,19
PAR,PAR,2004,4,20
PAR,PAR,2004,4,23
PAR,PAR,2004,4,24
PAR,PAR,2004,4,25
PAR,PAR,2004,4,26
PAR,PAR,2004,4,27
PAR,PAR,2004,4,30
PAR,PAR,2004,5,1
PAR,PAR,2004,5,2
PAR,PAR,2004,5,3
PAR,PAR,2004,5,4
PAR,PAR,2004,5,7
PAR,PAR,2004,5,8
PAR,PAR,2004,5,9
PAR,PAR,2004,5,14
PAR,PAR,2004,5,15
PAR,PAR,2004,5,16
PAR,PAR,2004,10,1
PAR,PAR,2004,10,2
PAR,PAR,2004,10,3
PAR,PAR,2004,10,4
PAR,PAR,2004,10,5
PAR,PAR,2004,10,8
PAR,PAR,2004,10,9
PAR,PAR,2004,10,10
PAR,PAR,2004,10,11
PAR,PAR,2004,10,12
PAR,PAR,2004,10,13
PAR,PAR,2004,10,15
PAR,PAR,2004,10,16
PAR,PAR,2004,10,17
PAR,PAR,2004,10,18
PAR,PAR,2004,10,19
PAR,PAR,2004,10,22
PAR,PAR,2004,10,23
PAR,PAR,2004,10,24
PAR,PAR,2004,10,25
PAR,PAR,2004,10,26
PAR,PAR,2004,10,29
PAR,PAR,2004,10,30
PAR,PAR,2004,10,31
PAR,PAR,2004,11,1
PAR,PAR,2004,11,2
PAR,PAR,2004,11,3
PAR,PAR,2004,11,5
PAR,PAR,2004,11,6
PAR,PAR,2004,11,7
PAR,PAR,2004,11,8
PAR,PAR,2004,11,9
PAR,PAR,2004,11,12
PAR,PAR,2004,11,13
PAR,PAR,2004,11,14
PAR,PAR,2004,11,15
PAR,PAR,2004,11,16
PAR,PAR,2004,11,19
PAR,PAR,2004,11,20
PAR,PAR,2004,11,21
PAR,PAR,2004,11,22
PAR,PAR,2004,11,23
PAR,PAR,2004,11,26
PAR,PAR,2004,11,27
PAR,PAR,2004,11,28
PAR,PAR,2004,11,29
PAR,PAR,2004,11,30
PAR,PAR,2004,12,3
PAR,PAR,2004,12,4
PAR,PAR,2004,12,5
PAR,PAR,2004,12,10
PAR,PAR,2004,12,11
PAR,PAR,2004,12,12
PAR,PAR,2004,12,13
PAR,PAR,2004,12,14
PAR,PAR,2004,12,17
PAR,PAR,2004,12,18
PAR,PAR,2004,12,19
PAR,PAR,2004,12,20
PAR,PAR,2004,12,21
PAR,PAR,2004,12,22
PAR,PAR,2004,12,26
PAR,PAR,2004,12,27
PAR,PAR,2004,12,28
PAR,PAR,2004,12,31
PAR,PAR,2005,1,1
PAR,PAR,2005,1,2
PAR,PAR,2005,1,3
PAR,PAR,2005,1,7
PAR,PAR,2005,1,8
PAR,PAR,2005,1,9
PAR,PAR,2005,1,10
PAR,PAR,2005,1,11
PAR,PAR,2005,1,14
PAR,PAR,2005,1,15
PAR,PAR,2005,1,16
PAR,PAR,2005,1,17
PAR,PAR,2005,1,18
PAR,PAR,2005,1,19
PAR,PAR,2005,1,21
PAR,PAR,2005,1,22
PAR,PAR,2005,1,23
PAR,PAR,2005,1,24
PAR,PAR,2005,1,25
PAR,PAR,2005,1,28
PAR,PAR,2005,1,29
PAR,PAR,2005,1,30
PAR,PAR,2005,1,31
PAR,PAR,2005,2,1
PAR,PAR,2005,2,4
PAR,PAR,2005,2,5
PAR,PAR,2005,2,7
PAR,PAR,2005,2,8
PAR,PAR,2005,2,11
PAR,PAR,2005,2,12
PAR,PAR,2005,2,13
PAR,PAR,2005,2,14
PAR,PAR,2005,2,15
PAR,PAR,2005,2,18
PAR,PAR,2005,2,21
PAR,PAR,2005,2,22
PAR,PAR,2005,2,23
PAR,PAR,2005,2,25
PAR,PAR,2005,2,26
PAR,PAR,2005,2,27
PAR,PAR,2005,2,28
PAR,PAR,2005,3,1
PAR,PAR,2005,3,4
PAR,PAR,2005,3,5
PAR,PAR,2005,3,6
PAR,PAR,2005,3,7
PAR,PAR,2005,3,8
PAR,PAR,2005,3,11
PAR,PAR,2005,3,12
PAR,PAR,2005,3,13
PAR,PAR,2005,3,14
PAR,PAR,2005,3,15
PAR,PAR,2005,3,18
PAR,PAR,2005,3,19
PAR,PAR,2005,3,20
PAR,PAR,2005,3,21
PAR,PAR,2005,3,22
PAR,PAR,2005,3,25
PAR,PAR,2005,3,26
PAR,PAR,2005,3,28
PAR,PAR,2005,3,29
PAR,PAR,2005,4,1
PAR,PAR,2005,4,2
PAR,PAR,2005,4,3
PAR,PAR,2005,4,4
PAR,PAR,2005,4,5
PAR,PAR,2005,4,8
PAR,PAR,2005,4,9
PAR,PAR,2005,4,10
PAR,PAR,2005,4,11
PAR,PAR,2005,4,12
PAR,PAR,2005,4,15
PAR,PAR,2005,4,16
PAR,PAR,2005,4,17
PAR,PAR,2005,4,18
PAR,PAR,2005,4,19
PAR,PAR,2005,4,20
PAR,PAR,2005,4,22
PAR,PAR,2005,4,23
PAR,PAR,2005,4,24
PAR,PAR,2005,4,25
PAR,PAR,2005,4,26
PAR,PAR,2005,4,29
PAR,PAR,2005,4,30
PAR,PAR,2005,5,1
PAR,PAR,2005,5,2
PAR,PAR,2005,5,3
PAR,PAR,2005,5,6
PAR,PAR,2005,5,7
PAR,PAR,2005,5,8
PAR,PAR,2005,5,13
PAR,PAR,2005,5,14
PAR,PAR,2005,5,15
PAR,PAR,2005,5,20
PAR,PAR,2005,5,21
PAR,PAR,2005,5,22
PAR,PAR,2005,9,30
PAR,PAR,2005,10,1
PAR,PAR,2005,10,2
PAR,PAR,2005,10,3
PAR,PAR,2005,10,4
PAR,PAR,2005,10,7
PAR,PAR,2005,10,8
PAR,PAR,2005,10,9
PAR,PAR,2005,10,10
PAR,PAR,2005,10,11
PAR,PAR,2005,10,13
PAR,PAR,2005,10,14
PAR,PAR,2005,10,15
PAR,PAR,2005,10,16
PAR,PAR,2005,10,17
PAR,PAR,2005,10,18
PAR,PAR,2005,10,21
PAR,PAR,2005,10,22
PAR,PAR,2005,10,23
PAR,PAR,2005,10,24
PAR,PAR,2005,10,25
PAR,PAR,2005,10,28
PAR,PAR,2005,10,29
PAR,PAR,2005,10,30
PAR,PAR,2005,10,31
PAR,PAR,2005,11,1
PAR,PAR,2005,11,4
PAR,PAR,2005,11,5
PAR,PAR,2005,11,6
PAR,PAR,2005,11,7
PAR,PAR,2005,11,8
PAR,PAR,2005,11,9
PAR,PAR,2005,11,11
PAR,PAR,2005,11,12
PAR,PAR,2005,11,13
PAR,PAR,2005,11,14
PAR,PAR,2005,11,15
PAR,PAR,2005,11,18
PAR,PAR,2005,11,19
PAR,PAR,2005,11,20
PAR,PAR,2005,11,21
PAR,PAR,2005,11,22
PAR,PAR,2005,11,25
PAR,PAR,2005,11,26
PAR,PAR,2005,11,27
PAR,PAR,2005,11,28
PAR,PAR,2005,11,29
PAR,PAR,2005,11,30
PAR,PAR,2005,12,2
PAR,PAR,2005,12,3
PAR,PAR,2005,12,4
PAR,PAR,2005,12,5
PAR,PAR,2005,12,6
PAR,PAR,2005,12,7
PAR,PAR,2005,12,9
PAR,PAR,2005,12,10
PAR,PAR,2005,12,11
PAR,PAR,2005,12,12
PAR,PAR,2005,12,13
PAR,PAR,2005,12,14
PAR,PAR,2005,12,16
PAR,PAR,2005,12,17
PAR,PAR,2005,12,18
PAR,PAR,2005,12,19
PAR,PAR,2005,12,21
PAR,PAR,2005,12,22
PAR,PAR,2005,12,23
PAR,PAR,2005,12,26
PAR,PAR,2005,12,27
PAR,PAR,2005,12,30
PAR,PAR,2005,12,31
PAR,PAR,2006,1,1
PAR,PAR,2006,1,2
PAR,PAR,2006,1,3
PAR,PAR,2006,1,6
PAR,PAR,2006,1,7
PAR,PAR,2006,1,8
PAR,PAR,2006,1,9
PAR,PAR,2006,1,10
PAR,PAR,2006,1,13
PAR,PAR,2006,1,14
PAR,PAR,2006,1,15
PAR,PAR,2006,1,16
PAR,PAR,2006,1,17
PAR,PAR,2006,1,18
PAR,PAR,2006,1,20
PAR,PAR,2006,1,21
PAR,PAR,2006,1,22
PAR,PAR,2006,1,23
PAR,PAR,2006,1,24
PAR,PAR,2006,1,27
PAR,PAR,2006,1,28
PAR,PAR,2006,1,29
PAR,PAR,2006,1,30
PAR,PAR,2006,1,31
PAR,PAR,2006,2,3
PAR,PAR,2006,2,4
PAR,PAR,2006,2,6
PAR,PAR,2006,2,7
PAR,PAR,2006,2,10
PAR,PAR,2006,2,11
PAR,PAR,2006,2,12
PAR,PAR,2006,2,13
PAR,PAR,2006,2,14
PAR,PAR,2006,2,17
PAR,PAR,2006,2,18
PAR,PAR,2006,2,19
PAR,PAR,2006,2,20
PAR,PAR,2006,2,21
PAR,PAR,2006,2,22
PAR,PAR,2006,2,24
PAR,PAR,2006,2,25
PAR,PAR,2006,2,26
PAR,PAR,2006,2,27
PAR,PAR,2006,2,28
PAR,PAR,2006,3,3
PAR,PAR,2006,3,4
PAR,PAR,2006,3,5
PAR,PAR,2006,3,6
PAR,PAR,2006,3,7
PAR,PAR,2006,3,10
PAR,PAR,2006,3,11
PAR,PAR,2006,3,14
PAR,PAR,2006,3,17
PAR,PAR,2006,3,18
PAR,PAR,2006,3,19
PAR,PAR,2006,3,20
PAR,PAR,2006,3,21
PAR,PAR,2006,3,24
PAR,PAR,2006,3,25
PAR,PAR,2006,3,26
PAR,PAR,2006,3,27
PAR,PAR,2006,3,28
PAR,PAR,2006,3,31
PAR,PAR,2006,4,1
PAR,PAR,2006,4,2
PAR,PAR,2006,4,3
PAR,PAR,2006,4,4
PAR,PAR,2006,4,7
PAR,PAR,2006,4,8
PAR,PAR,2006,4,9
PAR,PAR,2006,4,10
PAR,PAR,2006,4,11
PAR,PAR,2006,4,14
PAR,PAR,2006,4,15
PAR,PAR,2006,4,17
PAR,PAR,2006,4,18
PAR,PAR,2006,4,21
PAR,PAR,2006,4,22
PAR,PAR,2006,4,23
PAR,PAR,2006,4,24
PAR,PAR,2006,4,25
PAR,PAR,2006,4,28
PAR,PAR,2006,4,29
PAR,PAR,2006,4,30
PAR,PAR,2006,5,1
PAR,PAR,2006,5,2
PAR,PAR,2006,5,5
PAR,PAR,2006,5,6
PAR,PAR,2006,5,7
PAR,PAR,2006,5,12
PAR,PAR,2006,5,13
PAR,PAR,2006,5,14
PAR,PAR,2006,5,19
PAR,PAR,2006,5,20
PAR,PAR,2006,5,21
PAR,PAR,2006,10,6
PAR,PAR,2006,10,7
PAR,PAR,2006,10,8
PAR,PAR,2006,10,9
PAR,PAR,2006,10,10
PAR,PAR,2006,10,11
PAR,PAR,2006,10,13
PAR,PAR,2006,10,14
PAR,PAR,2006,10,15
PAR,PAR,2006,10,16
PAR,PAR,2006,10,17
PAR,PAR,2006,10,20
PAR,PAR,2006,10,21
PAR,PAR,2006,10,22
PAR,PAR,2006,10,23
PAR,PAR,2006,10,24
PAR,PAR,2006,10,27
PAR,PAR,2006,10,28
PAR,PAR,2006,10,29
PAR,PAR,2006,10,30
PAR,PAR,2006,10,31
PAR,PAR,2006,11,3
PAR,PAR,2006,11,4
PAR,PAR,2006,11,5
PAR,PAR,2006,11,6
PAR,PAR,2006,11,7
PAR,PAR,2006,11,10
PAR,PAR,2006,11,11
PAR,PAR,2006,11,12
PAR,PAR,2006,11,13
PAR,PAR,2006,11,14
PAR,PAR,2006,11,17
PAR,PAR,2006,11,18
PAR,PAR,2006,11,19
PAR,PAR,2006,11,20
PAR,PAR,2006,11,21
PAR,PAR,2006,11,24
PAR,PAR,2006,11,25
PAR,PAR,2006,11,26
PAR,PAR,2006,11,27
PAR,PAR,2006,11,28
PAR,PAR,2006,12,1
PAR,PAR,2006,12,2
PAR,PAR,2006,12,3
PAR,PAR,2006,12,4
PAR,PAR,2006,12,5
PAR,PAR,2006,12,8
PAR,PAR,2006,12,9
PAR,PAR,2006,12,10
PAR,PAR,2006,12,11
PAR,PAR,2006,12,12
PAR,PAR,2006,12,15
PAR,PAR,2006,12,16
PAR,PAR,2006,12,17
PAR,PAR,2006,12,18
PAR,PAR,2006,12,20
PAR,PAR,2006,12,21
PAR,PAR,2006,12,22
PAR,PAR,2006,12,23
PAR,PAR,2006,12,26
PAR,PAR,2006,12,27
PAR,PAR,2006,12,29
PAR,PAR,2006,12,30
PAR,PAR,2006,12,31
PAR,PAR,2007,1,1
PAR,PAR,2007,1,2
PAR,PAR,2007,1,5
PAR,PAR,2007,1,6
PAR,PAR,2007,1,7
PAR,PAR,2007,1,8
PAR,PAR,2007,1,9
PAR,PAR,2007,1,12
PAR,PAR,2007,1,13
PAR,PAR,2007,1,14
PAR,PAR,2007,1,15
PAR,PAR,2007,1,16
PAR,PAR,2007,1,17
PAR,PAR,2007,1,19
PAR,PAR,2007,1,20
PAR,PAR,2007,1,21
PAR,PAR,2007,1,26
PAR,PAR,2007,1,27
PAR,PAR,2007,1,28
PAR,PAR,2007,1,29
PAR,PAR,2007,1,30
PAR,PAR,2007,2,2
PAR,PAR,2007,2,3
PAR,PAR,2007,2,4
PAR,PAR,2007,2,5
PAR,PAR,2007,2,6
PAR,PAR,2007,2,9
PAR,PAR,2007,2,10
PAR,PAR,2007,2,11
PAR,PAR,2007,2,12
PAR,PAR,2007,2,13
PAR,PAR,2007,2,16
PAR,PAR,2007,2,17
PAR,PAR,2007,2,18
PAR,PAR,2007,2,19
PAR,PAR,2007,2,20
PAR,PAR,2007,2,21
PAR,PAR,2007,2,23
PAR,PAR,2007,2,24
PAR,PAR,2007,2,25
PAR,PAR,2007,2,26
PAR,PAR,2007,2,27
PAR,PAR,2007,3,2
PAR,PAR,2007,3,3
PAR,PAR,2007,3,4
PAR,PAR,2007,3,5
PAR,PAR,2007,3,6
PAR,PAR,2007,3,9
PAR,PAR,2007,3,10
PAR,PAR,2007,3,11
PAR,PAR,2007,3,12
PAR,PAR,2007,3,13
PAR,PAR,2007,3,16
PAR,PAR,2007,3,17
PAR,PAR,2007,3,18
PAR,PAR,2007,3,19
PAR,PAR,2007,3,20
PAR,PAR,2007,3,24
PAR,PAR,2007,3,25
PAR,PAR,2007,3,26
PAR,PAR,2007,3,27
PAR,PAR,2007,3,30
PAR,PAR,2007,3,31
PAR,PAR,2007,4,1
PAR,PAR,2007,4,2
PAR,PAR,2007,4,3
PAR,PAR,2007,4,6
PAR,PAR,2007,4,7
PAR,PAR,2007,4,9
PAR,PAR,2007,4,10
PAR,PAR,2007,4,11
PAR,PAR,2007,4,13
PAR,PAR,2007,4,14
PAR,PAR,2007,4,15
PAR,PAR,2007,4,16
PAR,PAR,2007,4,17
PAR,PAR,2007,4,20
PAR,PAR,2007,4,21
PAR,PAR,2007,4,22
PAR,PAR,2007,4,23
PAR,PAR,2007,4,24
PAR,PAR,2007,4,27
PAR,PAR,2007,4,28
PAR,PAR,2007,4,29
PAR,PAR,2007,4,30
PAR,PAR,2007,5,1
PAR,PAR,2007,5,4
PAR,PAR,2007,5,5
PAR,PAR,2007,5,6
PAR,PAR,2007,10,5
PAR,PAR,2007,10,6
PAR,PAR,2007,10,7
PAR,PAR,2007,10,8
PAR,PAR,2007,10,9
PAR,PAR,2007,10,10
PAR,PAR,2007,10,12
PAR,PAR,2007,10,13
PAR,PAR,2007,10,14
PAR,PAR,2007,10,15
PAR,PAR,2007,10,16
PAR,PAR,2007,10,19
PAR,PAR,2007,10,20
PAR,PAR,2007,10,21
PAR,PAR,2007,10,22
PAR,PAR,2007,10,23
PAR,PAR,2007,10,26
PAR,PAR,2007,10,27
PAR,PAR,2007,10,28
PAR,PAR,2007,10,29
PAR,PAR,2007,10,30
PAR,PAR,2007,11,2
PAR,PAR,2007,11,3
PAR,PAR,2007,11,4
PAR,PAR,2007,11,5
PAR,PAR,2007,11,6
PAR,PAR,2007,11,9
PAR,PAR,2007,11,10
PAR,PAR,2007,11,11
PAR,PAR,2007,11,12
PAR,PAR,2007,11,13
PAR,PAR,2007,11,16
PAR,PAR,2007,11,17
PAR,PAR,2007,11,18
PAR,PAR,2007,11,20
PAR,PAR,2007,11,23
PAR,PAR,2007,11,25
PAR,PAR,2007,11,27
PAR,PAR,2007,11,30
PAR,PAR,2007,12,4
PAR,PAR,2007,12,7
PAR,PAR,2007,12,9
PAR,PAR,2007,12,11
PAR,PAR,2007,12,14
PAR,PAR,2007,12,16
PAR,PAR,2007,12,18
PAR,PAR,2007,12,21
PAR,PAR,2007,12,22
PAR,PAR,2007,12,23
PAR,PAR,2007,12,27
PAR,PAR,2007,12,28
PAR,PAR,2007,12,29
PAR,PAR,2007,12,30
PAR,PAR,2007,12,31
PAR,PAR,2008,1,1
PAR,PAR,2008,1,4
PAR,PAR,2008,1,5
PAR,PAR,2008,1,6
PAR,PAR,2008,1,7
PAR,PAR,2008,1,8
PAR,PAR,2008,1,11
PAR,PAR,2008,1,12
PAR,PAR,2008,1,13
PAR,PAR,2008,1,14
PAR,PAR,2008,1,15
PAR,PAR,2008,1,18
PAR,PAR,2008,1,19
PAR,PAR,2008,1,20
PAR,PAR,2008,1,21
PAR,PAR,2008,1,22
PAR,PAR,2008,1,23
PAR,PAR,2008,1,25
PAR,PAR,2008,1,26
PAR,PAR,2008,1,27
PAR,PAR,2008,2,1
PAR,PAR,2008,2,2
PAR,PAR,2008,2,3
PAR,PAR,2008,2,4
PAR,PAR,2008,2,5
PAR,PAR,2008,2,8
PAR,PAR,2008,2,9
PAR,PAR,2008,2,10
PAR,PAR,2008,2,11
PAR,PAR,2008,2,12
PAR,PAR,2008,2,15
PAR,PAR,2008,2,16
PAR,PAR,2008,2,17
PAR,PAR,2008,2,18
PAR,PAR,2008,2,19
PAR,PAR,2008,2,20
PAR,PAR,2008,2,22
PAR,PAR,2008,2,23
PAR,PAR,2008,2,24
PAR,PAR,2008,2,25
PAR,PAR,2008,2,26
PAR,PAR,2008,2,29
PAR,PAR,2008,3,1
PAR,PAR,2008,3,2
PAR,PAR,2008,3,3
PAR,PAR,2008,3,4
PAR,PAR,2008,3,7
PAR,PAR,2008,3,8
PAR,PAR,2008,3,9
PAR,PAR,2008,3,10
PAR,PAR,2008,3,11
PAR,PAR,2008,3,14
PAR,PAR,2008,3,15
PAR,PAR,2008,3,16
PAR,PAR,2008,3,17
PAR,PAR,2008,3,18
PAR,PAR,2008,3,21
PAR,PAR,2008,3,22
PAR,PAR,2008,3,24
PAR,PAR,2008,3,25
PAR,PAR,2008,3,26
PAR,PAR,2008,3,28
PAR,PAR,2008,3,29
PAR,PAR,2008,3,30
PAR,PAR,2008,3,31
PAR,PAR,2008,4,1
PAR,PAR,2008,4,4
PAR,PAR,2008,4,5
PAR,PAR,2008,4,6
PAR,PAR,2008,4,7
PAR,PAR,2008,4,8
PAR,PAR,2008,4,11
PAR,PAR,2008,4,12
PAR,PAR,2008,4,13
PAR,PAR,2008,4,14
PAR,PAR,2008,4,15
PAR,PAR,2008,4,18
PAR,PAR,2008,4,19
PAR,PAR,2008,4,20
PAR,PAR,2008,4,21
PAR,PAR,2008,4,22
PAR,PAR,2008,4,25
PAR,PAR,2008,4,26
PAR,PAR,2008,4,27
PAR,PAR,2008,4,28
PAR,PAR,2008,4,29
PAR,PAR,2008,5,2
PAR,PAR,2008,5,3
PAR,PAR,2008,5,4
PAR,PAR,2008,10,3
PAR,PAR,2008,10,4
PAR,PAR,2008,10,5
PAR,PAR,2008,10,6
PAR,PAR,2008,10,7
PAR,PAR,2008,10,10
PAR,PAR,2008,10,11
PAR,PAR,2008,10,12
PAR,PAR,2008,10,13
PAR,PAR,2008,10,14
PAR,PAR,2008,10,15
PAR,PAR,2008,10,17
PAR,PAR,2008,10,18
PAR,PAR,2008,10,19
PAR,PAR,2008,10,20
PAR,PAR,2008,10,21
PAR,PAR,2008,10,24
PAR,PAR,2008,10,25
PAR,PAR,2008,10,26
PAR,PAR,2008,10,27
PAR,PAR,2008,10,28
PAR,PAR,2008,10,31
PAR,PAR,2008,11,1
PAR,PAR,2008,11,2
PAR,PAR,2008,11,3
PAR,PAR,2008,11,4
PAR,PAR,2008,11,7
PAR,PAR,2008,11,8
PAR,PAR,2008,11,9
PAR,PAR,2008,11,10
PAR,PAR,2008,11,11
PAR,PAR,2008,11,14
PAR,PAR,2008,11,15
PAR,PAR,2008,11,16
PAR,PAR,2008,11,17
PAR,PAR,2008,11,18
PAR,PAR,2008,11,21
PAR,PAR,2008,11,22
PAR,PAR,2008,11,23
PAR,PAR,2008,11,24
PAR,PAR,2008,11,25
PAR,PAR,2008,11,28
PAR,PAR,2008,11,29
PAR,PAR,2008,11,30
PAR,PAR,2008,12,1
PAR,PAR,2008,12,2
PAR,PAR,2008,12,5
PAR,PAR,2008,12,6
PAR,PAR,2008,12,7
PAR,PAR,2008,12,8
PAR,PAR,2008,12,9
PAR,PAR,2008,12,12
PAR,PAR,2008,12,13
PAR,PAR,2008,12,14
PAR,PAR,2008,12,15
PAR,PAR,2008,12,16
PAR,PAR,2008,12,19
PAR,PAR,2008,12,20
PAR,PAR,2008,12,21
PAR,PAR,2008,12,22
PAR,PAR,2008,12,23
PAR,PAR,2008,12,26
PAR,PAR,2008,12,27
PAR,PAR,2008,12,28
PAR,PAR,2008,12,29
PAR,PAR,2008,12,30
PAR,PAR,2009,1,2
PAR,PAR,2009,1,3
PAR,PAR,2009,1,4
PAR,PAR,2009,1,5
PAR,PAR,2009,1,6
PAR,PAR,2009,1,9
PAR,PAR,2009,1,10
PAR,PAR,2009,1,11
PAR,PAR,2009,1,12
PAR,PAR,2009,1,13
PAR,PAR,2009,1,16
PAR,PAR,2009,1,17
PAR,PAR,2009,1,18
PAR,PAR,2009,1,19
PAR,PAR,2009,1,20
PAR,PAR,2009,1,21
PAR,PAR,2009,1,23
PAR,PAR,2009,1,24
PAR,PAR,2009,1,25
PAR,PAR,2009,1,26
PAR,PAR,2009,1,27
PAR,PAR,2009,1,30
PAR,PAR,2009,1,31
PAR,PAR,2009,2,2
PAR,PAR,2009,2,3
PAR,PAR,2009,2,6
PAR,PAR,2009,2,7
PAR,PAR,2009,2,8
PAR,PAR,2009,2,9
PAR,PAR,2009,2,10
PAR,PAR,2009,2,13
PAR,PAR,2009,2,14
PAR,PAR,2009,2,15
PAR,PAR,2009,2,16
PAR,PAR,2009,2,17
PAR,PAR,2009,2,18
PAR,PAR,2009,2,20
PAR,PAR,2009,2,21
PAR,PAR,2009,2,22
PAR,PAR,2009,2,23
PAR,PAR,2009,2,24
PAR,PAR,2009,2,27
PAR,PAR,2009,2,28
PAR,PAR,2009,3,1
PAR,PAR,2009,3,2
PAR,PAR,2009,3,3
PAR,PAR,2009,3,6
PAR,PAR,2009,3,7
PAR,PAR,2009,3,8
PAR,PAR,2009,3,9
PAR,PAR,2009,3,10
PAR,PAR,2009,3,13
PAR,PAR,2009,3,14
PAR,PAR,2009,3,15
PAR,PAR,2009,3,16
PAR,PAR,2009,3,17
PAR,PAR,2009,3,20
PAR,PAR,2009,3,21
PAR,PAR,2009,3,22
PAR,PAR,2009,3,23
PAR,PAR,2009,3,24
PAR,PAR,2009,3,27
PAR,PAR,2009,3,28
PAR,PAR,2009,3,29
PAR,PAR,2009,3,30
PAR,PAR,2009,3,31
PAR,PAR,2009,4,3
PAR,PAR,2009,4,4
PAR,PAR,2009,4,5
PAR,PAR,2009,4,6
PAR,PAR,2009,4,7
PAR,PAR,2009,4,10
PAR,PAR,2009,4,11
PAR,PAR,2009,4,13
PAR,PAR,2009,4,14
PAR,PAR,2009,4,15
PAR,PAR,2009,4,17
PAR,PAR,2009,4,18
PAR,PAR,2009,4,19
PAR,PAR,2009,4,20
PAR,PAR,2009,4,21
PAR,PAR,2009,4,24
PAR,PAR,2009,4,25
PAR,PAR,2009,4,26
PAR,PAR,2009,4,27
PAR,PAR,2009,4,28
PAR,PAR,2009,5,1
PAR,PAR,2009,5,2
PAR,PAR,2009,5,3
PAR,PAR,2009,10,2
PAR,PAR,2009,10,3
PAR,PAR,2009,10,4
PAR,PAR,2009,10,5
PAR,PAR,2009,10,6
PAR,PAR,2009,10,9
PAR,PAR,2009,10,10
PAR,PAR,2009,10,11
PAR,PAR,2009,10,12
PAR,PAR,2009,10,13
PAR,PAR,2009,10,14
PAR,PAR,2009,10,16
PAR,PAR,2009,10,17
PAR,PAR,2009,10,18
PAR,PAR,2009,10,19
PAR,PAR,2009,10,20
PAR,PAR,2009,10,23
PAR,PAR,2009,10,24
PAR,PAR,2009,10,25
PAR,PAR,2009,10,26
PAR,PAR,2009,10,27
PAR,PAR,2009,10,30
PAR,PAR,2009,10,31
PAR,PAR,2009,11,1
PAR,PAR,2009,11,2
PAR,PAR,2009,11,3
PAR,PAR,2009,11,6
PAR,PAR,2009,11,7
PAR,PAR,2009,11,8
PAR,PAR,2009,11,9
PAR,PAR,2009,11,10
PAR,PAR,2009,11,13
PAR,PAR,2009,11,14
PAR,PAR,2009,11,15
PAR,PAR,2009,11,16
PAR,PAR,2009,11,17
PAR,PAR,2009,11,20
PAR,PAR,2009,11,21
PAR,PAR,2009,11,22
PAR,PAR,2009,11,23
PAR,PAR,2009,11,24
PAR,PAR,2009,11,27
PAR,PAR,2009,11,28
PAR,PAR,2009,11,29
PAR,PAR,2009,11,30
PAR,PAR,2009,12,1
PAR,PAR,2009,12,4
PAR,PAR,2009,12,5
PAR,PAR,2009,12,6
PAR,PAR,2009,12,7
PAR,PAR,2009,12,11
PAR,PAR,2009,12,12
PAR,PAR,2009,12,13
PAR,PAR,2009,12,14
PAR,PAR,2009,12,15
PAR,PAR,2009,12,18
PAR,PAR,2009,12,19
PAR,PAR,2009,12,20
PAR,PAR,2009,12,21
PAR,PAR,2009,12,22
PAR,PAR,2009,12,23
PAR,PAR,2009,12,26
PAR,PAR,2009,12,27
PAR,PAR,2009,12,28
PAR,PAR,2009,12,29
PAR,PAR,2010,1,1
PAR,PAR,2010,1,2
PAR,PAR,2010,1,3
PAR,PAR,2010,1,4
PAR,PAR,2010,1,5
PAR,PAR,2010,1,8
PAR,PAR,2010,1,9
PAR,PAR,2010,1,10
PAR,PAR,2010,1,11
PAR,PAR,2010,1,12
PAR,PAR,2010,1,15
PAR,PAR,2010,1,16
PAR,PAR,2010,1,17
PAR,PAR,2010,1,18
PAR,PAR,2010,1,19
PAR,PAR,2010,1,24
PAR,PAR,2010,1,25
PAR,PAR,2010,1,26
PAR,PAR,2010,1,29
PAR,PAR,2010,1,30
PAR,PAR,2010,1,31
PAR,PAR,2010,2,1
PAR,PAR,2010,2,2
PAR,PAR,2010,2,5
PAR,PAR,2010,2,6
PAR,PAR,2010,2,8
PAR,PAR,2010,2,9
PAR,PAR,2010,2,12
PAR,PAR,2010,2,13
PAR,PAR,2010,2,14
PAR,PAR,2010,2,15
PAR,PAR,2010,2,16
PAR,PAR,2010,2,17
PAR,PAR,2010,2,19
PAR,PAR,2010,2,20
PAR,PAR,2010,2,26
PAR,PAR,2010,2,27
PAR,PAR,2010,3,1
PAR,PAR,2010,3,2
PAR,PAR,2010,3,5
PAR,PAR,2010,3,6
PAR,PAR,2010,3,7
PAR,PAR,2010,3,8
PAR,PAR,2010,3,9
PAR,PAR,2010,3,12
PAR,PAR,2010,3,13
PAR,PAR,2010,3,14
PAR,PAR,2010,3,15
PAR,PAR,2010,3,16
PAR,PAR,2010,3,19
PAR,PAR,2010,3,20
PAR,PAR,2010,3,21
PAR,PAR,2010,3,22
PAR,PAR,2010,3,23
PAR,PAR,2010,3,26
PAR,PAR,2010,3,27
PAR,PAR,2010,3,28
PAR,PAR,2010,3,29
PAR,PAR,2010,3,30
PAR,PAR,2010,4,2
PAR,PAR,2010,4,3
PAR,PAR,2010,4,5
PAR,PAR,2010,4,6
PAR,PAR,2010,4,7
PAR,PAR,2010,4,9
PAR,PAR,2010,4,10
PAR,PAR,2010,4,11
PAR,PAR,2010,4,12
PAR,PAR,2010,4,13
PAR,PAR,2010,4,16
PAR,PAR,2010,4,17
PAR,PAR,2010,4,18
PAR,PAR,2010,4,19
PAR,PAR,2010,4,20
PAR,PAR,2010,4,23
PAR,PAR,2010,4,24
PAR,PAR,2010,4,25
PAR,PAR,2010,4,26
PAR,PAR,2010,4,27
PAR,PAR,2010,4,30
PAR,PAR,2010,5,1
PAR,PAR,2010,5,2
PAR,PAR,2010,10,1
PAR,PAR,2010,10,2
PAR,PAR,2010,10,3
PAR,PAR,2010,10,4
PAR,PAR,2010,10,5
PAR,PAR,2010,10,8
PAR,PAR,2010,10,9
PAR,PAR,2010,10,10
PAR,PAR,2010,10,11
PAR,PAR,2010,10,12
PAR,PAR,2010,10,15
PAR,PAR,2010,10,16
PAR,PAR,2010,10,17
PAR,PAR,2010,10,18
PAR,PAR,2010,10,19
PAR,PAR,2010,10,22
PAR,PAR,2010,10,23
PAR,PAR,2010,10,24
PAR,PAR,2010,10,25
PAR,PAR,2010,10,26
PAR,PAR,2010,10,29
PAR,PAR,2010,10,30
PAR,PAR,2010,10,31
PAR,PAR,2010,11,1
PAR,PAR,2010,11,2
PAR,PAR,2010,11,5
PAR,PAR,2010,11,6
PAR,PAR,2010,11,7
PAR,PAR,2010,11,8
PAR,PAR,2010,11,9
PAR,PAR,2010,11,12
PAR,PAR,2010,11,13
PAR,PAR,2010,11,14
PAR,PAR,2010,11,15
PAR,PAR,2010,11,16
PAR,PAR,2010,11,19
PAR,PAR,2010,11,20
PAR,PAR,2010,11,21
PAR,PAR,2010,11,22
PAR,PAR,2010,11,23
PAR,PAR,2010,11,26
PAR,PAR,2010,11,27
PAR,PAR,2010,11,28
PAR,PAR,2010,11,29
PAR,PAR,2010,11,30
PAR,PAR,2010,12,3
PAR,PAR,2010,12,4
PAR,PAR,2010,12,5
PAR,PAR,2010,12,6
PAR,PAR,2010,12,7
PAR,PAR,2010,12,10
PAR,PAR,2010,12,11
PAR,PAR,2010,12,12
PAR,PAR,2010,12,13
PAR,PAR,2010,12,14
PAR,PAR,2010,12,17
PAR,PAR,2010,12,18
PAR,PAR,2010,12,19
PAR,PAR,2010,12,20
PAR,PAR,2010,12,21
PAR,PAR,2010,12,26
PAR,PAR,2010,12,27
PAR,PAR,2010,12,28
PAR,PAR,2010,12,31
PAR,PAR,2011,1,1
PAR,PAR,2011,1,2
PAR,PAR,2011,1,3
PAR,PAR,2011,1,4
PAR,PAR,2011,1,7
PAR,PAR,2011,1,8
PAR,PAR,2011,1,10
PAR,PAR,2011,1,11
PAR,PAR,2011,1,12
PAR,PAR,2011,1,14
PAR,PAR,2011,1,15
PAR,PAR,2011,1,17
PAR,PAR,2011,1,18
PAR,PAR,2011,1,19
PAR,PAR,2011,1,21
PAR,PAR,2011,1,22
PAR,PAR,2011,1,24
PAR,PAR,2011,1,25
PAR,PAR,2011,1,26
PAR,PAR,2011,1,28
PAR,PAR,2011,1,29
PAR,PAR,2011,1,30
PAR,PAR,2011,1,31
PAR,PAR,2011,2,1
PAR,PAR,2011,2,4
PAR,PAR,2011,2,5
PAR,PAR,2011,2,7
PAR,PAR,2011,2,8
PAR,PAR,2011,2,9
PAR,PAR,2011,2,11
PAR,PAR,2011,2,12
PAR,PAR,2011,2,13
PAR,PAR,2011,2,14
PAR,PAR,2011,2,15
PAR,PAR,2011,2,18
PAR,PAR,2011,2,19
PAR,PAR,2011,2,21
PAR,PAR,2011,2,22
PAR,PAR,2011,2,25
PAR,PAR,2011,2,26
PAR,PAR,2011,2,27
PAR,PAR,2011,2,28
PAR,PAR,2011,3,1
PAR,PAR,2011,3,4
PAR,PAR,2011,3,5
PAR,PAR,2011,3,6
PAR,PAR,2011,3,7
PAR,PAR,2011,3,8
PAR,PAR,2011,3,11
PAR,PAR,2011,3,12
PAR,PAR,2011,3,13
PAR,PAR,2011,3,14
PAR,PAR,2011,3,15
PAR,PAR,2011,3,18
PAR,PAR,2011,3,19
PAR,PAR,2011,3,20
PAR,PAR,2011,3,21
PAR,PAR,2011,3,22
PAR,PAR,2011,3,25
PAR,PAR,2011,3,26
PAR,PAR,2011,3,27
PAR,PAR,2011,3,28
PAR,PAR,2011,3,29
PAR,PAR,2011,4,1
PAR,PAR,2011,4,2
PAR,PAR,2011,4,3
PAR,PAR,2011,4,4
PAR,PAR,2011,4,5
PAR,PAR,2011,4,8
PAR,PAR,2011,4,9
PAR,PAR,2011,4,10
PAR,PAR,2011,4,11
PAR,PAR,2011,4,12
PAR,PAR,2011,4,15
PAR,PAR,2011,4,16
PAR,PAR,2011,4,17
PAR,PAR,2011,4,18
PAR,PAR,2011,4,19
PAR,PAR,2011,4,22
PAR,PAR,2011,4,23
PAR,PAR,2011,4,25
PAR,PAR,2011,4,26
PAR,PAR,2011,4,27
PAR,PAR,2011,4,29
PAR,PAR,2011,4,30
PAR,PAR,2011,5,1
PAR,PAR,2011,5,2
PAR,PAR,2011,5,3
PAR,PAR,2011,5,6
PAR,PAR,2011,5,7
PAR,PAR,2011,5,8
PAR,PAR,2011,10,1
PAR,PAR,2011,10,2
PAR,PAR,2011,10,3
PAR,PAR,2011,10,4
PAR,PAR,2011,10,7
PAR,PAR,2011,10,8
PAR,PAR,2011,10,9
PAR,PAR,2011,10,10
PAR,PAR,2011,10,11
PAR,PAR,2011,10,14
PAR,PAR,2011,10,15
PAR,PAR,2011,10,16
PAR,PAR,2011,10,17
PAR,PAR,2011,10,18
PAR,PAR,2011,10,21
PAR,PAR,2011,10,22
PAR,PAR,2011,10,23
PAR,PAR,2011,10,24
PAR,PAR,2011,10,25
PAR,PAR,2011,10,28
PAR,PAR,2011,10,29
PAR,PAR,2011,10,30
PAR,PAR,2011,10,31
PAR,PAR,2011,11,1
PAR,PAR,2011,11,4
PAR,PAR,2011,11,5
PAR,PAR,2011,11,6
PAR,PAR,2011,11,7
PAR,PAR,2011,11,8
PAR,PAR,2011,11,11
PAR,PAR,2011,11,12
PAR,PAR,2011,11,13
PAR,PAR,2011,11,14
PAR,PAR,2011,11,15
PAR,PAR,2011,11,18
PAR,PAR,2011,11,19
PAR,PAR,2011,11,20
PAR,PAR,2011,11,21
PAR,PAR,2011,11,22
PAR,PAR,2011,11,25
PAR,PAR,2011,11,26
PAR,PAR,2011,11,27
PAR,PAR,2011,11,28
PAR,PAR,2011,11,29
PAR,PAR,2011,12,2
PAR,PAR,2011,12,3
PAR,PAR,2011,12,4
PAR,PAR,2011,12,5
PAR,PAR,2011,12,6
PAR,PAR,2011,12,9
PAR,PAR,2011,12,10
PAR,PAR,2011,12,11
PAR,PAR,2011,12,12
PAR,PAR,2011,12,16
PAR,PAR,2011,12,17
PAR,PAR,2011,12,18
PAR,PAR,2011,12,19
PAR,PAR,2011,12,20
PAR,PAR,2011,12,21
PAR,PAR,2011,12,23
PAR,PAR,2011,12,26
PAR,PAR,2011,12,27
PAR,PAR,2011,12,28
PAR,PAR,2011,12,30
PAR,PAR,2011,12,31
PAR,PAR,2012,1,1
PAR,PAR,2012,1,2
PAR,PAR,2012,1,3
PAR,PAR,2012,1,6
PAR,PAR,2012,1,7
PAR,PAR,2012,1,9
PAR,PAR,2012,1,10
PAR,PAR,2012,1,11
PAR,PAR,2012,1,13
PAR,PAR,2012,1,14
PAR,PAR,2012,1,16
PAR,PAR,2012,1,17
PAR,PAR,2012,1,18
PAR,PAR,2012,1,20
PAR,PAR,2012,1,21
PAR,PAR,2012,1,23
PAR,PAR,2012,1,24
PAR,PAR,2012,1,25
PAR,PAR,2012,1,27
PAR,PAR,2012,1,28
PAR,PAR,2012,1,29
PAR,PAR,2012,1,30
PAR,PAR,2012,1,31
PAR,PAR,2012,2,3
PAR,PAR,2012,2,4
PAR,PAR,2012,2,6
PAR,PAR,2012,2,7
PAR,PAR,2012,2,8
PAR,PAR,2012,2,10
PAR,PAR,2012,2,11
PAR,PAR,2012,2,12
PAR,PAR,2012,2,13
PAR,PAR,2012,2,14
PAR,PAR,2012,2,17
PAR,PAR,2012,2,18
PAR,PAR,2012,2,19
PAR,PAR,2012,2,20
PAR,PAR,2012,2,21
PAR,PAR,2012,2,24
PAR,PAR,2012,2,25
PAR,PAR,2012,2,26
PAR,PAR,2012,2,27
PAR,PAR,2012,2,28
PAR,PAR,2012,3,2
PAR,PAR,2012,3,3
PAR,PAR,2012,3,4
PAR,PAR,2012,3,5
PAR,PAR,2012,3,6
PAR,PAR,2012,3,9
PAR,PAR,2012,3,10
PAR,PAR,2012,3,11
PAR,PAR,2012,3,12
PAR,PAR,2012,3,13
PAR,PAR,2012,3,16
PAR,PAR,2012,3,17
PAR,PAR,2012,3,18
PAR,PAR,2012,3,20
PAR,PAR,2012,3,23
PAR,PAR,2012,3,24
PAR,PAR,2012,3,25
PAR,PAR,2012,3,26
PAR,PAR,2012,3,27
PAR,PAR,2012,3,30
PAR,PAR,2012,3,31
PAR,PAR,2012,4,1
PAR,PAR,2012,4,2
PAR,PAR,2012,4,3
PAR,PAR,2012,4,6
PAR,PAR,2012,4,7
PAR,PAR,2012,4,9
PAR,PAR,2012,4,10
PAR,PAR,2012,4,11
PAR,PAR,2012,4,13
PAR,PAR,2012,4,14
PAR,PAR,2012,4,15
PAR,PAR,2012,4,16
PAR,PAR,2012,4,17
PAR,PAR,2012,4,20
PAR,PAR,2012,4,21
PAR,PAR,2012,4,22
PAR,PAR,2012,4,23
PAR,PAR,2012,4,24
PAR,PAR,2012,4,27
PAR,PAR,2012,4,28
PAR,PAR,2012,4,29
PAR,PAR,2012,4,30
PAR,PAR,2012,5,1
PAR,PAR,2012,5,4
PAR,PAR,2012,5,5
PAR,PAR,2012,5,6
PAR,PAR,2012,10,5
PAR,PAR,2012,10,6
PAR,PAR,2012,10,7
PAR,PAR,2012,10,8
PAR,PAR,2012,10,9
PAR,PAR,2012,10,12
PAR,PAR,2012,10,13
PAR,PAR,2012,10,14
PAR,PAR,2012,10,15
PAR,PAR,2012,10,16
PAR,PAR,2012,10,19
PAR,PAR,2012,10,20
PAR,PAR,2012,10,21
PAR,PAR,2012,10,22
PAR,PAR,2012,10,23
PAR,PAR,2012,10,26
PAR,PAR,2012,10,27
PAR,PAR,2012,10,28
PAR,PAR,2012,10,29
PAR,PAR,2012,10,30
PAR,PAR,2012,11,2
PAR,PAR,2012,11,3
PAR,PAR,2012,11,4
PAR,PAR,2012,11,5
PAR,PAR,2012,11,6
PAR,PAR,2012,11,9
PAR,PAR,2012,11,10
PAR,PAR,2012,11,11
PAR,PAR,2012,11,12
PAR,PAR,2012,11,13
PAR,PAR,2012,11,16
PAR,PAR,2012,11,17
PAR,PAR,2012,11,18
PAR,PAR,2012,11,19
PAR,PAR,2012,11,20
PAR,PAR,2012,11,23
PAR,PAR,2012,11,24
PAR,PAR,2012,11,25
PAR,PAR,2012,11,26
PAR,PAR,2012,11,27
PAR,PAR,2012,11,30
PAR,PAR,2012,12,1
PAR,PAR,2012,12,2
PAR,PAR,2012,12,3
PAR,PAR,2012,12,4
PAR,PAR,2012,12,7
PAR,PAR,2012,12,8
PAR,PAR,2012,12,9
PAR,PAR,2012,12,10
PAR,PAR,2012,12,11
PAR,PAR,2012,12,14
PAR,PAR,2012,12,18
PAR,PAR,2012,12,19
PAR,PAR,2012,12,21
PAR,PAR,2012,12,22
PAR,PAR,2012,12,23
PAR,PAR,2012,12,26
PAR,PAR,2012,12,27
PAR,PAR,2012,12,28
PAR,PAR,2012,12,29
PAR,PAR,2012,12,30
PAR,PAR,2012,12,31
PAR,PAR,2013,1,1
PAR,PAR,2013,1,4
PAR,PAR,2013,1,5
PAR,PAR,2013,1,7
PAR,PAR,2013,1,8
PAR,PAR,2013,1,9
PAR,PAR,2013,1,11
PAR,PAR,2013,1,12
PAR,PAR,2013,1,14
PAR,PAR,2013,1,15
PAR,PAR,2013,1,16
PAR,PAR,2013,1,18
PAR,PAR,2013,1,19
PAR,PAR,2013,1,21
PAR,PAR,2013,1,22
PAR,PAR,2013,1,23
PAR,PAR,2013,1,25
PAR,PAR,2013,1,29
PAR,PAR,2013,1,31
PAR,PAR,2013,2,1
PAR,PAR,2013,2,2
PAR,PAR,2013,2,4
PAR,PAR,2013,2,5
PAR,PAR,2013,2,6
PAR,PAR,2013,2,8
PAR,PAR,2013,2,9
PAR,PAR,2013,2,10
PAR,PAR,2013,2,11
PAR,PAR,2013,2,12
PAR,PAR,2013,2,15
PAR,PAR,2013,2,16
PAR,PAR,2013,2,17
PAR,PAR,2013,2,18
PAR,PAR,2013,2,19
PAR,PAR,2013,2,22
PAR,PAR,2013,2,23
PAR,PAR,2013,2,24
PAR,PAR,2013,2,25
PAR,PAR,2013,2,26
PAR,PAR,2013,3,1
PAR,PAR,2013,3,2
PAR,PAR,2013,3,3
PAR,PAR,2013,3,4
PAR,PAR,2013,3,5
PAR,PAR,2013,3,8
PAR,PAR,2013,3,9
PAR,PAR,2013,3,10
PAR,PAR,2013,3,11
PAR,PAR,2013,3,12
PAR,PAR,2013,3,15
PAR,PAR,2013,3,16
PAR,PAR,2013,3,17
PAR,PAR,2013,3,18
PAR,PAR,2013,3,19
PAR,PAR,2013,3,22
PAR,PAR,2013,3,23
PAR,PAR,2013,3,24
PAR,PAR,2013,3,25
PAR,PAR,2013,3,26
PAR,PAR,2013,3,29
PAR,PAR,2013,3,30
PAR,PAR,2013,4,1
PAR,PAR,2013,4,2
PAR,PAR,2013,4,3
PAR,PAR,2013,4,5
PAR,PAR,2013,4,6
PAR,PAR,2013,4,7
PAR,PAR,2013,4,8
PAR,PAR,2013,4,9
PAR,PAR,2013,4,12
PAR,PAR,2013,4,13
PAR,PAR,2013,4,14
PAR,PAR,2013,4,15
PAR,PAR,2013,4,16
PAR,PAR,2013,4,19
PAR,PAR,2013,4,20
PAR,PAR,2013,4,21
PAR,PAR,2013,4,22
PAR,PAR,2013,4,23
PAR,PAR,2013,4,26
PAR,PAR,2013,4,27
PAR,PAR,2013,4,28
PAR,PAR,2013,4,29
PAR,PAR,2013,4,30
PAR,PAR,2013,5,3
PAR,PAR,2013,5,4
PAR,PAR,2013,5,5
PAR,PAR,2013,5,6
PAR,PAR,2013,5,7
PAR,PAR,2013,10,5
PAR,PAR,2013,10,6
PAR,PAR,2013,10,7
PAR,PAR,2013,10,8
PAR,PAR,2013,10,9
PAR,PAR,2013,10,12
PAR,PAR,2013,10,13
PAR,PAR,2013,10,14
PAR,PAR,2013,10,15
PAR,PAR,2013,10,16
PAR,PAR,2013,10,19
PAR,PAR,2013,10,20
PAR,PAR,2013,10,21
PAR,PAR,2013,10,22
PAR,PAR,2013,10,23
PAR,PAR,2013,10,26
PAR,PAR,2013,10,27
PAR,PAR,2013,10,28
PAR,PAR,2013,10,29
PAR,PAR,2013,11,1
PAR,PAR,2013,11,2
PAR,PAR,2013,11,3
PAR,PAR,2013,11,4
PAR,PAR,2013,11,5
PAR,PAR,2013,11,6
PAR,PAR,2013,11,9
PAR,PAR,2013,11,10
PAR,PAR,2013,11,11
PAR,PAR,2013,11,12
PAR,PAR,2013,11,13
PAR,PAR,2013,11,16
PAR,PAR,2013,11,17
PAR,PAR,2013,11,18
PAR,PAR,2013,11,19
PAR,PAR,2013,11,20
PAR,PAR,2013,11,23
PAR,PAR,2013,11,24
PAR,PAR,2013,11,25
PAR,PAR,2013,11,26
PAR,PAR,2013,11,29
PAR,PAR,2013,11,30
PAR,PAR,2013,12,1
PAR,PAR,2013,12,2
PAR,PAR,2013,12,3
PAR,PAR,2013,12,4
PAR,PAR,2013,12,7
PAR,PAR,2013,12,8
PAR,PAR,2013,12,9
PAR,PAR,2013,12,10
PAR,PAR,2013,12,11
PAR,PAR,2013,12,14
PAR,PAR,2013,12,15
PAR,PAR,2013,12,16
PAR,PAR,2013,12,17
PAR,PAR,2013,12,18
PAR,PAR,2013,12,20
PAR,PAR,2013,12,21
PAR,PAR,2013,12,22
PAR,PAR,2013,12,23
PAR,PAR,2013,12,26
PAR,PAR,2013,12,27
PAR,PAR,2013,12,28
PAR,PAR,2013,12,30
PAR,PAR,2013,12,31
PAR,PAR,2014,1,1
PAR,PAR,2014,1,3
PAR,PAR,2014,1,4
PAR,PAR,2014,1,6
PAR,PAR,2014,1,7
PAR,PAR,2014,1,8
PAR,PAR,2014,1,10
PAR,PAR,2014,1,11
PAR,PAR,2014,1,13
PAR,PAR,2014,1,14
PAR,PAR,2014,1,15
PAR,PAR,2014,1,17
PAR,PAR,2014,1,18
PAR,PAR,2014,1,20
PAR,PAR,2014,1,21
PAR,PAR,2014,1,22
PAR,PAR,2014,1,24
PAR,PAR,2014,1,25
PAR,PAR,2014,1,26
PAR,PAR,2014,1,27
PAR,PAR,2014,1,28
PAR,PAR,2014,1,29
PAR,PAR,2014,2,1
PAR,PAR,2014,2,3
PAR,PAR,2014,2,4
PAR,PAR,2014,2,5
PAR,PAR,2014,2,7
PAR,PAR,2014,2,8
PAR,PAR,2014,2,9
PAR,PAR,2014,2,10
PAR,PAR,2014,2,11
PAR,PAR,2014,2,12
PAR,PAR,2014,2,15
PAR,PAR,2014,2,16
PAR,PAR,2014,2,17
PAR,PAR,2014,2,18
PAR,PAR,2014,2,19
PAR,PAR,2014,2,22
PAR,PAR,2014,2,23
PAR,PAR,2014,2,24
PAR,PAR,2014,2,25
PAR,PAR,2014,2,26
PAR,PAR,2014,3,1
PAR,PAR,2014,3,2
PAR,PAR,2014,3,3
PAR,PAR,2014,3,4
PAR,PAR,2014,3,5
PAR,PAR,2014,3,8
PAR,PAR,2014,3,9
PAR,PAR,2014,3,10
PAR,PAR,2014,3,11
PAR,PAR,2014,3,12
PAR,PAR,2014,3,15
PAR,PAR,2014,3,16
PAR,PAR,2014,3,17
PAR,PAR,2014,3,18
PAR,PAR,2014,3,19
PAR,PAR,2014,3,22
PAR,PAR,2014,3,23
PAR,PAR,2014,3,24
PAR,PAR,2014,3,26
PAR,PAR,2014,3,29
PAR,PAR,2014,3,30
PAR,PAR,2014,3,31
PAR,PAR,2014,4,1
PAR,PAR,2014,4,2
PAR,PAR,2014,4,5
PAR,PAR,2014,4,6
PAR,PAR,2014,4,7
PAR,PAR,2014,4,8
PAR,PAR,2014,4,9
PAR,PAR,2014,4,12
PAR,PAR,2014,4,13
PAR,PAR,2014,4,14
PAR,PAR,2014,4,15
PAR,PAR,2014,4,16
PAR,PAR,2014,4,19
PAR,PAR,2014,4,21
PAR,PAR,2014,4,22
PAR,PAR,2014,4,23
PAR,PAR,2014,4,26
PAR,PAR,2014,4,28
PAR,PAR,2014,4,29
PAR,PAR,2014,4,30
PAR,PAR,2014,5,2
PAR,PAR,2014,5,3
PAR,PAR,2014,5,4
PAR,PAR,2014,10,18
PAR,PAR,2014,10,19
PAR,PAR,2014,10,20
PAR,PAR,2014,10,25
PAR,PAR,2014,10,26
PAR,PAR,2014,10,27
PAR,PAR,2014,10,28
PAR,PAR,2014,10,29
PAR,PAR,2014,10,31
PAR,PAR,2014,11,1
PAR,PAR,2014,11,2
PAR,PAR,2014,11,3
PAR,PAR,2014,11,4
PAR,PAR,2014,11,5
PAR,PAR,2014,11,8
PAR,PAR,2014,11,9
PAR,PAR,2014,11,10
PAR,PAR,2014,11,11
PAR,PAR,2014,11,12
PAR,PAR,2014,11,15
PAR,PAR,2014,11,16
PAR,PAR,2014,11,17
PAR,PAR,2014,11,18
PAR,PAR,2014,11,19
PAR,PAR,2014,11,22
PAR,PAR,2014,11,23
PAR,PAR,2014,11,24
PAR,PAR,2014,11,25
PAR,PAR,2014,11,28
PAR,PAR,2014,11,29
PAR,PAR,2014,11,30
PAR,PAR,2015,3,28
PAR,PAR,2015,3,29
PAR,PAR,2015,3,30
PAR,PAR,2015,3,31
PAR,PAR,2015,4,1
PAR,PAR,2015,4,4
PAR,PAR,2015,4,6
PAR,PAR,2015,4,7
PAR,PAR,2015,4,8
PAR,PAR,2015,4,11
PAR,PAR,2015,4,12
PAR,PAR,2015,4,13
PAR,PAR,2015,4,14
PAR,PAR,2015,4,15
PAR,PAR,2015,4,18
PAR,PAR,2015,4,19
PAR,PAR,2015,4,20
PAR,PAR,2015,4,21
PAR,PAR,2015,4,22
PAR,PAR,2015,4,25
PAR,PAR,2015,4,26
PAR,PAR,2015,4,27
PAR,PAR,2015,4,28
PAR,PAR,2015,4,29
PAR,PAR,2015,5,1
PAR,PAR,2015,5,2
PAR,PAR,2015,5,3
PAR,PAR,2015,5,5
PAR,PAR,2015,10,17
PAR,PAR,2015,10,18
PAR,PAR,2015,10,19
PAR,PAR,2015,10,24
PAR,PAR,2015,10,25
PAR,PAR,2015,10,26
PAR,PAR,2015,10,30
PAR,PAR,2015,10,31
PAR,PAR,2015,11,1
PAR,PAR,2015,11,2
PAR,PAR,2015,11,3
PAR,PAR,2015,11,7
PAR,PAR,2015,11,8
PAR,PAR,2015,11,9
PAR,PAR,2015,11,10
PAR,PAR,2015,11,11
PAR,PAR,2015,11,14
PAR,PAR,2015,11,15
PAR,PAR,2015,11,16
PAR,PAR,2015,11,17
PAR,PAR,2015,11,18
PAR,PAR,2015,11,21
PAR,PAR,2015,11,22
PAR,PAR,2015,11,23
PAR,PAR,2015,11,24
REM,REM,2014,3,7
REM,REM,2014,3,8
REM,REM,2014,3,9
REM,REM,2014,3,13
REM,REM,2014,3,14
REM,REM,2014,3,15
REM,REM,2014,3,16
REM,REM,2014,3,20
REM,REM,2014,3,21
REM,REM,2014,3,22
REM,REM,2014,3,23
REM,REM,2014,3,27
REM,REM,2014,3,28
REM,REM,2014,3,29
REM,REM,2014,3,30
REM,REM,2014,4,3
REM,REM,2014,4,4
REM,REM,2014,4,5
REM,REM,2014,4,6
REM,REM,2014,4,10
REM,REM,2014,4,11
REM,REM,2014,4,12
REM,REM,2014,4,13
REM,REM,2014,4,17
REM,REM,2014,4,18
REM,REM,2014,4,19
REM,REM,2014,4,20
REM,REM,2014,4,24
REM,REM,2014,4,25
REM,REM,2014,4,26
REM,REM,2014,4,27
REM,REM,2014,5,1
REM,REM,2014,5,2
REM,REM,2014,5,3
REM,REM,2014,5,4
REM,REM,2014,5,8
REM,REM,2014,5,9
REM,REM,2014,5,10
REM,REM,2014,5,11
REM,REM,2014,5,15
REM,REM,2014,5,16
REM,REM,2014,5,17
REM,REM,2014,5,18
REM,REM,2014,5,23
REM,REM,2014,5,24
REM,REM,2014,5,25
REM,REM,2014,5,26
REM,REM,2014,5,30
REM,REM,2014,5,31
REM,REM,2014,6,1
REM,REM,2014,8,15
REM,REM,2014,8,16
REM,REM,2014,8,20
REM,REM,2014,8,21
REM,REM,2014,8,22
REM,REM,2014,8,23
REM,REM,2014,8,27
REM,REM,2014,8,28
REM,REM,2014,8,29
REM,REM,2014,8,30
REM,REM,2014,9,1
REM,REM,2014,9,4
REM,REM,2014,9,5
REM,REM,2014,9,6
REM,REM,2014,9,10
REM,REM,2014,9,11
REM,REM,2014,9,12
REM,REM,2014,9,13
REM,REM,2014,9,17
REM,REM,2014,9,18
REM,REM,2014,9,19
REM,REM,2014,9,20
REM,REM,2014,9,25
REM,REM,2014,9,26
REM,REM,2014,9,27
REM,REM,2014,9,28
REM,REM,2014,10,1
REM,REM,2014,10,2
REM,REM,2014,10,3
REM,REM,2014,10,4
REM,REM,2014,10,8
REM,REM,2014,10,9
REM,REM,2014,10,10
REM,REM,2014,10,11
REM,REM,2014,10,15
REM,REM,2014,10,16
REM,REM,2014,10,17
REM,REM,2014,10,18
REM,REM,2014,10,22
REM,REM,2014,10,23
REM,REM,2014,10,24
REM,REM,2014,10,25
REM,REM,2014,10,29
REM,REM,2014,10,30
REM,REM,2014,10,31
REM,REM,2014,11,1
REM,REM,2014,11,5
REM,REM,2014,11,6
REM,REM,2014,11,7
REM,REM,2014,11,8
REM,REM,2014,11,12
REM,REM,2014,11,13
REM,REM,2014,11,14
REM,REM,2014,11,15
REM,REM,2014,11,19
REM,REM,2014,11,20
REM,REM,2014,11,21
REM,REM,2014,11,22
REM,REM,2014,11,28
REM,REM,2014,11,29
REM,REM,2014,12,3
REM,REM,2014,12,4
REM,REM,2014,12,5
REM,REM,2014,12,6
REM,REM,2014,12,12
REM,REM,2014,12,13
REM,REM,2014,12,14
REM,REM,2015,3,6
REM,REM,2015,3,7
REM,REM,2015,3,8
REM,REM,2015,3,12
REM,REM,2015,3,13
REM,REM,2015,3,14
REM,REM,2015,3,15
REM,REM,2015,3,19
REM,REM,2015,3,20
REM,REM,2015,3,21
REM,REM,2015,3,22
REM,REM,2015,3,26
REM,REM,2015,3,27
REM,REM,2015,3,28
REM,REM,2015,3,29
REM,REM,2015,4,2
REM,REM,2015,4,3
REM,REM,2015,4,4
REM,REM,2015,4,9
REM,REM,2015,4,10
REM,REM,2015,4,11
REM,REM,2015,4,12
REM,REM,2015,4,16
REM,REM,2015,4,17
REM,REM,2015,4,18
REM,REM,2015,4,19
REM,REM,2015,4,23
REM,REM,2015,4,24
REM,REM,2015,4,25
REM,REM,2015,4,26
REM,REM,2015,4,30
REM,REM,2015,5,1
REM,REM,2015,5,2
REM,REM,2015,5,3
REM,REM,2015,5,7
REM,REM,2015,5,10
REM,REM,2015,5,11
REM,REM,2015,5,12
REM,REM,2015,5,14
REM,REM,2015,5,15
REM,REM,2015,5,16
REM,REM,2015,5,17
REM,REM,2015,5,21
REM,REM,2015,5,22
REM,REM,2015,5,23
REM,REM,2015,5,24
REM,REM,2015,5,25
REM,REM,2015,5,28
REM,REM,2015,5,29
REM,REM,2015,5,30
REM,REM,2015,5,31
REM,REM,2015,8,14
REM,REM,2015,8,15
REM,REM,2015,8,19
REM,REM,2015,8,20
REM,REM,2015,8,21
REM,REM,2015,8,22
REM,REM,2015,8,26
REM,REM,2015,8,27
REM,REM,2015,8,28
REM,REM,2015,8,29
REM,REM,2015,9,2
REM,REM,2015,9,3
REM,REM,2015,9,4
REM,REM,2015,9,5
REM,REM,2015,9,7
REM,REM,2015,9,10
REM,REM,2015,9,11
REM,REM,2015,9,12
REM,REM,2015,9,16
REM,REM,2015,9,17
REM,REM,2015,9,18
REM,REM,2015,9,19
REM,REM,2015,9,24
REM,REM,2015,9,25
REM,REM,2015,9,26
REM,REM,2015,9,27
REM,REM,2015,9,30
REM,REM,2015,10,1
REM,REM,2015,10,2
REM,REM,2015,10,3
REM,REM,2015,10,7
REM,REM,2015,10,8
REM,REM,2015,10,9
REM,REM,2015,10,10
REM,REM,2015,10,14
REM,REM,2015,10,15
REM,REM,2015,10,16
REM,REM,2015,10,17
REM,REM,2015,10,21
REM,REM,2015,10,22
REM,REM,2015,10,23
REM,REM,2015,10,24
REM,REM,2015,10,28
REM,REM,2015,10,29
REM,REM,2015,10,30
REM,REM,2015,10,31
REM,REM,2015,11,4
REM,REM,2015,11,5
REM,REM,2015,11,6
REM,REM,2015,11,7
REM,REM,2015,11,11
REM,REM,2015,11,12
REM,REM,2015,11,13
REM,REM,2015,11,14
REM,REM,2015,11,18
REM,REM,2015,11,19
REM,REM,2015,11,20
REM,REM,2015,11,21
RET,RET,1998,8,14
RET,RET,1998,8,15
RET,RET,1998,8,16
RET,RET,1998,8,20
RET,RET,1998,8,21
RET,RET,1998,8,22
RET,RET,1998,8,23
RET,RET,1998,8,27
RET,RET,1998,8,28
RET,RET,1998,8,29
RET,RET,1998,8,30
RET,RET,1998,9,3
RET,RET,1998,9,4
RET,RET,1998,9,5
RET,RET,1998,9,6
RET,RET,1998,9,7
RET,RET,1998,9,11
RET,RET,1998,9,12
RET,RET,1998,9,13
RET,RET,1998,9,17
RET,RET,1998,9,18
RET,RET,1998,9,19
RET,RET,1998,9,20
RET,RET,1998,9,24
RET,RET,1998,9,25
RET,RET,1998,9,26
RET,RET,1998,9,27
RET,RET,1998,10,1
RET,RET,1998,10,2
RET,RET,1998,10,3
RET,RET,1998,10,4
RET,RET,1998,10,8
RET,RET,1998,10,9
RET,RET,1998,10,10
RET,RET,1998,10,11
RET,RET,1998,10,15
RET,RET,1998,10,16
RET,RET,1999,7,30
RET,RET,1999,7,31
RET,RET,1999,8,1
RET,RET,1999,8,5
RET,RET,1999,8,8
RET,RET,1999,8,15
RET,RET,1999,8,19
RET,RET,1999,8,20
RET,RET,1999,8,21
RET,RET,1999,8,22
RET,RET,1999,8,26
RET,RET,1999,8,29
RET,RET,1999,9,2
RET,RET,1999,9,3
RET,RET,1999,9,4
RET,RET,1999,9,5
RET,RET,1999,9,6
RET,RET,1999,9,10
RET,RET,1999,9,11
RET,RET,1999,9,12
RET,RET,1999,9,16
RET,RET,1999,9,17
RET,RET,1999,9,18
RET,RET,1999,9,19
RET,RET,1999,9,23
RET,RET,1999,9,24
RET,RET,1999,9,25
RET,RET,1999,9,26
RET,RET,1999,9,30
RET,RET,1999,10,1
RET,RET,1999,10,2
RET,RET,1999,10,3
RET,RET,1999,10,7
RET,RET,1999,10,8
RET,RET,1999,10,9
RET,RET,1999,10,10
RET,RET,1999,10,14
RET,RET,1999,10,15
RET,RET,1999,10,16
RET,RET,1999,10,17
RET,RET,1999,10,21
RET,RET,1999,10,22
RET,RET,1999,10,23
RET,RET,1999,10,24
RET,RET,2000,8,4
RET,RET,2000,8,5
RET,RET,2000,8,6
RET,RET,2000,8,10
RET,RET,2000,8,12
RET,RET,2000,8,13
RET,RET,2000,8,17
RET,RET,2000,8,18
RET,RET,2000,8,24
RET,RET,2000,8,25
RET,RET,2000,8,26
RET,RET,2000,8,31
RET,RET,2000,9,1
RET,RET,2000,9,2
RET,RET,2000,9,3
RET,RET,2000,9,7
RET,RET,2000,9,8
RET,RET,2000,9,9
RET,RET,2000,9,10
RET,RET,2000,9,14
RET,RET,2000,9,15
RET,RET,2000,9,16
RET,RET,2000,9,21
RET,RET,2000,9,22
RET,RET,2000,9,23
RET,RET,2000,9,24
RET,RET,2000,9,28
RET,RET,2000,9,29
RET,RET,2000,9,30
RET,RET,2000,10,1
RET,RET,2000,10,4
RET,RET,2000,10,5
RET,RET,2000,10,7
RET,RET,2000,10,11
RET,RET,2000,10,12
RET,RET,2000,10,13
RET,RET,2000,10,14
RET,RET,2000,10,18
RET,RET,2000,10,19
RET,RET,2000,10,20
RET,RET,2000,10,21
RET,RET,2000,10,25
RET,RET,2000,10,26
RET,RET,2000,10,27
RET,RET,2000,10,28
RET,RET,2001,5,7
RET,RET,2001,5,21
RET,RET,2001,6,4
RET,RET,2001,6,18
RET,RET,2001,8,9
RET,RET,2001,8,10
RET,RET,2001,8,11
RET,RET,2001,8,12
RET,RET,2001,8,17
RET,RET,2001,8,18
RET,RET,2001,8,19
RET,RET,2001,8,23
RET,RET,2001,8,24
RET,RET,2001,8,25
RET,RET,2001,8,26
RET,RET,2001,8,31
RET,RET,2001,9,1
RET,RET,2001,9,2
RET,RET,2001,9,5
RET,RET,2001,9,6
RET,RET,2001,9,7
RET,RET,2001,9,8
RET,RET,2001,9,13
RET,RET,2001,9,14
RET,RET,2001,9,15
RET,RET,2001,9,19
RET,RET,2001,9,20
RET,RET,2001,9,21
RET,RET,2001,9,22
RET,RET,2001,9,27
RET,RET,2001,9,28
RET,RET,2001,9,29
RET,RET,2001,10,3
RET,RET,2001,10,5
RET,RET,2001,10,6
RET,RET,2001,10,10
RET,RET,2001,10,11
RET,RET,2001,10,13
RET,RET,2001,10,17
RET,RET,2001,10,18
RET,RET,2001,10,19
RET,RET,2001,10,20
RET,RET,2001,10,26
RET,RET,2001,10,27
RET,RET,2002,8,2
RET,RET,2002,8,3
RET,RET,2002,8,4
RET,RET,2002,8,8
RET,RET,2002,8,9
RET,RET,2002,8,10
RET,RET,2002,8,11
RET,RET,2002,8,15
RET,RET,2002,8,16
RET,RET,2002,8,17
RET,RET,2002,8,18
RET,RET,2002,8,22
RET,RET,2002,8,23
RET,RET,2002,8,24
RET,RET,2002,8,25
RET,RET,2002,8,29
RET,RET,2002,8,30
RET,RET,2002,8,31
RET,RET,2002,9,1
RET,RET,2002,9,4
RET,RET,2002,9,5
RET,RET,2002,9,6
RET,RET,2002,9,7
RET,RET,2002,9,11
RET,RET,2002,9,12
RET,RET,2002,9,13
RET,RET,2002,9,14
RET,RET,2002,9,18
RET,RET,2002,9,19
RET,RET,2002,9,20
RET,RET,2002,9,21
RET,RET,2002,9,25
RET,RET,2002,9,26
RET,RET,2002,9,27
RET,RET,2002,9,28
RET,RET,2002,10,2
RET,RET,2002,10,3
RET,RET,2002,10,4
RET,RET,2002,10,5
RET,RET,2002,10,9
RET,RET,2002,10,10
RET,RET,2002,10,11
RET,RET,2002,10,12
RET,RET,2002,10,16
RET,RET,2002,10,17
RET,RET,2002,10,18
RET,RET,2002,10,19
RET,RET,2002,10,23
RET,RET,2002,10,24
RET,RET,2002,10,25
RET,RET,2002,10,26
RET,RET,2003,8,1
RET,RET,2003,8,2
RET,RET,2003,8,3
RET,RET,2003,8,7
RET,RET,2003,8,8
RET,RET,2003,8,9
RET,RET,2003,8,10
RET,RET,2003,8,14
RET,RET,2003,8,15
RET,RET,2003,8,16
RET,RET,2003,8,17
RET,RET,2003,8,21
RET,RET,2003,8,22
RET,RET,2003,8,23
RET,RET,2003,8,24
RET,RET,2003,8,28
RET,RET,2003,8,29
RET,RET,2003,8,30
RET,RET,2003,8,31
RET,RET,2003,9,3
RET,RET,2003,9,4
RET,RET,2003,9,5
RET,RET,2003,9,6
RET,RET,2003,9,10
RET,RET,2003,9,11
RET,RET,2003,9,12
RET,RET,2003,9,13
RET,RET,2003,9,17
RET,RET,2003,9,18
RET,RET,2003,9,19
RET,RET,2003,9,20
RET,RET,2003,9,24
RET,RET,2003,9,25
RET,RET,2003,9,26
RET,RET,2003,9,27
RET,RET,2003,10,1
RET,RET,2003,10,2
RET,RET,2003,10,3
RET,RET,2003,10,4
RET,RET,2003,10,8
RET,RET,2003,10,9
RET,RET,2003,10,10
RET,RET,2003,10,11
RET,RET,2003,10,15
RET,RET,2003,10,16
RET,RET,2003,10,17
RET,RET,2003,10,18
RET,RET,2003,10,19
RET,RET,2004,7,23
RET,RET,2004,7,24
RET,RET,2004,7,25
RET,RET,2004,7,29
RET,RET,2004,7,30
RET,RET,2004,7,31
RET,RET,2004,8,1
RET,RET,2004,8,5
RET,RET,2004,8,6
RET,RET,2004,8,7
RET,RET,2004,8,8
RET,RET,2004,8,12
RET,RET,2004,8,13
RET,RET,2004,8,14
RET,RET,2004,8,15
RET,RET,2004,8,19
RET,RET,2004,8,20
RET,RET,2004,8,21
RET,RET,2004,8,22
RET,RET,2004,8,26
RET,RET,2004,8,27
RET,RET,2004,8,28
RET,RET,2004,8,29
RET,RET,2004,9,1
RET,RET,2004,9,2
RET,RET,2004,9,3
RET,RET,2004,9,4
RET,RET,2004,9,8
RET,RET,2004,9,9
RET,RET,2004,9,10
RET,RET,2004,9,11
RET,RET,2004,9,15
RET,RET,2004,9,16
RET,RET,2004,9,17
RET,RET,2004,9,18
RET,RET,2004,9,22
RET,RET,2004,9,23
RET,RET,2004,9,24
RET,RET,2004,9,25
RET,RET,2005,4,30
RET,RET,2005,5,1
RET,RET,2005,5,6
RET,RET,2005,5,7
RET,RET,2005,5,8
RET,RET,2005,5,13
RET,RET,2005,5,14
RET,RET,2005,5,15
RET,RET,2005,5,20
RET,RET,2005,5,21
RET,RET,2005,5,22
RET,RET,2005,5,27
RET,RET,2005,5,28
RET,RET,2005,5,29
RET,RET,2005,6,3
RET,RET,2005,6,4
RET,RET,2005,6,5
RET,RET,2005,6,10
RET,RET,2005,6,11
RET,RET,2005,6,12
RET,RET,2005,6,17
RET,RET,2005,6,18
RET,RET,2005,6,19
RET,RET,2005,8,5
RET,RET,2005,8,6
RET,RET,2005,8,7
RET,RET,2005,8,11
RET,RET,2005,8,12
RET,RET,2005,8,13
RET,RET,2005,8,14
RET,RET,2005,8,18
RET,RET,2005,8,19
RET,RET,2005,8,20
RET,RET,2005,8,21
RET,RET,2005,8,25
RET,RET,2005,8,26
RET,RET,2005,8,27
RET,RET,2005,8,28
RET,RET,2005,9,1
RET,RET,2005,9,2
RET,RET,2005,9,3
RET,RET,2005,9,4
RET,RET,2005,9,7
RET,RET,2005,9,8
RET,RET,2005,9,9
RET,RET,2005,9,10
RET,RET,2005,9,14
RET,RET,2005,9,15
RET,RET,2005,9,16
RET,RET,2005,9,17
RET,RET,2005,9,21
RET,RET,2005,9,22
RET,RET,2005,9,23
RET,RET,2005,9,24
RET,RET,2005,9,28
RET,RET,2005,9,29
RET,RET,2005,9,30
RET,RET,2005,10,1
RET,RET,2005,10,5
RET,RET,2005,10,6
RET,RET,2005,10,7
RET,RET,2005,10,8
RET,RET,2005,10,12
RET,RET,2005,10,13
RET,RET,2005,10,14
RET,RET,2005,10,15
RET,RET,2006,4,28
RET,RET,2006,4,29
RET,RET,2006,4,30
RET,RET,2006,5,5
RET,RET,2006,5,6
RET,RET,2006,5,7
RET,RET,2006,5,12
RET,RET,2006,5,13
RET,RET,2006,5,14
RET,RET,2006,5,19
RET,RET,2006,5,20
RET,RET,2006,5,21
RET,RET,2006,5,26
RET,RET,2006,5,27
RET,RET,2006,5,28
RET,RET,2006,6,2
RET,RET,2006,6,3
RET,RET,2006,6,4
RET,RET,2006,6,9
RET,RET,2006,6,10
RET,RET,2006,6,11
RET,RET,2006,6,16
RET,RET,2006,6,17
RET,RET,2006,6,18
RET,RET,2006,8,11
RET,RET,2006,8,12
RET,RET,2006,8,13
RET,RET,2006,8,17
RET,RET,2006,8,18
RET,RET,2006,8,19
RET,RET,2006,8,20
RET,RET,2006,8,24
RET,RET,2006,8,25
RET,RET,2006,8,26
RET,RET,2006,8,27
RET,RET,2006,8,31
RET,RET,2006,9,1
RET,RET,2006,9,2
RET,RET,2006,9,3
RET,RET,2006,9,6
RET,RET,2006,9,7
RET,RET,2006,9,8
RET,RET,2006,9,9
RET,RET,2006,9,13
RET,RET,2006,9,14
RET,RET,2006,9,15
RET,RET,2006,9,16
RET,RET,2006,9,20
RET,RET,2006,9,21
RET,RET,2006,9,22
RET,RET,2006,9,23
RET,RET,2006,9,27
RET,RET,2006,9,28
RET,RET,2006,9,29
RET,RET,2006,9,30
RET,RET,2006,10,4
RET,RET,2006,10,5
RET,RET,2006,10,6
RET,RET,2006,10,7
RET,RET,2006,10,11
RET,RET,2006,10,12
RET,RET,2006,10,13
RET,RET,2006,10,14
RET,RET,2006,10,18
RET,RET,2006,10,19
RET,RET,2006,10,20
RET,RET,2006,10,21
RET,RET,2006,10,25
RET,RET,2006,10,26
RET,RET,2006,10,27
RET,RET,2006,10,28
RET,RET,2006,11,1
RET,RET,2006,11,2
RET,RET,2006,11,3
RET,RET,2006,11,4
RET,RET,2007,5,4
RET,RET,2007,5,5
RET,RET,2007,5,6
RET,RET,2007,5,11
RET,RET,2007,5,12
RET,RET,2007,5,13
RET,RET,2007,5,18
RET,RET,2007,5,19
RET,RET,2007,5,20
RET,RET,2007,5,25
RET,RET,2007,5,26
RET,RET,2007,5,27
RET,RET,2007,6,1
RET,RET,2007,6,2
RET,RET,2007,6,3
RET,RET,2007,6,8
RET,RET,2007,6,9
RET,RET,2007,6,10
RET,RET,2007,6,15
RET,RET,2007,6,16
RET,RET,2007,6,17
RET,RET,2007,9,7
RET,RET,2007,9,8
RET,RET,2007,9,13
RET,RET,2007,9,14
RET,RET,2007,9,15
RET,RET,2007,9,20
RET,RET,2007,9,21
RET,RET,2007,9,22
RET,RET,2007,9,27
RET,RET,2007,9,28
RET,RET,2007,9,29
RET,RET,2007,10,4
RET,RET,2007,10,5
RET,RET,2007,10,6
RET,RET,2007,10,11
RET,RET,2007,10,12
RET,RET,2007,10,13
RET,RET,2007,10,18
RET,RET,2007,10,19
RET,RET,2007,10,20
RET,RET,2007,10,25
RET,RET,2007,10,26
RET,RET,2007,10,27
RET,RET,2007,11,1
RET,RET,2007,11,2
RET,RET,2007,11,3
RET,RET,2007,11,8
RET,RET,2007,11,9
RET,RET,2007,11,10
RET,RET,2007,11,15
RET,RET,2007,11,16
RET,RET,2007,11,17
RET,RET,2008,4,25
RET,RET,2008,8,29
RET,RET,2008,8,30
RET,RET,2008,9,4
RET,RET,2008,9,5
RET,RET,2008,9,6
RET,RET,2008,9,11
RET,RET,2008,9,12
RET,RET,2008,9,13
RET,RET,2008,9,18
RET,RET,2008,9,19
RET,RET,2008,9,20
RET,RET,2008,9,25
RET,RET,2008,9,26
RET,RET,2008,9,27
RET,RET,2008,10,2
RET,RET,2008,10,3
RET,RET,2008,10,4
RET,RET,2008,10,9
RET,RET,2008,10,10
RET,RET,2008,10,11
RET,RET,2008,10,16
RET,RET,2008,10,17
RET,RET,2008,10,18
RET,RET,2008,10,23
RET,RET,2008,10,24
RET,RET,2008,10,25
RET,RET,2008,10,30
RET,RET,2008,10,31
RET,RET,2008,11,1
RET,RET,2008,11,6
RET,RET,2008,11,7
RET,RET,2008,11,8
RET,RET,2008,11,13
RET,RET,2008,11,14
RET,RET,2008,11,15
RET,RET,2008,11,20
RET,RET,2008,11,21
RET,RET,2008,11,22
RET,RET,2008,11,28
RET,RET,2008,11,29
RET,RET,2008,12,4
RET,RET,2008,12,5
RET,RET,2008,12,6
RET,RET,2008,12,11
RET,RET,2008,12,12
RET,RET,2008,12,13
RET,RET,2008,12,18
RET,RET,2008,12,19
RET,RET,2008,12,20
RET,RET,2008,12,26
RET,RET,2008,12,27
RET,RET,2009,1,1
RET,RET,2009,1,2
RET,RET,2009,1,3
RET,RET,2009,1,8
RET,RET,2009,1,9
RET,RET,2009,1,10
RET,RET,2009,1,15
RET,RET,2009,1,16
RET,RET,2009,1,17
RET,RET,2009,1,22
RET,RET,2009,1,23
RET,RET,2009,1,24
RET,RET,2009,1,29
RET,RET,2009,1,30
RET,RET,2009,1,31
RET,RET,2009,2,5
RET,RET,2009,2,6
RET,RET,2009,2,7
RET,RET,2009,2,12
RET,RET,2009,2,13
RET,RET,2009,2,14
RET,RET,2009,2,19
RET,RET,2009,2,20
RET,RET,2009,2,21
RET,RET,2009,2,26
RET,RET,2009,2,27
RET,RET,2009,2,28
RET,RET,2009,8,28
RET,RET,2009,8,29
RET,RET,2009,9,3
RET,RET,2009,9,4
RET,RET,2009,9,5
RET,RET,2009,9,10
RET,RET,2009,9,11
RET,RET,2009,9,12
RET,RET,2009,9,17
RET,RET,2009,9,18
RET,RET,2009,9,19
RET,RET,2009,9,24
RET,RET,2009,9,25
RET,RET,2009,9,26
RET,RET,2009,10,1
RET,RET,2009,10,2
RET,RET,2009,10,3
RET,RET,2009,10,8
RET,RET,2009,10,9
RET,RET,2009,10,10
RET,RET,2009,10,15
RET,RET,2009,10,16
RET,RET,2009,10,17
RET,RET,2009,10,22
RET,RET,2009,10,23
RET,RET,2009,10,24
RET,RET,2009,10,29
RET,RET,2009,10,30
RET,RET,2009,10,31
RET,RET,2009,11,5
RET,RET,2009,11,6
RET,RET,2009,11,7
RET,RET,2010,9,3
RET,RET,2010,9,4
RET,RET,2010,9,10
RET,RET,2010,9,11
RET,RET,2010,9,17
RET,RET,2010,9,18
RET,RET,2010,9,24
RET,RET,2010,9,25
RET,RET,2010,10,1
RET,RET,2010,10,2
RET,RET,2010,10,8
RET,RET,2010,10,9
RET,RET,2010,10,15
RET,RET,2010,10,16
RET,RET,2010,10,22
RET,RET,2010,10,23
RET,RET,2011,7,1
RET,RET,2011,7,2
RET,RET,2011,7,3
RET,RET,2011,7,8
RET,RET,2011,7,9
RET,RET,2011,7,15
RET,RET,2011,7,16
RET,RET,2011,7,22
RET,RET,2011,7,23
RET,RET,2011,7,28
RET,RET,2011,7,29
RET,RET,2011,7,30
RET,RET,2011,8,4
RET,RET,2011,8,5
RET,RET,2011,8,6
RET,RET,2011,8,11
RET,RET,2011,8,12
RET,RET,2011,8,13
RET,RET,2011,8,18
RET,RET,2011,8,19
RET,RET,2011,8,20
RET,RET,2011,8,25
RET,RET,2011,8,26
RET,RET,2011,8,27
RET,RET,2011,9,1
RET,RET,2011,9,2
RET,RET,2011,9,3
RET,RET,2011,9,8
RET,RET,2011,9,9
RET,RET,2011,9,10
RET,RET,2011,9,15
RET,RET,2011,9,16
RET,RET,2011,9,17
RET,RET,2011,9,23
RET,RET,2011,9,24
RET,RET,2011,9,30
RET,RET,2011,10,1
RET,RET,2011,10,7
RET,RET,2011,10,8
RET,RET,2011,10,14
RET,RET,2011,10,15
RET,RET,2011,10,21
RET,RET,2011,10,22
RET,RET,2011,10,28
RET,RET,2011,10,29
RET,RET,2011,11,4
RET,RET,2011,11,5
RET,RET,2012,6,8
RET,RET,2012,6,9
RET,RET,2012,6,15
RET,RET,2012,6,16
RET,RET,2012,6,22
RET,RET,2012,6,23
RET,RET,2012,6,29
RET,RET,2012,6,30
RET,RET,2012,7,6
RET,RET,2012,7,7
RET,RET,2012,7,13
RET,RET,2012,7,14
RET,RET,2012,7,20
RET,RET,2012,7,21
RET,RET,2012,7,27
RET,RET,2012,7,28
RET,RET,2012,8,3
RET,RET,2012,8,4
RET,RET,2012,8,10
RET,RET,2012,8,11
RET,RET,2012,8,17
RET,RET,2012,8,18
RET,RET,2012,10,5
RET,RET,2012,10,6
RET,RET,2012,10,12
RET,RET,2012,10,13
RET,RET,2012,10,19
RET,RET,2012,10,20
RET,RET,2012,10,26
RET,RET,2012,10,27
RET,RET,2012,11,2
RET,RET,2012,11,3
RET,RET,2012,11,9
RET,RET,2012,11,10
RET,RET,2012,11,16
RET,RET,2012,11,17
RET,RET,2012,11,23
RET,RET,2012,11,24
RET,RET,2012,11,30
RET,RET,2012,12,1
RET,RET,2012,12,7
RET,RET,2012,12,8
RET,RET,2012,12,14
RET,RET,2012,12,15
RET,RET,2012,12,21
RET,RET,2012,12,22
RET,RET,2012,12,28
RET,RET,2012,12,29
RET,RET,2013,6,7
RET,RET,2013,6,8
RET,RET,2013,6,14
RET,RET,2013,6,15
RET,RET,2013,6,21
RET,RET,2013,6,22
RET,RET,2013,6,28
RET,RET,2013,6,29
RET,RET,2013,7,5
RET,RET,2013,7,6
RET,RET,2013,7,12
RET,RET,2013,7,13
RET,RET,2013,7,19
RET,RET,2013,7,20
RET,RET,2013,7,26
RET,RET,2013,7,27
RET,RET,2013,8,2
RET,RET,2013,8,3
RET,RET,2013,8,9
RET,RET,2013,8,10
RET,RET,2013,10,4
RET,RET,2013,10,5
RET,RET,2013,10,11
RET,RET,2013,10,12
RET,RET,2013,10,18
RET,RET,2013,10,19
RET,RET,2013,10,25
RET,RET,2013,10,26
RET,RET,2013,11,1
RET,RET,2013,11,2
RET,RET,2013,11,8
RET,RET,2013,11,9
RET,RET,2013,11,15
RET,RET,2013,11,16
RET,RET,2013,11,22
RET,RET,2013,11,23
RET,RET,2013,11,29
RET,RET,2013,11,30
RET,RET,2013,12,6
RET,RET,2013,12,7
RET,RET,2013,12,13
RET,RET,2013,12,14
RET,RET,2013,12,20
RET,RET,2013,12,21
RET,RET,2013,12,27
RET,RET,2013,12,28
RET,RET,2014,6,6
RET,RET,2014,6,7
RET,RET,2014,6,13
RET,RET,2014,6,14
RET,RET,2014,6,20
RET,RET,2014,6,21
RET,RET,2014,6,27
RET,RET,2014,6,28
RET,RET,2014,7,4
RET,RET,2014,7,5
RET,RET,2014,7,11
RET,RET,2014,7,12
RET,RET,2014,7,18
RET,RET,2014,7,19
RET,RET,2014,7,25
RET,RET,2014,7,26
RET,RET,2014,8,1
RET,RET,2014,8,2
RET,RET,2014,8,8
RET,RET,2014,8,9
RET,RET,2014,9,5
RET,RET,2014,9,6
RET,RET,2014,9,12
RET,RET,2014,9,13
RET,RET,2014,9,19
RET,RET,2014,9,20
RET,RET,2014,9,26
RET,RET,2014,9,27
RET,RET,2014,10,3
RET,RET,2014,10,4
RET,RET,2014,10,10
RET,RET,2014,10,11
RET,RET,2014,10,17
RET,RET,2014,10,18
RET,RET,2014,10,24
RET,RET,2014,10,25
RET,RET,2014,10,31
RET,RET,2014,11,1
RET,RET,2014,11,7
RET,RET,2014,11,8
RET,RET,2014,11,14
RET,RET,2014,11,15
RET,RET,2014,11,21
RET,RET,2014,11,22
RET,RET,2014,11,28
RET,RET,2014,11,29
RET,RET,2015,6,5
RET,RET,2015,6,6
RET,RET,2015,6,12
RET,RET,2015,6,13
RET,RET,2015,6,19
RET,RET,2015,6,20
RET,RET,2015,6,26
RET,RET,2015,6,27
RET,RET,2015,7,3
RET,RET,2015,7,4
RET,RET,2015,7,10
RET,RET,2015,7,11
RET,RET,2015,7,17
RET,RET,2015,7,18
RET,RET,2015,7,24
RET,RET,2015,7,25
RET,RET,2015,7,31
RET,RET,2015,8,1
RET,RET,2015,8,7
RET,RET,2015,8,8
RET,RET,2015,8,21
RET,RET,2015,8,22
RET,RET,2015,8,28
RET,RET,2015,8,29
RET,RET,2015,8,30
RET,RET,2015,9,4
RET,RET,2015,9,5
RET,RET,2015,9,6
RET,RET,2015,9,7
RET,RET,2015,9,11
RET,RET,2015,9,12
RET,RET,2015,9,13
RET,RET,2015,9,18
RET,RET,2015,9,19
RET,RET,2015,9,20
RET,RET,2015,9,25
RET,RET,2015,9,26
RET,RET,2015,9,27
RET,RET,2015,10,2
RET,RET,2015,10,3
RET,RET,2015,10,4
RET,RET,2015,10,9
RET,RET,2015,10,10
RET,RET,2015,10,11
RET,RET,2015,10,16
RET,RET,2015,10,17
RIV,RIV,1999,4,17
RIV,RIV,1999,4,18
RIV,RIV,1999,4,19
RIV,RIV,1999,4,22
RIV,RIV,2003,4,12
RIV,RIV,2003,4,13
RIV,RIV,2003,4,14
RIV,RIV,2003,4,15
RIV,RIV,2003,4,17
RIV,RIV,2003,4,18
RIV,RIV,2003,4,19
RIV,RIV,2003,4,22
RIV,RIV,2003,4,24
RIV,RIV,2003,4,25
RIV,RIV,2003,4,29
RIV,RIV,2003,5,1
RIV,RIV,2003,5,6
RIV,RIV,2003,5,12
RIV,RIV,2003,5,13
RIV,RIV,2003,5,20
RIV,RIV,2003,5,27
RIV,RIV,2004,4,27
RIV,RIV,2004,5,4
RIV,RIV,2004,5,11
RIV,RIV,2004,5,18
RIV,RIV,2004,5,25
RIV,RIV,2004,6,2
RIV,RIV,2004,6,8
RIV,RIV,2004,6,13
RIV,RIV,2004,6,15
RIV,RIV,2004,6,22
RIV,RIV,2004,6,29
RIV,RIV,2004,7,7
RIV,RIV,2004,7,13
RIV,RIV,2004,7,20
RIV,RIV,2004,7,27
RIV,RIV,2004,8,3
RIV,RIV,2004,8,10
RIV,RIV,2004,8,17
RIV,RIV,2004,8,24
RIV,RIV,2005,4,9
RIV,RIV,2005,4,16
RIV,RIV,2005,4,23
RIV,RIV,2005,4,30
RIV,RIV,2005,5,10
RIV,RIV,2005,5,17
RIV,RIV,2005,5,24
RIV,RIV,2005,6,2
RIV,RIV,2005,6,7
RIV,RIV,2005,6,14
RIV,RIV,2005,6,21
RIV,RIV,2005,6,28
RIV,RIV,2005,7,7
RIV,RIV,2005,7,12
RIV,RIV,2005,7,19
RIV,RIV,2005,7,26
RIV,RIV,2005,8,2
RIV,RIV,2005,8,9
RIV,RIV,2005,8,16
RIV,RIV,2006,4,15
RIV,RIV,2006,4,18
RIV,RIV,2006,4,22
RIV,RIV,2006,4,25
RIV,RIV,2006,5,2
RIV,RIV,2006,5,9
RIV,RIV,2006,5,16
RIV,RIV,2006,5,23
RIV,RIV,2006,5,31
RIV,RIV,2006,6,6
RIV,RIV,2006,6,13
RIV,RIV,2006,6,20
RIV,RIV,2006,6,27
RIV,RIV,2006,7,4
RIV,RIV,2006,7,6
RIV,RIV,2006,7,11
RIV,RIV,2006,7,18
RIV,RIV,2006,7,25
RIV,RIV,2006,8,1
RIV,RIV,2006,8,8
RIV,RIV,2006,8,15
RIV,RIV,2006,8,22
RIV,RIV,2006,8,29
RIV,RIV,2007,4,6
RIV,RIV,2007,4,10
RIV,RIV,2007,4,14
RIV,RIV,2007,4,17
RIV,RIV,2007,4,21
RIV,RIV,2007,4,24
RIV,RIV,2007,5,1
RIV,RIV,2007,5,5
RIV,RIV,2007,5,8
RIV,RIV,2007,5,15
RIV,RIV,2007,5,22
RIV,RIV,2007,5,29
RIV,RIV,2007,6,2
RIV,RIV,2007,6,5
RIV,RIV,2007,6,12
RIV,RIV,2007,6,19
RIV,RIV,2007,6,26
RIV,RIV,2007,7,3
RIV,RIV,2007,7,10
RIV,RIV,2007,7,17
RIV,RIV,2007,7,24
RIV,RIV,2007,7,31
RIV,RIV,2007,8,7
RIV,RIV,2007,8,14
RIV,RIV,2007,8,21
RIV,RIV,2007,8,28
RIV,RIV,2007,9,3
RIV,RIV,2008,4,11
RIV,RIV,2008,4,13
RIV,RIV,2008,4,15
RIV,RIV,2008,4,18
RIV,RIV,2008,4,19
RIV,RIV,2008,4,20
RIV,RIV,2008,4,22
RIV,RIV,2008,4,25
RIV,RIV,2008,4,26
RIV,RIV,2008,4,27
RIV,RIV,2008,4,29
RIV,RIV,2008,5,3
RIV,RIV,2008,5,6
RIV,RIV,2008,5,13
RIV,RIV,2008,5,20
RIV,RIV,2008,5,27
RIV,RIV,2008,5,28
RIV,RIV,2008,5,31
RIV,RIV,2008,6,3
RIV,RIV,2008,6,10
RIV,RIV,2008,6,17
RIV,RIV,2008,6,24
RIV,RIV,2008,7,1
RIV,RIV,2008,7,8
RIV,RIV,2008,7,15
RIV,RIV,2008,7,22
RIV,RIV,2008,7,29
RIV,RIV,2008,8,5
RIV,RIV,2008,8,12
RIV,RIV,2008,8,19
RIV,RIV,2008,8,26
RIV,RIV,2008,9,1
RIV,RIV,2009,4,17
RIV,RIV,2009,4,19
RIV,RIV,2009,4,23
RIV,RIV,2009,4,24
RIV,RIV,2009,4,26
RIV,RIV,2009,5,2
RIV,RIV,2009,5,3
RIV,RIV,2009,5,5
RIV,RIV,2009,5,10
RIV,RIV,2009,5,12
RIV,RIV,2009,5,17
RIV,RIV,2009,5,19
RIV,RIV,2009,5,24
RIV,RIV,2009,5,25
RIV,RIV,2009,5,31
RIV,RIV,2009,6,2
RIV,RIV,2009,6,7
RIV,RIV,2009,6,9
RIV,RIV,2009,6,14
RIV,RIV,2009,6,16
RIV,RIV,2009,6,21
RIV,RIV,2009,6,23
RIV,RIV,2009,6,28
RIV,RIV,2009,6,30
RIV,RIV,2009,7,5
RIV,RIV,2009,7,7
RIV,RIV,2009,7,12
RIV,RIV,2009,7,14
RIV,RIV,2009,7,19
RIV,RIV,2009,7,21
RIV,RIV,2009,7,26
RIV,RIV,2009,7,28
RIV,RIV,2009,8,2
RIV,RIV,2009,8,9
RIV,RIV,2009,8,16
RIV,RIV,2009,8,23
RIV,RIV,2009,8,30
RIV,RIV,2009,9,6
RIV,RIV,2009,9,7
RIV,RIV,2010,4,16
RIV,RIV,2010,4,18
RIV,RIV,2010,4,23
RIV,RIV,2010,4,25
RIV,RIV,2010,4,30
RIV,RIV,2010,5,1
RIV,RIV,2010,5,2
RIV,RIV,2010,5,9
RIV,RIV,2010,5,16
RIV,RIV,2010,5,23
RIV,RIV,2010,5,30
RIV,RIV,2010,5,31
RIV,RIV,2010,6,6
RIV,RIV,2010,6,13
RIV,RIV,2010,6,20
RIV,RIV,2010,6,27
RIV,RIV,2010,7,4
RIV,RIV,2010,7,11
RIV,RIV,2010,7,18
RIV,RIV,2010,7,25
RIV,RIV,2010,8,1
RIV,RIV,2010,8,8
RIV,RIV,2010,8,15
RIV,RIV,2010,8,22
RIV,RIV,2010,8,29
RIV,RIV,2010,9,5
RIV,RIV,2010,9,6
RIV,RIV,2011,5,13
RIV,RIV,2011,5,14
RIV,RIV,2011,5,15
RIV,RIV,2011,5,18
RIV,RIV,2011,5,19
RIV,RIV,2011,5,20
RIV,RIV,2011,5,21
RIV,RIV,2011,5,22
RIV,RIV,2011,5,26
RIV,RIV,2011,5,27
RIV,RIV,2011,5,28
RIV,RIV,2011,5,29
RIV,RIV,2011,5,30
RIV,RIV,2011,6,1
RIV,RIV,2011,6,2
RIV,RIV,2011,6,3
RIV,RIV,2011,6,4
RIV,RIV,2011,6,5
RIV,RIV,2011,6,8
RIV,RIV,2011,6,9
RIV,RIV,2011,6,10
RIV,RIV,2011,6,11
RIV,RIV,2011,6,12
RIV,RIV,2011,6,15
RIV,RIV,2011,6,16
RIV,RIV,2011,6,17
RIV,RIV,2011,6,18
RIV,RIV,2011,6,19
RIV,RIV,2011,6,23
RIV,RIV,2011,6,24
RIV,RIV,2011,6,25
RIV,RIV,2011,6,26
RIV,RIV,2011,6,30
RIV,RIV,2011,7,1
RIV,RIV,2011,7,2
RIV,RIV,2011,7,3
RIV,RIV,2011,7,4
RIV,RIV,2011,7,6
RIV,RIV,2011,7,7
RIV,RIV,2011,7,8
RIV,RIV,2011,7,9
RIV,RIV,2011,7,10
RIV,RIV,2011,7,13
RIV,RIV,2011,7,14
RIV,RIV,2011,7,15
RIV,RIV,2011,7,16
RIV,RIV,2011,7,17
RIV,RIV,2011,7,20
RIV,RIV,2011,7,21
RIV,RIV,2011,7,22
RIV,RIV,2011,7,23
RIV,RIV,2011,7,24
RIV,RIV,2011,7,27
RIV,RIV,2011,7,28
RIV,RIV,2011,7,29
RIV,RIV,2011,7,30
RIV,RIV,2011,7,31
RIV,RIV,2011,8,3
RIV,RIV,2011,8,4
RIV,RIV,2011,8,5
RIV,RIV,2011,8,6
RIV,RIV,2011,8,7
RIV,RIV,2011,8,10
RIV,RIV,2011,8,11
RIV,RIV,2011,8,12
RIV,RIV,2011,8,13
RIV,RIV,2011,8,14
RIV,RIV,2011,8,17
RIV,RIV,2011,8,18
RIV,RIV,2011,8,19
RIV,RIV,2011,8,20
RIV,RIV,2011,8,21
RIV,RIV,2011,8,24
RIV,RIV,2011,8,25
RIV,RIV,2011,8,26
RIV,RIV,2011,8,27
RIV,RIV,2011,8,28
RIV,RIV,2011,9,1
RIV,RIV,2011,9,2
RIV,RIV,2011,9,3
RIV,RIV,2011,9,4
RIV,RIV,2011,9,5
RIV,RIV,2012,4,27
RIV,RIV,2012,4,28
RIV,RIV,2012,4,29
RIV,RIV,2012,5,2
RIV,RIV,2012,5,3
RIV,RIV,2012,5,4
RIV,RIV,2012,5,5
RIV,RIV,2012,5,6
RIV,RIV,2012,5,9
RIV,RIV,2012,5,10
RIV,RIV,2012,5,11
RIV,RIV,2012,5,12
RIV,RIV,2012,5,13
RIV,RIV,2012,5,16
RIV,RIV,2012,5,17
RIV,RIV,2012,5,18
RIV,RIV,2012,5,19
RIV,RIV,2012,5,20
RIV,RIV,2012,5,24
RIV,RIV,2012,5,25
RIV,RIV,2012,5,26
RIV,RIV,2012,5,27
RIV,RIV,2012,5,28
RIV,RIV,2012,5,30
RIV,RIV,2012,5,31
RIV,RIV,2012,6,1
RIV,RIV,2012,6,2
RIV,RIV,2012,6,3
RIV,RIV,2012,6,6
RIV,RIV,2012,6,7
RIV,RIV,2012,6,8
RIV,RIV,2012,6,9
RIV,RIV,2012,6,10
RIV,RIV,2012,6,13
RIV,RIV,2012,6,14
RIV,RIV,2012,6,15
RIV,RIV,2012,6,16
RIV,RIV,2012,6,17
RIV,RIV,2012,6,20
RIV,RIV,2012,6,21
RIV,RIV,2012,6,22
RIV,RIV,2012,6,23
RIV,RIV,2012,6,24
RIV,RIV,2012,6,27
RIV,RIV,2012,6,28
RIV,RIV,2012,6,29
RIV,RIV,2012,6,30
RIV,RIV,2012,7,1
RIV,RIV,2012,7,4
RIV,RIV,2012,7,5
RIV,RIV,2012,7,6
RIV,RIV,2012,7,7
RIV,RIV,2012,7,8
RIV,RIV,2012,7,11
RIV,RIV,2012,7,12
RIV,RIV,2012,7,13
RIV,RIV,2012,7,14
RIV,RIV,2012,7,15
RIV,RIV,2012,7,18
RIV,RIV,2012,7,19
RIV,RIV,2012,7,20
RIV,RIV,2012,7,21
RIV,RIV,2012,7,22
RIV,RIV,2012,7,25
RIV,RIV,2012,7,26
RIV,RIV,2012,7,27
RIV,RIV,2012,7,28
RIV,RIV,2012,7,29
RIV,RIV,2012,8,1
RIV,RIV,2012,8,2
RIV,RIV,2012,8,3
RIV,RIV,2012,8,4
RIV,RIV,2012,8,5
RIV,RIV,2012,8,8
RIV,RIV,2012,8,9
RIV,RIV,2012,8,10
RIV,RIV,2012,8,11
RIV,RIV,2012,8,12
RIV,RIV,2012,8,15
RIV,RIV,2012,8,16
RIV,RIV,2012,8,17
RIV,RIV,2012,8,18
RIV,RIV,2012,8,19
RIV,RIV,2012,8,22
RIV,RIV,2012,8,23
RIV,RIV,2012,8,24
RIV,RIV,2012,8,25
RIV,RIV,2012,8,26
RIV,RIV,2012,8,30
RIV,RIV,2012,8,31
RIV,RIV,2012,9,1
RIV,RIV,2012,9,2
RIV,RIV,2012,9,3
RIV,RIV,2013,5,19
RIV,RIV,2013,5,20
RIV,RIV,2013,5,21
RIV,RIV,2013,5,22
RIV,RIV,2013,5,26
RIV,RIV,2013,5,28
RIV,RIV,2013,5,29
RIV,RIV,2013,6,2
RIV,RIV,2013,6,3
RIV,RIV,2013,6,4
RIV,RIV,2013,6,5
RIV,RIV,2013,6,9
RIV,RIV,2013,6,10
RIV,RIV,2013,6,11
RIV,RIV,2013,6,12
RIV,RIV,2013,6,16
RIV,RIV,2013,6,17
RIV,RIV,2013,6,18
RIV,RIV,2013,6,19
RIV,RIV,2013,6,23
RIV,RIV,2013,6,24
RIV,RIV,2013,6,25
RIV,RIV,2013,6,26
RIV,RIV,2013,6,30
RIV,RIV,2013,7,1
RIV,RIV,2013,7,2
RIV,RIV,2013,7,8
RIV,RIV,2013,7,9
RIV,RIV,2013,7,10
RIV,RIV,2013,7,14
RIV,RIV,2013,7,15
RIV,RIV,2013,7,16
RIV,RIV,2013,7,17
RIV,RIV,2013,7,21
RIV,RIV,2013,7,22
RIV,RIV,2013,7,23
RIV,RIV,2013,7,24
RIV,RIV,2013,7,28
RIV,RIV,2013,7,29
RIV,RIV,2013,7,30
RIV,RIV,2013,7,31
RIV,RIV,2013,8,4
RIV,RIV,2013,8,5
RIV,RIV,2013,8,6
RIV,RIV,2013,8,7
RIV,RIV,2013,8,11
RIV,RIV,2013,8,12
RIV,RIV,2013,8,13
RIV,RIV,2013,8,14
RIV,RIV,2013,8,18
RIV,RIV,2013,8,19
RIV,RIV,2013,8,20
RIV,RIV,2013,8,21
RIV,RIV,2013,9,1
RIV,RIV,2013,9,3
RIV,RIV,2013,9,4
RIV,RIV,2013,9,8
RIV,RIV,2013,9,9
RIV,RIV,2013,9,10
RIV,RIV,2013,9,11
RIV,RIV,2013,9,15
RIV,RIV,2013,9,16
RIV,RIV,2013,9,17
RIV,RIV,2013,9,22
RIV,RIV,2013,9,23
SAM,SAM,1998,10,22
SAM,SAM,1998,10,23
SAM,SAM,1998,10,24
SAM,SAM,1998,10,25
SAM,SAM,1998,10,29
SAM,SAM,1998,10,30
SAM,SAM,1998,10,31
SAM,SAM,1998,11,1
SAM,SAM,1998,11,5
SAM,SAM,1998,11,6
SAM,SAM,1998,11,7
SAM,SAM,1998,11,8
SAM,SAM,1998,11,12
SAM,SAM,1998,11,13
SAM,SAM,1998,11,14
SAM,SAM,1998,11,15
SAM,SAM,1998,11,19
SAM,SAM,1998,11,20
SAM,SAM,1998,11,21
SAM,SAM,1998,11,22
SAM,SAM,1998,11,27
SAM,SAM,1998,11,28
SAM,SAM,1998,11,29
SAM,SAM,1998,12,3
SAM,SAM,1998,12,4
SAM,SAM,1998,12,5
SAM,SAM,1998,12,6
SAM,SAM,1998,12,10
SAM,SAM,1998,12,11
SAM,SAM,1998,12,12
SAM,SAM,1998,12,13
SAM,SAM,1998,12,17
SAM,SAM,1998,12,18
SAM,SAM,1998,12,19
SAM,SAM,1998,12,20
SAM,SAM,1998,12,26
SAM,SAM,1998,12,27
SAM,SAM,1999,10,28
SAM,SAM,1999,10,29
SAM,SAM,1999,10,30
SAM,SAM,1999,10,31
SAM,SAM,1999,11,4
SAM,SAM,1999,11,5
SAM,SAM,1999,11,6
SAM,SAM,1999,11,7
SAM,SAM,1999,11,11
SAM,SAM,1999,11,12
SAM,SAM,1999,11,13
SAM,SAM,1999,11,14
SAM,SAM,1999,11,18
SAM,SAM,1999,11,19
SAM,SAM,1999,11,26
SAM,SAM,1999,11,27
SAM,SAM,1999,11,28
SAM,SAM,1999,12,2
SAM,SAM,1999,12,4
SAM,SAM,1999,12,5
SAM,SAM,1999,12,9
SAM,SAM,1999,12,10
SAM,SAM,1999,12,12
SAM,SAM,1999,12,16
SAM,SAM,1999,12,19
SAM,SAM,1999,12,26
SAM,SAM,1999,12,30
SAM,SAM,2000,11,2
SAM,SAM,2000,11,3
SAM,SAM,2000,11,4
SAM,SAM,2000,11,5
SAM,SAM,2000,11,9
SAM,SAM,2000,11,10
SAM,SAM,2000,11,11
SAM,SAM,2000,11,12
SAM,SAM,2000,11,16
SAM,SAM,2000,11,17
SAM,SAM,2000,11,18
SAM,SAM,2000,11,19
SAM,SAM,2000,11,24
SAM,SAM,2000,11,25
SAM,SAM,2000,11,26
SAM,SAM,2000,11,30
SAM,SAM,2000,12,1
SAM,SAM,2000,12,2
SAM,SAM,2000,12,3
SAM,SAM,2000,12,7
SAM,SAM,2000,12,8
SAM,SAM,2000,12,9
SAM,SAM,2000,12,10
SAM,SAM,2000,12,14
SAM,SAM,2000,12,16
SAM,SAM,2000,12,21
SAM,SAM,2000,12,22
SAM,SAM,2000,12,23
SAM,SAM,2000,12,28
SAM,SAM,2000,12,29
SAM,SAM,2000,12,30
SAM,SAM,2000,12,31
SAM,SAM,2001,1,4
SAM,SAM,2001,1,5
SAM,SAM,2001,1,6
SAM,SAM,2001,1,7
SAM,SAM,2001,1,11
SAM,SAM,2001,1,12
SAM,SAM,2001,1,13
SAM,SAM,2001,1,14
SAM,SAM,2001,1,18
SAM,SAM,2001,1,19
SAM,SAM,2001,1,20
SAM,SAM,2001,1,21
SAM,SAM,2001,1,25
SAM,SAM,2001,1,26
SAM,SAM,2001,2,1
SAM,SAM,2001,2,2
SAM,SAM,2001,2,3
SAM,SAM,2001,2,4
SAM,SAM,2001,2,8
SAM,SAM,2001,2,9
SAM,SAM,2001,2,10
SAM,SAM,2001,2,11
SAM,SAM,2001,2,22
SAM,SAM,2001,2,23
SAM,SAM,2001,2,24
SAM,SAM,2001,2,25
SAM,SAM,2001,3,1
SAM,SAM,2001,3,2
SAM,SAM,2001,3,3
SAM,SAM,2001,3,4
SAM,SAM,2001,3,8
SAM,SAM,2001,3,9
SAM,SAM,2001,3,10
SAM,SAM,2001,3,11
SAM,SAM,2001,3,15
SAM,SAM,2001,3,16
SAM,SAM,2001,3,17
SAM,SAM,2001,3,18
SAM,SAM,2001,3,22
SAM,SAM,2001,3,23
SAM,SAM,2001,3,24
SAM,SAM,2001,3,25
SAM,SAM,2001,3,29
SAM,SAM,2001,11,1
SAM,SAM,2001,11,3
SAM,SAM,2001,11,9
SAM,SAM,2001,11,10
SAM,SAM,2001,11,15
SAM,SAM,2001,11,16
SAM,SAM,2001,11,17
SAM,SAM,2001,11,24
SAM,SAM,2001,11,30
SAM,SAM,2001,12,1
SAM,SAM,2001,12,6
SAM,SAM,2001,12,7
SAM,SAM,2001,12,8
SAM,SAM,2001,12,12
SAM,SAM,2001,12,13
SAM,SAM,2001,12,15
SAM,SAM,2001,12,19
SAM,SAM,2001,12,20
SAM,SAM,2001,12,21
SAM,SAM,2001,12,22
SAM,SAM,2001,12,26
SAM,SAM,2001,12,27
SAM,SAM,2001,12,29
SAM,SAM,2002,1,2
SAM,SAM,2002,1,3
SAM,SAM,2002,1,5
SAM,SAM,2002,1,9
SAM,SAM,2002,1,10
SAM,SAM,2002,1,12
SAM,SAM,2002,1,16
SAM,SAM,2002,1,17
SAM,SAM,2002,1,18
SAM,SAM,2002,1,19
SAM,SAM,2002,1,23
SAM,SAM,2002,1,24
SAM,SAM,2002,1,25
SAM,SAM,2002,1,26
SAM,SAM,2002,1,30
SAM,SAM,2002,1,31
SAM,SAM,2002,2,1
SAM,SAM,2002,2,2
SAM,SAM,2002,2,6
SAM,SAM,2002,2,7
SAM,SAM,2002,2,8
SAM,SAM,2002,2,9
SAM,SAM,2002,2,13
SAM,SAM,2002,2,14
SAM,SAM,2002,2,15
SAM,SAM,2002,2,16
SAM,SAM,2002,2,20
SAM,SAM,2002,2,21
SAM,SAM,2002,2,22
SAM,SAM,2002,2,23
SAM,SAM,2002,2,27
SAM,SAM,2002,2,28
SAM,SAM,2002,3,1
SAM,SAM,2002,3,2
SAM,SAM,2002,3,6
SAM,SAM,2002,3,7
SAM,SAM,2002,3,8
SAM,SAM,2002,3,9
SAM,SAM,2002,3,13
SAM,SAM,2002,3,14
SAM,SAM,2002,3,15
SAM,SAM,2002,3,16
SAM,SAM,2002,3,20
SAM,SAM,2002,3,21
SAM,SAM,2002,3,22
SAM,SAM,2002,3,23
SAM,SAM,2002,3,27
SAM,SAM,2002,3,28
SAM,SAM,2002,3,29
SAM,SAM,2002,3,30
SAM,SAM,2002,11,1
SAM,SAM,2002,11,2
SAM,SAM,2002,11,6
SAM,SAM,2002,11,7
SAM,SAM,2002,11,8
SAM,SAM,2002,11,9
SAM,SAM,2002,11,13
SAM,SAM,2002,11,14
SAM,SAM,2002,11,15
SAM,SAM,2002,11,16
SAM,SAM,2002,11,20
SAM,SAM,2002,11,21
SAM,SAM,2002,11,22
SAM,SAM,2002,11,23
SAM,SAM,2002,11,27
SAM,SAM,2002,11,29
SAM,SAM,2002,11,30
SAM,SAM,2002,12,4
SAM,SAM,2002,12,5
SAM,SAM,2002,12,6
SAM,SAM,2002,12,7
SAM,SAM,2002,12,11
SAM,SAM,2002,12,12
SAM,SAM,2002,12,13
SAM,SAM,2002,12,14
SAM,SAM,2002,12,18
SAM,SAM,2002,12,19
SAM,SAM,2002,12,20
SAM,SAM,2002,12,21
SAM,SAM,2002,12,26
SAM,SAM,2002,12,27
SAM,SAM,2002,12,28
SAM,SAM,2003,1,2
SAM,SAM,2003,1,3
SAM,SAM,2003,1,4
SAM,SAM,2003,1,9
SAM,SAM,2003,1,10
SAM,SAM,2003,1,11
SAM,SAM,2003,1,16
SAM,SAM,2003,1,17
SAM,SAM,2003,1,18
SAM,SAM,2003,1,23
SAM,SAM,2003,1,24
SAM,SAM,2003,1,25
SAM,SAM,2003,1,30
SAM,SAM,2003,1,31
SAM,SAM,2003,2,1
SAM,SAM,2003,2,2
SAM,SAM,2003,2,6
SAM,SAM,2003,2,7
SAM,SAM,2003,2,8
SAM,SAM,2003,2,9
SAM,SAM,2003,2,13
SAM,SAM,2003,2,14
SAM,SAM,2003,2,15
SAM,SAM,2003,2,16
SAM,SAM,2003,2,20
SAM,SAM,2003,2,21
SAM,SAM,2003,2,22
SAM,SAM,2003,2,23
SAM,SAM,2003,2,27
SAM,SAM,2003,3,6
SAM,SAM,2003,3,7
SAM,SAM,2003,3,8
SAM,SAM,2003,3,9
SAM,SAM,2003,3,13
SAM,SAM,2003,3,14
SAM,SAM,2003,3,15
SAM,SAM,2003,3,16
SAM,SAM,2003,3,20
SAM,SAM,2003,3,21
SAM,SAM,2003,3,22
SAM,SAM,2003,3,23
SAM,SAM,2003,3,27
SAM,SAM,2003,3,28
SAM,SAM,2003,3,29
SAM,SAM,2003,3,30
SAM,SAM,2003,10,23
SAM,SAM,2003,10,24
SAM,SAM,2003,10,25
SAM,SAM,2003,10,29
SAM,SAM,2003,10,30
SAM,SAM,2003,10,31
SAM,SAM,2003,11,1
SAM,SAM,2003,11,5
SAM,SAM,2003,11,6
SAM,SAM,2003,11,7
SAM,SAM,2003,11,8
SAM,SAM,2003,11,12
SAM,SAM,2003,11,13
SAM,SAM,2003,11,14
SAM,SAM,2003,11,15
SAM,SAM,2003,11,19
SAM,SAM,2003,11,20
SAM,SAM,2003,11,21
SAM,SAM,2003,11,22
SAM,SAM,2003,11,26
SAM,SAM,2003,11,28
SAM,SAM,2003,11,29
SAM,SAM,2003,12,3
SAM,SAM,2003,12,4
SAM,SAM,2003,12,5
SAM,SAM,2003,12,6
SAM,SAM,2003,12,10
SAM,SAM,2003,12,11
SAM,SAM,2003,12,12
SAM,SAM,2003,12,13
SAM,SAM,2003,12,17
SAM,SAM,2003,12,18
SAM,SAM,2003,12,19
SAM,SAM,2003,12,20
SAM,SAM,2003,12,26
SAM,SAM,2003,12,27
SAM,SAM,2004,1,2
SAM,SAM,2004,1,3
SAM,SAM,2004,1,4
SAM,SAM,2004,1,8
SAM,SAM,2004,1,9
SAM,SAM,2004,1,10
SAM,SAM,2004,1,11
SAM,SAM,2004,1,15
SAM,SAM,2004,1,16
SAM,SAM,2004,1,17
SAM,SAM,2004,1,18
SAM,SAM,2004,1,22
SAM,SAM,2004,1,23
SAM,SAM,2004,1,24
SAM,SAM,2004,1,25
SAM,SAM,2004,1,29
SAM,SAM,2004,1,30
SAM,SAM,2004,1,31
SAM,SAM,2004,2,5
SAM,SAM,2004,2,6
SAM,SAM,2004,2,7
SAM,SAM,2004,2,8
SAM,SAM,2004,2,12
SAM,SAM,2004,2,13
SAM,SAM,2004,2,14
SAM,SAM,2004,2,15
SAM,SAM,2004,2,19
SAM,SAM,2004,2,20
SAM,SAM,2004,2,21
SAM,SAM,2004,2,22
SAM,SAM,2004,2,26
SAM,SAM,2004,2,27
SAM,SAM,2004,2,28
SAM,SAM,2004,2,29
SAM,SAM,2004,3,4
SAM,SAM,2004,3,5
SAM,SAM,2004,3,6
SAM,SAM,2004,3,7
SAM,SAM,2004,3,11
SAM,SAM,2004,3,12
SAM,SAM,2004,3,13
SAM,SAM,2004,3,14
SAM,SAM,2004,3,19
SAM,SAM,2004,3,20
SAM,SAM,2004,3,21
SAM,SAM,2004,3,26
SAM,SAM,2004,3,27
SAM,SAM,2004,3,28
SAM,SAM,2004,4,2
SAM,SAM,2004,4,3
SAM,SAM,2004,4,4
SAM,SAM,2004,4,9
SAM,SAM,2004,4,10
SAM,SAM,2004,10,14
SAM,SAM,2004,10,15
SAM,SAM,2004,10,16
SAM,SAM,2004,10,21
SAM,SAM,2004,10,22
SAM,SAM,2004,10,23
SAM,SAM,2004,10,28
SAM,SAM,2004,10,29
SAM,SAM,2004,10,30
SAM,SAM,2004,11,4
SAM,SAM,2004,11,6
SAM,SAM,2004,11,17
SAM,SAM,2004,11,18
SAM,SAM,2004,11,19
SAM,SAM,2004,11,20
SAM,SAM,2004,11,24
SAM,SAM,2004,11,26
SAM,SAM,2004,11,27
SAM,SAM,2004,12,1
SAM,SAM,2004,12,2
SAM,SAM,2004,12,3
SAM,SAM,2004,12,4
SAM,SAM,2004,12,8
SAM,SAM,2004,12,9
SAM,SAM,2004,12,10
SAM,SAM,2004,12,11
SAM,SAM,2004,12,15
SAM,SAM,2004,12,16
SAM,SAM,2004,12,17
SAM,SAM,2004,12,18
SAM,SAM,2005,1,7
SAM,SAM,2005,1,8
SAM,SAM,2005,1,9
SAM,SAM,2005,1,14
SAM,SAM,2005,1,15
SAM,SAM,2005,1,16
SAM,SAM,2005,1,21
SAM,SAM,2005,1,22
SAM,SAM,2005,1,23
SAM,SAM,2005,1,28
SAM,SAM,2005,1,29
SAM,SAM,2005,1,30
SAM,SAM,2005,2,3
SAM,SAM,2005,2,4
SAM,SAM,2005,2,5
SAM,SAM,2005,2,10
SAM,SAM,2005,2,11
SAM,SAM,2005,2,12
SAM,SAM,2005,2,13
SAM,SAM,2005,2,17
SAM,SAM,2005,2,18
SAM,SAM,2005,2,19
SAM,SAM,2005,2,20
SAM,SAM,2005,2,24
SAM,SAM,2005,2,25
SAM,SAM,2005,2,26
SAM,SAM,2005,2,27
SAM,SAM,2005,3,3
SAM,SAM,2005,3,4
SAM,SAM,2005,3,5
SAM,SAM,2005,3,6
SAM,SAM,2005,3,10
SAM,SAM,2005,3,11
SAM,SAM,2005,3,12
SAM,SAM,2005,3,13
SAM,SAM,2005,3,17
SAM,SAM,2005,3,18
SAM,SAM,2005,3,19
SAM,SAM,2005,3,20
SAM,SAM,2005,3,24
SAM,SAM,2005,3,25
SAM,SAM,2005,3,26
SAM,SAM,2005,3,31
SAM,SAM,2005,4,1
SAM,SAM,2005,4,2
SAM,SAM,2005,4,3
SAM,SAM,2005,4,7
SAM,SAM,2005,4,8
SAM,SAM,2005,4,9
SAM,SAM,2005,4,10
SAM,SAM,2005,8,20
SAM,SAM,2005,8,21
SAM,SAM,2005,8,26
SAM,SAM,2005,8,27
SAM,SAM,2005,8,28
SAM,SAM,2005,9,2
SAM,SAM,2005,9,3
SAM,SAM,2005,9,4
SAM,SAM,2005,9,5
SAM,SAM,2005,9,9
SAM,SAM,2005,9,10
SAM,SAM,2005,9,11
SAM,SAM,2005,10,28
SAM,SAM,2005,10,29
SAM,SAM,2005,11,2
SAM,SAM,2005,11,3
SAM,SAM,2005,11,4
SAM,SAM,2005,11,5
SAM,SAM,2005,11,9
SAM,SAM,2005,11,10
SAM,SAM,2005,11,11
SAM,SAM,2005,11,12
SAM,SAM,2005,11,16
SAM,SAM,2005,11,17
SAM,SAM,2005,11,18
SAM,SAM,2005,11,19
SAM,SAM,2005,11,23
SAM,SAM,2005,11,25
SAM,SAM,2005,11,26
SAM,SAM,2005,11,30
SAM,SAM,2005,12,1
SAM,SAM,2005,12,2
SAM,SAM,2005,12,3
SAM,SAM,2005,12,7
SAM,SAM,2005,12,8
SAM,SAM,2005,12,9
SAM,SAM,2005,12,10
SAM,SAM,2005,12,14
SAM,SAM,2005,12,15
SAM,SAM,2005,12,16
SAM,SAM,2005,12,17
SAM,SAM,2005,12,21
SAM,SAM,2005,12,22
SAM,SAM,2005,12,23
SAM,SAM,2006,1,6
SAM,SAM,2006,1,7
SAM,SAM,2006,1,8
SAM,SAM,2006,1,13
SAM,SAM,2006,1,14
SAM,SAM,2006,1,15
SAM,SAM,2006,1,20
SAM,SAM,2006,1,21
SAM,SAM,2006,1,22
SAM,SAM,2006,1,27
SAM,SAM,2006,1,28
SAM,SAM,2006,1,29
SAM,SAM,2006,2,3
SAM,SAM,2006,2,4
SAM,SAM,2006,2,9
SAM,SAM,2006,2,10
SAM,SAM,2006,2,11
SAM,SAM,2006,2,12
SAM,SAM,2006,2,16
SAM,SAM,2006,2,17
SAM,SAM,2006,2,18
SAM,SAM,2006,2,19
SAM,SAM,2006,2,23
SAM,SAM,2006,2,24
SAM,SAM,2006,2,25
SAM,SAM,2006,2,26
SAM,SAM,2006,3,2
SAM,SAM,2006,3,3
SAM,SAM,2006,3,4
SAM,SAM,2006,3,5
SAM,SAM,2006,3,9
SAM,SAM,2006,3,10
SAM,SAM,2006,3,11
SAM,SAM,2006,3,12
SAM,SAM,2006,3,16
SAM,SAM,2006,3,17
SAM,SAM,2006,3,18
SAM,SAM,2006,3,19
SAM,SAM,2006,3,23
SAM,SAM,2006,3,24
SAM,SAM,2006,3,25
SAM,SAM,2006,3,26
SAM,SAM,2006,3,30
SAM,SAM,2006,3,31
SAM,SAM,2006,4,1
SAM,SAM,2006,4,2
SAM,SAM,2006,4,6
SAM,SAM,2006,4,7
SAM,SAM,2006,4,8
SAM,SAM,2006,4,9
SAM,SAM,2006,6,23
SAM,SAM,2006,6,24
SAM,SAM,2006,6,25
SAM,SAM,2006,6,30
SAM,SAM,2006,7,2
SAM,SAM,2006,7,3
SAM,SAM,2006,7,4
SAM,SAM,2006,7,7
SAM,SAM,2006,7,8
SAM,SAM,2006,7,9
SAM,SAM,2006,7,14
SAM,SAM,2006,7,15
SAM,SAM,2006,7,16
SAM,SAM,2006,7,21
SAM,SAM,2006,7,22
SAM,SAM,2006,7,23
SAM,SAM,2006,7,28
SAM,SAM,2006,7,29
SAM,SAM,2006,7,30
SAM,SAM,2006,8,4
SAM,SAM,2006,8,5
SAM,SAM,2006,8,6
SAM,SAM,2006,8,11
SAM,SAM,2006,8,12
SAM,SAM,2006,8,13
SAM,SAM,2006,8,18
SAM,SAM,2006,8,19
SAM,SAM,2006,8,20
SAM,SAM,2006,8,25
SAM,SAM,2006,8,26
SAM,SAM,2006,8,27
SAM,SAM,2006,9,1
SAM,SAM,2006,9,2
SAM,SAM,2006,9,3
SAM,SAM,2006,9,4
SAM,SAM,2006,9,8
SAM,SAM,2006,9,9
SAM,SAM,2006,11,17
SAM,SAM,2006,11,18
SAM,SAM,2006,11,19
SAM,SAM,2006,11,24
SAM,SAM,2006,11,25
SAM,SAM,2006,11,26
SAM,SAM,2006,11,30
SAM,SAM,2006,12,1
SAM,SAM,2006,12,2
SAM,SAM,2006,12,3
SAM,SAM,2006,12,7
SAM,SAM,2006,12,8
SAM,SAM,2006,12,9
SAM,SAM,2006,12,10
SAM,SAM,2006,12,14
SAM,SAM,2006,12,15
SAM,SAM,2006,12,16
SAM,SAM,2006,12,17
SAM,SAM,2006,12,22
SAM,SAM,2006,12,23
SAM,SAM,2006,12,29
SAM,SAM,2006,12,30
SAM,SAM,2007,1,5
SAM,SAM,2007,1,6
SAM,SAM,2007,1,7
SAM,SAM,2007,1,12
SAM,SAM,2007,1,13
SAM,SAM,2007,1,14
SAM,SAM,2007,1,19
SAM,SAM,2007,1,20
SAM,SAM,2007,1,21
SAM,SAM,2007,1,26
SAM,SAM,2007,1,27
SAM,SAM,2007,1,28
SAM,SAM,2007,2,2
SAM,SAM,2007,2,3
SAM,SAM,2007,2,9
SAM,SAM,2007,2,10
SAM,SAM,2007,2,11
SAM,SAM,2007,2,16
SAM,SAM,2007,2,17
SAM,SAM,2007,2,18
SAM,SAM,2007,2,23
SAM,SAM,2007,2,24
SAM,SAM,2007,2,25
SAM,SAM,2007,3,1
SAM,SAM,2007,3,2
SAM,SAM,2007,3,3
SAM,SAM,2007,3,4
SAM,SAM,2007,3,8
SAM,SAM,2007,3,9
SAM,SAM,2007,3,10
SAM,SAM,2007,3,11
SAM,SAM,2007,3,15
SAM,SAM,2007,3,16
SAM,SAM,2007,3,17
SAM,SAM,2007,3,18
SAM,SAM,2007,3,22
SAM,SAM,2007,3,23
SAM,SAM,2007,3,24
SAM,SAM,2007,3,25
SAM,SAM,2007,3,29
SAM,SAM,2007,3,30
SAM,SAM,2007,3,31
SAM,SAM,2007,4,1
SAM,SAM,2007,4,5
SAM,SAM,2007,4,6
SAM,SAM,2007,4,7
SAM,SAM,2007,6,29
SAM,SAM,2007,6,30
SAM,SAM,2007,7,1
SAM,SAM,2007,7,4
SAM,SAM,2007,7,5
SAM,SAM,2007,7,6
SAM,SAM,2007,7,7
SAM,SAM,2007,7,8
SAM,SAM,2007,7,13
SAM,SAM,2007,7,14
SAM,SAM,2007,7,15
SAM,SAM,2007,7,20
SAM,SAM,2007,7,21
SAM,SAM,2007,7,22
SAM,SAM,2007,7,27
SAM,SAM,2007,7,28
SAM,SAM,2007,7,29
SAM,SAM,2007,8,3
SAM,SAM,2007,8,4
SAM,SAM,2007,8,5
SAM,SAM,2007,8,10
SAM,SAM,2007,8,11
SAM,SAM,2007,8,12
SAM,SAM,2007,8,17
SAM,SAM,2007,8,18
SAM,SAM,2007,8,19
SAM,SAM,2007,8,24
SAM,SAM,2007,8,25
SAM,SAM,2007,8,26
SAM,SAM,2007,8,31
SAM,SAM,2007,9,1
SAM,SAM,2007,9,2
SAM,SAM,2007,9,3
SAM,SAM,2007,9,7
SAM,SAM,2007,9,8
SAM,SAM,2007,11,23
SAM,SAM,2007,11,25
SAM,SAM,2007,11,29
SAM,SAM,2007,11,30
SAM,SAM,2007,12,2
SAM,SAM,2007,12,6
SAM,SAM,2007,12,7
SAM,SAM,2007,12,9
SAM,SAM,2007,12,13
SAM,SAM,2007,12,14
SAM,SAM,2007,12,16
SAM,SAM,2007,12,20
SAM,SAM,2007,12,21
SAM,SAM,2007,12,23
SAM,SAM,2007,12,27
SAM,SAM,2007,12,28
SAM,SAM,2007,12,29
SAM,SAM,2007,12,30
SAM,SAM,2007,12,31
SAM,SAM,2008,1,4
SAM,SAM,2008,1,5
SAM,SAM,2008,1,6
SAM,SAM,2008,1,11
SAM,SAM,2008,1,12
SAM,SAM,2008,1,13
SAM,SAM,2008,1,18
SAM,SAM,2008,1,19
SAM,SAM,2008,1,20
SAM,SAM,2008,1,25
SAM,SAM,2008,1,26
SAM,SAM,2008,1,27
SAM,SAM,2008,2,1
SAM,SAM,2008,2,2
SAM,SAM,2008,2,8
SAM,SAM,2008,2,9
SAM,SAM,2008,2,10
SAM,SAM,2008,2,15
SAM,SAM,2008,2,16
SAM,SAM,2008,2,17
SAM,SAM,2008,2,22
SAM,SAM,2008,2,23
SAM,SAM,2008,2,24
SAM,SAM,2008,2,29
SAM,SAM,2008,3,1
SAM,SAM,2008,3,2
SAM,SAM,2008,3,6
SAM,SAM,2008,3,7
SAM,SAM,2008,3,8
SAM,SAM,2008,3,9
SAM,SAM,2008,3,13
SAM,SAM,2008,3,14
SAM,SAM,2008,3,15
SAM,SAM,2008,3,16
SAM,SAM,2008,3,20
SAM,SAM,2008,3,21
SAM,SAM,2008,3,22
SAM,SAM,2008,3,27
SAM,SAM,2008,3,28
SAM,SAM,2008,3,29
SAM,SAM,2008,3,30
SAM,SAM,2008,4,3
SAM,SAM,2008,4,4
SAM,SAM,2008,4,5
SAM,SAM,2009,5,8
SAM,SAM,2009,5,9
SAM,SAM,2009,5,10
SAM,SAM,2009,5,15
SAM,SAM,2009,5,16
SAM,SAM,2009,5,17
SAM,SAM,2009,5,22
SAM,SAM,2009,5,23
SAM,SAM,2009,5,24
SAM,SAM,2009,5,25
SAM,SAM,2009,5,29
SAM,SAM,2009,5,30
SAM,SAM,2009,5,31
SAM,SAM,2009,6,4
SAM,SAM,2009,6,5
SAM,SAM,2009,6,6
SAM,SAM,2009,6,11
SAM,SAM,2009,6,12
SAM,SAM,2009,6,13
SAM,SAM,2009,6,18
SAM,SAM,2009,6,19
SAM,SAM,2009,6,20
SAM,SAM,2009,6,25
SAM,SAM,2009,6,26
SAM,SAM,2009,6,27
SAM,SAM,2009,7,2
SAM,SAM,2009,7,3
SAM,SAM,2009,7,4
SAM,SAM,2009,7,9
SAM,SAM,2009,7,10
SAM,SAM,2009,7,11
SAM,SAM,2009,7,16
SAM,SAM,2009,7,17
SAM,SAM,2009,7,18
SAM,SAM,2009,7,23
SAM,SAM,2009,7,24
SAM,SAM,2009,7,25
SAM,SAM,2009,7,30
SAM,SAM,2009,7,31
SAM,SAM,2009,8,1
SAM,SAM,2009,8,6
SAM,SAM,2009,8,7
SAM,SAM,2009,8,8
SAM,SAM,2009,8,13
SAM,SAM,2009,8,14
SAM,SAM,2009,8,15
SAM,SAM,2009,8,20
SAM,SAM,2009,8,21
SAM,SAM,2009,8,22
SAM,SAM,2009,8,28
SAM,SAM,2009,8,29
SAM,SAM,2009,11,27
SAM,SAM,2009,11,28
SAM,SAM,2009,12,3
SAM,SAM,2009,12,4
SAM,SAM,2009,12,5
SAM,SAM,2009,12,6
SAM,SAM,2009,12,10
SAM,SAM,2009,12,11
SAM,SAM,2009,12,12
SAM,SAM,2009,12,13
SAM,SAM,2009,12,17
SAM,SAM,2009,12,18
SAM,SAM,2009,12,19
SAM,SAM,2009,12,20
SAM,SAM,2009,12,31
SAM,SAM,2010,1,1
SAM,SAM,2010,1,2
SAM,SAM,2010,1,7
SAM,SAM,2010,1,14
SAM,SAM,2010,1,15
SAM,SAM,2010,1,16
SAM,SAM,2010,1,21
SAM,SAM,2010,1,22
SAM,SAM,2010,1,23
SAM,SAM,2010,1,28
SAM,SAM,2010,1,29
SAM,SAM,2010,1,30
SAM,SAM,2010,2,4
SAM,SAM,2010,2,5
SAM,SAM,2010,2,6
SAM,SAM,2010,2,7
SAM,SAM,2010,2,11
SAM,SAM,2010,2,12
SAM,SAM,2010,2,13
SAM,SAM,2010,2,14
SAM,SAM,2010,2,18
SAM,SAM,2010,2,19
SAM,SAM,2010,2,20
SAM,SAM,2010,2,21
SAM,SAM,2010,2,25
SAM,SAM,2010,2,26
SAM,SAM,2010,2,27
SAM,SAM,2010,2,28
SAM,SAM,2010,3,4
SAM,SAM,2010,3,5
SAM,SAM,2010,3,6
SAM,SAM,2010,3,8
SAM,SAM,2010,3,11
SAM,SAM,2010,3,12
SAM,SAM,2010,3,13
SAM,SAM,2010,3,15
SAM,SAM,2010,3,18
SAM,SAM,2010,3,19
SAM,SAM,2010,3,20
SAM,SAM,2010,3,22
SAM,SAM,2010,3,25
SAM,SAM,2010,3,26
SAM,SAM,2010,3,27
SAM,SAM,2010,3,29
SAM,SAM,2010,4,1
SAM,SAM,2010,4,2
SAM,SAM,2010,4,3
SAM,SAM,2010,4,30
SAM,SAM,2010,5,1
SAM,SAM,2010,5,8
SAM,SAM,2010,5,9
SAM,SAM,2010,5,15
SAM,SAM,2010,5,20
SAM,SAM,2010,5,21
SAM,SAM,2010,5,22
SAM,SAM,2010,5,28
SAM,SAM,2010,5,29
SAM,SAM,2010,5,31
SAM,SAM,2010,6,3
SAM,SAM,2010,6,4
SAM,SAM,2010,6,5
SAM,SAM,2010,6,10
SAM,SAM,2010,6,11
SAM,SAM,2010,6,12
SAM,SAM,2010,6,18
SAM,SAM,2010,6,19
SAM,SAM,2010,6,20
SAM,SAM,2010,6,24
SAM,SAM,2010,6,25
SAM,SAM,2010,6,26
SAM,SAM,2010,7,2
SAM,SAM,2010,7,3
SAM,SAM,2010,7,4
SAM,SAM,2010,7,8
SAM,SAM,2010,7,9
SAM,SAM,2010,7,10
SAM,SAM,2010,7,15
SAM,SAM,2010,7,16
SAM,SAM,2010,7,17
SAM,SAM,2010,7,22
SAM,SAM,2010,7,23
SAM,SAM,2010,7,24
SAM,SAM,2010,7,29
SAM,SAM,2010,7,30
SAM,SAM,2010,7,31
SAM,SAM,2010,8,5
SAM,SAM,2010,8,6
SAM,SAM,2010,8,7
SAM,SAM,2010,8,12
SAM,SAM,2010,8,13
SAM,SAM,2010,8,14
SAM,SAM,2011,1,21
SAM,SAM,2011,1,22
SAM,SAM,2011,1,23
SAM,SAM,2011,1,24
SAM,SAM,2011,1,28
SAM,SAM,2011,1,29
SAM,SAM,2011,1,30
SAM,SAM,2011,1,31
SAM,SAM,2011,2,5
SAM,SAM,2011,2,7
SAM,SAM,2011,2,11
SAM,SAM,2011,2,12
SAM,SAM,2011,2,13
SAM,SAM,2011,2,14
SAM,SAM,2011,2,18
SAM,SAM,2011,2,19
SAM,SAM,2011,2,20
SAM,SAM,2011,2,21
SAM,SAM,2011,2,25
SAM,SAM,2011,2,26
SAM,SAM,2011,2,27
SAM,SAM,2011,2,28
SAM,SAM,2011,3,4
SAM,SAM,2011,3,5
SAM,SAM,2011,3,6
SAM,SAM,2011,3,7
SAM,SAM,2011,3,11
SAM,SAM,2011,3,12
SAM,SAM,2011,3,18
SAM,SAM,2011,3,19
SAM,SAM,2011,3,20
SAM,SAM,2011,3,25
SAM,SAM,2011,3,26
SAM,SAM,2011,3,27
SAM,SAM,2011,4,1
SAM,SAM,2011,4,2
SAM,SAM,2011,4,3
SAM,SAM,2011,4,8
SAM,SAM,2011,4,9
SAM,SAM,2011,4,10
SAM,SAM,2011,4,15
SAM,SAM,2011,4,16
SAM,SAM,2011,4,17
SAM,SAM,2011,4,22
SAM,SAM,2011,4,23
SAM,SAM,2011,4,24
SAM,SAM,2011,4,29
SAM,SAM,2011,4,30
SAM,SAM,2011,5,1
SAM,SAM,2011,5,6
SAM,SAM,2011,5,7
SAM,SAM,2011,5,8
SAM,SAM,2011,5,13
SAM,SAM,2011,5,14
SAM,SAM,2011,5,15
SAM,SAM,2012,1,20
SAM,SAM,2012,1,21
SAM,SAM,2012,1,22
SAM,SAM,2012,1,23
SAM,SAM,2012,1,27
SAM,SAM,2012,1,28
SAM,SAM,2012,1,29
SAM,SAM,2012,1,30
SAM,SAM,2012,2,3
SAM,SAM,2012,2,4
SAM,SAM,2012,2,6
SAM,SAM,2012,2,10
SAM,SAM,2012,2,11
SAM,SAM,2012,2,12
SAM,SAM,2012,2,13
SAM,SAM,2012,2,17
SAM,SAM,2012,2,18
SAM,SAM,2012,2,19
SAM,SAM,2012,2,20
SAM,SAM,2012,2,24
SAM,SAM,2012,2,25
SAM,SAM,2012,2,26
SAM,SAM,2012,2,27
SAM,SAM,2012,3,2
SAM,SAM,2012,3,3
SAM,SAM,2012,3,4
SAM,SAM,2012,3,5
SAM,SAM,2012,3,9
SAM,SAM,2012,3,10
SAM,SAM,2012,3,11
SAM,SAM,2012,3,12
SAM,SAM,2012,3,22
SAM,SAM,2012,3,23
SAM,SAM,2012,3,24
SAM,SAM,2012,3,29
SAM,SAM,2012,3,30
SAM,SAM,2012,3,31
SAM,SAM,2012,4,5
SAM,SAM,2012,4,6
SAM,SAM,2012,4,7
SAM,SAM,2012,4,12
SAM,SAM,2012,4,13
SAM,SAM,2012,4,14
SAM,SAM,2012,4,19
SAM,SAM,2012,4,20
SAM,SAM,2012,4,21
SAM,SAM,2012,4,26
SAM,SAM,2012,4,27
SAM,SAM,2012,4,28
SAM,SAM,2012,5,3
SAM,SAM,2012,5,4
SAM,SAM,2012,5,5
SAM,SAM,2012,5,11
SAM,SAM,2012,5,12
SAM,SAM,2012,5,13
SAM,SAM,2012,5,17
SAM,SAM,2012,5,18
SAM,SAM,2012,5,19
SAM,SAM,2013,1,18
SAM,SAM,2013,1,19
SAM,SAM,2013,1,20
SAM,SAM,2013,1,21
SAM,SAM,2013,1,25
SAM,SAM,2013,1,26
SAM,SAM,2013,1,27
SAM,SAM,2013,1,28
SAM,SAM,2013,2,1
SAM,SAM,2013,2,2
SAM,SAM,2013,2,4
SAM,SAM,2013,2,8
SAM,SAM,2013,2,9
SAM,SAM,2013,2,10
SAM,SAM,2013,2,11
SAM,SAM,2013,2,15
SAM,SAM,2013,2,16
SAM,SAM,2013,2,17
SAM,SAM,2013,2,18
SAM,SAM,2013,2,22
SAM,SAM,2013,2,23
SAM,SAM,2013,2,24
SAM,SAM,2013,2,25
SAM,SAM,2013,3,1
SAM,SAM,2013,3,2
SAM,SAM,2013,3,3
SAM,SAM,2013,3,4
SAM,SAM,2013,3,8
SAM,SAM,2013,3,9
SAM,SAM,2013,3,11
SAM,SAM,2013,3,15
SAM,SAM,2013,3,16
SAM,SAM,2013,3,18
SAM,SAM,2013,3,28
SAM,SAM,2013,3,29
SAM,SAM,2013,3,30
SAM,SAM,2013,4,4
SAM,SAM,2013,4,5
SAM,SAM,2013,4,6
SAM,SAM,2013,4,11
SAM,SAM,2013,4,12
SAM,SAM,2013,4,13
SAM,SAM,2013,4,18
SAM,SAM,2013,4,19
SAM,SAM,2013,4,20
SAM,SAM,2013,4,25
SAM,SAM,2013,4,26
SAM,SAM,2013,4,27
SAM,SAM,2013,5,2
SAM,SAM,2013,5,3
SAM,SAM,2013,5,4
SAM,SAM,2013,5,10
SAM,SAM,2013,5,11
SAM,SAM,2013,5,12
SAM,SAM,2013,5,16
SAM,SAM,2013,5,17
SAM,SAM,2013,5,18
SAM,SAM,2014,1,17
SAM,SAM,2014,1,18
SAM,SAM,2014,1,20
SAM,SAM,2014,1,21
SAM,SAM,2014,1,24
SAM,SAM,2014,1,25
SAM,SAM,2014,1,27
SAM,SAM,2014,1,28
SAM,SAM,2014,1,31
SAM,SAM,2014,2,1
SAM,SAM,2014,2,3
SAM,SAM,2014,2,4
SAM,SAM,2014,2,7
SAM,SAM,2014,2,8
SAM,SAM,2014,2,10
SAM,SAM,2014,2,11
SAM,SAM,2014,2,14
SAM,SAM,2014,2,15
SAM,SAM,2014,2,17
SAM,SAM,2014,2,18
SAM,SAM,2014,2,21
SAM,SAM,2014,2,22
SAM,SAM,2014,2,24
SAM,SAM,2014,2,25
SAM,SAM,2014,2,28
SAM,SAM,2014,3,1
SAM,SAM,2014,3,3
SAM,SAM,2014,3,4
SAM,SAM,2014,3,7
SAM,SAM,2014,3,8
SAM,SAM,2014,3,10
SAM,SAM,2014,3,11
SAM,SAM,2014,3,21
SAM,SAM,2014,3,22
SAM,SAM,2014,3,27
SAM,SAM,2014,3,28
SAM,SAM,2014,3,29
SAM,SAM,2014,4,3
SAM,SAM,2014,4,4
SAM,SAM,2014,4,5
SAM,SAM,2014,4,10
SAM,SAM,2014,4,11
SAM,SAM,2014,4,12
SAM,SAM,2014,4,17
SAM,SAM,2014,4,18
SAM,SAM,2014,4,19
SAM,SAM,2014,4,24
SAM,SAM,2014,4,25
SAM,SAM,2014,4,26
SAM,SAM,2014,5,1
SAM,SAM,2014,5,2
SAM,SAM,2014,5,3
SAM,SAM,2014,5,8
SAM,SAM,2014,5,9
SAM,SAM,2014,5,10
SAM,SAM,2014,5,11
SAM,SAM,2015,1,16
SAM,SAM,2015,1,17
SAM,SAM,2015,1,19
SAM,SAM,2015,1,20
SAM,SAM,2015,1,23
SAM,SAM,2015,1,24
SAM,SAM,2015,1,26
SAM,SAM,2015,1,27
SAM,SAM,2015,1,30
SAM,SAM,2015,1,31
SAM,SAM,2015,2,2
SAM,SAM,2015,2,3
SAM,SAM,2015,2,6
SAM,SAM,2015,2,7
SAM,SAM,2015,2,9
SAM,SAM,2015,2,10
SAM,SAM,2015,2,13
SAM,SAM,2015,2,14
SAM,SAM,2015,2,16
SAM,SAM,2015,2,17
SAM,SAM,2015,2,20
SAM,SAM,2015,2,21
SAM,SAM,2015,2,23
SAM,SAM,2015,2,24
SAM,SAM,2015,2,27
SAM,SAM,2015,2,28
SAM,SAM,2015,3,2
SAM,SAM,2015,3,3
SAM,SAM,2015,3,6
SAM,SAM,2015,3,7
SAM,SAM,2015,3,9
SAM,SAM,2015,3,10
SAM,SAM,2015,3,27
SAM,SAM,2015,3,28
SAM,SAM,2015,4,2
SAM,SAM,2015,4,3
SAM,SAM,2015,4,4
SAM,SAM,2015,4,9
SAM,SAM,2015,4,10
SAM,SAM,2015,4,11
SAM,SAM,2015,4,16
SAM,SAM,2015,4,18
SAM,SAM,2015,4,23
SAM,SAM,2015,4,24
SAM,SAM,2015,4,25
SAM,SAM,2015,4,30
SAM,SAM,2015,5,1
SAM,SAM,2015,5,2
SAM,SAM,2015,5,7
SAM,SAM,2015,5,8
SAM,SAM,2015,5,9
SAM,SAM,2015,5,10
SAM,SAM,2015,5,14
SAM,SAM,2015,5,15
SAM,SAM,2015,5,16
SAN,SAN,1998,9,30
SAN,SAN,1998,10,1
SAN,SAN,1998,10,2
SAN,SAN,1998,10,3
SAN,SAN,1998,10,4
SAN,SAN,1998,10,7
SAN,SAN,1998,10,8
SAN,SAN,1998,10,9
SAN,SAN,1998,10,10
SAN,SAN,1998,10,11
SAN,SAN,1998,10,12
SAN,SAN,1998,10,14
SAN,SAN,1998,10,15
SAN,SAN,1998,10,16
SAN,SAN,1998,10,17
SAN,SAN,1998,10,18
SAN,SAN,1998,10,21
SAN,SAN,1998,10,22
SAN,SAN,1998,10,23
SAN,SAN,1998,10,24
SAN,SAN,1998,10,25
SAN,SAN,1998,10,28
SAN,SAN,1998,10,29
SAN,SAN,1998,10,30
SAN,SAN,1998,10,31
SAN,SAN,1998,11,1
SAN,SAN,1998,11,4
SAN,SAN,1998,11,5
SAN,SAN,1998,11,6
SAN,SAN,1998,11,7
SAN,SAN,1998,11,8
SAN,SAN,1998,11,9
SAN,SAN,1998,12,26
SAN,SAN,1998,12,27
SAN,SAN,1998,12,28
SAN,SAN,1998,12,30
SAN,SAN,1999,4,14
SAN,SAN,1999,4,16
SAN,SAN,1999,4,17
SAN,SAN,1999,4,18
SAN,SAN,1999,4,19
SAN,SAN,1999,9,29
SAN,SAN,1999,9,30
SAN,SAN,1999,10,1
SAN,SAN,1999,10,2
SAN,SAN,1999,10,3
SAN,SAN,1999,10,6
SAN,SAN,1999,10,7
SAN,SAN,1999,10,8
SAN,SAN,1999,10,9
SAN,SAN,1999,10,10
SAN,SAN,1999,10,11
SAN,SAN,1999,10,13
SAN,SAN,1999,10,14
SAN,SAN,1999,10,15
SAN,SAN,1999,10,16
SAN,SAN,1999,10,17
SAN,SAN,1999,10,20
SAN,SAN,1999,10,21
SAN,SAN,1999,10,22
SAN,SAN,1999,10,23
SAN,SAN,1999,10,24
SAN,SAN,1999,10,27
SAN,SAN,1999,10,28
SAN,SAN,1999,10,29
SAN,SAN,1999,10,30
SAN,SAN,1999,10,31
SAN,SAN,1999,11,4
SAN,SAN,1999,11,5
SAN,SAN,1999,11,6
SAN,SAN,1999,11,7
SAN,SAN,1999,11,8
SAN,SAN,1999,12,26
SAN,SAN,1999,12,27
SAN,SAN,1999,12,30
SAN,SAN,2000,4,12
SAN,SAN,2000,4,13
SAN,SAN,2000,4,14
SAN,SAN,2000,4,15
SAN,SAN,2000,4,16
SAN,SAN,2000,4,20
SAN,SAN,2000,4,21
SAN,SAN,2000,4,22
SAN,SAN,2000,4,23
SAN,SAN,2000,4,24
SAN,SAN,2000,10,4
SAN,SAN,2000,10,5
SAN,SAN,2000,10,7
SAN,SAN,2000,10,8
SAN,SAN,2000,10,9
SAN,SAN,2000,10,11
SAN,SAN,2000,10,12
SAN,SAN,2000,10,13
SAN,SAN,2000,10,14
SAN,SAN,2000,10,15
SAN,SAN,2000,10,18
SAN,SAN,2000,10,19
SAN,SAN,2000,10,20
SAN,SAN,2000,10,21
SAN,SAN,2000,10,22
SAN,SAN,2000,10,25
SAN,SAN,2000,10,26
SAN,SAN,2000,10,27
SAN,SAN,2000,10,28
SAN,SAN,2000,10,29
SAN,SAN,2000,11,1
SAN,SAN,2000,11,2
SAN,SAN,2000,11,3
SAN,SAN,2000,11,4
SAN,SAN,2000,11,5
SAN,SAN,2000,11,6
SAN,SAN,2000,12,26
SAN,SAN,2000,12,28
SAN,SAN,2000,12,29
SAN,SAN,2000,12,30
SAN,SAN,2000,12,31
SAN,SAN,2001,1,1
SAN,SAN,2001,1,3
SAN,SAN,2001,1,4
SAN,SAN,2001,1,5
SAN,SAN,2001,1,6
SAN,SAN,2001,1,7
SAN,SAN,2001,1,10
SAN,SAN,2001,1,11
SAN,SAN,2001,1,12
SAN,SAN,2001,1,13
SAN,SAN,2001,1,14
SAN,SAN,2001,1,15
SAN,SAN,2001,1,18
SAN,SAN,2001,1,19
SAN,SAN,2001,1,20
SAN,SAN,2001,1,21
SAN,SAN,2001,1,24
SAN,SAN,2001,1,25
SAN,SAN,2001,1,26
SAN,SAN,2001,1,31
SAN,SAN,2001,2,1
SAN,SAN,2001,2,2
SAN,SAN,2001,2,3
SAN,SAN,2001,2,4
SAN,SAN,2001,2,7
SAN,SAN,2001,2,8
SAN,SAN,2001,2,9
SAN,SAN,2001,2,10
SAN,SAN,2001,2,11
SAN,SAN,2001,2,21
SAN,SAN,2001,2,22
SAN,SAN,2001,2,23
SAN,SAN,2001,2,24
SAN,SAN,2001,2,25
SAN,SAN,2001,2,28
SAN,SAN,2001,3,1
SAN,SAN,2001,3,2
SAN,SAN,2001,3,3
SAN,SAN,2001,3,4
SAN,SAN,2001,3,7
SAN,SAN,2001,3,8
SAN,SAN,2001,3,9
SAN,SAN,2001,3,10
SAN,SAN,2001,3,11
SAN,SAN,2001,3,14
SAN,SAN,2001,3,15
SAN,SAN,2001,3,16
SAN,SAN,2001,3,17
SAN,SAN,2001,3,18
SAN,SAN,2001,3,21
SAN,SAN,2001,3,22
SAN,SAN,2001,3,23
SAN,SAN,2001,3,24
SAN,SAN,2001,3,25
SAN,SAN,2001,3,28
SAN,SAN,2001,3,29
SAN,SAN,2001,4,4
SAN,SAN,2001,4,5
SAN,SAN,2001,4,6
SAN,SAN,2001,4,7
SAN,SAN,2001,4,8
SAN,SAN,2001,4,11
SAN,SAN,2001,4,12
SAN,SAN,2001,4,13
SAN,SAN,2001,4,14
SAN,SAN,2001,4,15
SAN,SAN,2001,4,16
SAN,SAN,2001,9,27
SAN,SAN,2001,9,28
SAN,SAN,2001,9,29
SAN,SAN,2001,9,30
SAN,SAN,2001,10,3
SAN,SAN,2001,10,4
SAN,SAN,2001,10,5
SAN,SAN,2001,10,6
SAN,SAN,2001,10,7
SAN,SAN,2001,10,8
SAN,SAN,2001,10,10
SAN,SAN,2001,10,11
SAN,SAN,2001,10,12
SAN,SAN,2001,10,13
SAN,SAN,2001,10,14
SAN,SAN,2001,10,17
SAN,SAN,2001,10,18
SAN,SAN,2001,10,19
SAN,SAN,2001,10,20
SAN,SAN,2001,10,21
SAN,SAN,2001,10,25
SAN,SAN,2001,10,26
SAN,SAN,2001,10,28
SAN,SAN,2001,11,1
SAN,SAN,2001,11,3
SAN,SAN,2001,11,5
SAN,SAN,2001,12,26
SAN,SAN,2001,12,29
SAN,SAN,2001,12,30
SAN,SAN,2001,12,31
SAN,SAN,2002,1,1
SAN,SAN,2002,1,2
SAN,SAN,2002,1,5
SAN,SAN,2002,1,6
SAN,SAN,2002,1,9
SAN,SAN,2002,1,10
SAN,SAN,2002,1,12
SAN,SAN,2002,1,13
SAN,SAN,2002,1,17
SAN,SAN,2002,1,18
SAN,SAN,2002,1,19
SAN,SAN,2002,1,21
SAN,SAN,2002,1,24
SAN,SAN,2002,1,25
SAN,SAN,2002,1,26
SAN,SAN,2002,1,27
SAN,SAN,2002,1,30
SAN,SAN,2002,1,31
SAN,SAN,2002,2,1
SAN,SAN,2002,2,2
SAN,SAN,2002,2,3
SAN,SAN,2002,2,6
SAN,SAN,2002,2,8
SAN,SAN,2002,2,9
SAN,SAN,2002,2,10
SAN,SAN,2002,2,14
SAN,SAN,2002,2,15
SAN,SAN,2002,2,16
SAN,SAN,2002,2,17
SAN,SAN,2002,2,18
SAN,SAN,2002,2,21
SAN,SAN,2002,2,22
SAN,SAN,2002,2,23
SAN,SAN,2002,2,24
SAN,SAN,2002,2,27
SAN,SAN,2002,2,28
SAN,SAN,2002,3,1
SAN,SAN,2002,3,2
SAN,SAN,2002,3,3
SAN,SAN,2002,3,6
SAN,SAN,2002,3,7
SAN,SAN,2002,3,8
SAN,SAN,2002,3,9
SAN,SAN,2002,3,10
SAN,SAN,2002,3,13
SAN,SAN,2002,3,14
SAN,SAN,2002,3,15
SAN,SAN,2002,3,16
SAN,SAN,2002,3,17
SAN,SAN,2002,3,20
SAN,SAN,2002,3,21
SAN,SAN,2002,3,22
SAN,SAN,2002,3,23
SAN,SAN,2002,3,24
SAN,SAN,2002,3,27
SAN,SAN,2002,3,28
SAN,SAN,2002,3,29
SAN,SAN,2002,3,30
SAN,SAN,2002,3,31
SAN,SAN,2002,4,3
SAN,SAN,2002,4,4
SAN,SAN,2002,4,5
SAN,SAN,2002,4,7
SAN,SAN,2002,4,10
SAN,SAN,2002,4,11
SAN,SAN,2002,4,12
SAN,SAN,2002,4,13
SAN,SAN,2002,4,14
SAN,SAN,2002,4,17
SAN,SAN,2002,4,18
SAN,SAN,2002,4,19
SAN,SAN,2002,4,21
SAN,SAN,2002,10,2
SAN,SAN,2002,10,3
SAN,SAN,2002,10,4
SAN,SAN,2002,10,5
SAN,SAN,2002,10,6
SAN,SAN,2002,10,9
SAN,SAN,2002,10,10
SAN,SAN,2002,10,11
SAN,SAN,2002,10,12
SAN,SAN,2002,10,13
SAN,SAN,2002,10,14
SAN,SAN,2002,10,16
SAN,SAN,2002,10,17
SAN,SAN,2002,10,18
SAN,SAN,2002,10,19
SAN,SAN,2002,10,20
SAN,SAN,2002,10,23
SAN,SAN,2002,10,24
SAN,SAN,2002,10,25
SAN,SAN,2002,10,26
SAN,SAN,2002,10,27
SAN,SAN,2002,10,30
SAN,SAN,2002,10,31
SAN,SAN,2002,11,1
SAN,SAN,2002,11,2
SAN,SAN,2002,11,3
SAN,SAN,2002,12,26
SAN,SAN,2002,12,27
SAN,SAN,2002,12,28
SAN,SAN,2002,12,29
SAN,SAN,2002,12,31
SAN,SAN,2003,1,1
SAN,SAN,2003,1,2
SAN,SAN,2003,1,3
SAN,SAN,2003,1,4
SAN,SAN,2003,1,5
SAN,SAN,2003,1,8
SAN,SAN,2003,1,9
SAN,SAN,2003,1,10
SAN,SAN,2003,1,11
SAN,SAN,2003,1,12
SAN,SAN,2003,1,15
SAN,SAN,2003,1,16
SAN,SAN,2003,1,17
SAN,SAN,2003,1,18
SAN,SAN,2003,1,19
SAN,SAN,2003,1,20
SAN,SAN,2003,1,23
SAN,SAN,2003,1,24
SAN,SAN,2003,1,25
SAN,SAN,2003,1,26
SAN,SAN,2003,1,29
SAN,SAN,2003,1,30
SAN,SAN,2003,1,31
SAN,SAN,2003,2,1
SAN,SAN,2003,2,2
SAN,SAN,2003,2,5
SAN,SAN,2003,2,6
SAN,SAN,2003,2,7
SAN,SAN,2003,2,8
SAN,SAN,2003,2,9
SAN,SAN,2003,2,12
SAN,SAN,2003,2,13
SAN,SAN,2003,2,14
SAN,SAN,2003,2,15
SAN,SAN,2003,2,16
SAN,SAN,2003,2,17
SAN,SAN,2003,2,20
SAN,SAN,2003,2,21
SAN,SAN,2003,2,22
SAN,SAN,2003,2,23
SAN,SAN,2003,2,26
SAN,SAN,2003,2,27
SAN,SAN,2003,3,5
SAN,SAN,2003,3,6
SAN,SAN,2003,3,7
SAN,SAN,2003,3,8
SAN,SAN,2003,3,9
SAN,SAN,2003,3,12
SAN,SAN,2003,3,13
SAN,SAN,2003,3,14
SAN,SAN,2003,3,15
SAN,SAN,2003,3,16
SAN,SAN,2003,3,19
SAN,SAN,2003,3,20
SAN,SAN,2003,3,21
SAN,SAN,2003,3,22
SAN,SAN,2003,3,23
SAN,SAN,2003,3,26
SAN,SAN,2003,3,27
SAN,SAN,2003,3,28
SAN,SAN,2003,3,29
SAN,SAN,2003,3,30
SAN,SAN,2003,4,2
SAN,SAN,2003,4,3
SAN,SAN,2003,4,4
SAN,SAN,2003,4,5
SAN,SAN,2003,4,6
SAN,SAN,2003,4,9
SAN,SAN,2003,4,10
SAN,SAN,2003,4,11
SAN,SAN,2003,4,12
SAN,SAN,2003,4,13
SAN,SAN,2003,4,16
SAN,SAN,2003,4,17
SAN,SAN,2003,4,18
SAN,SAN,2003,4,19
SAN,SAN,2003,4,20
SAN,SAN,2003,9,28
SAN,SAN,2003,10,1
SAN,SAN,2003,10,2
SAN,SAN,2003,10,3
SAN,SAN,2003,10,4
SAN,SAN,2003,10,5
SAN,SAN,2003,10,8
SAN,SAN,2003,10,9
SAN,SAN,2003,10,10
SAN,SAN,2003,10,11
SAN,SAN,2003,10,12
SAN,SAN,2003,10,13
SAN,SAN,2003,10,15
SAN,SAN,2003,10,16
SAN,SAN,2003,10,17
SAN,SAN,2003,10,18
SAN,SAN,2003,10,19
SAN,SAN,2003,10,22
SAN,SAN,2003,10,23
SAN,SAN,2003,10,24
SAN,SAN,2003,10,25
SAN,SAN,2003,10,26
SAN,SAN,2003,10,29
SAN,SAN,2003,10,30
SAN,SAN,2003,10,31
SAN,SAN,2003,11,1
SAN,SAN,2003,11,2
SAN,SAN,2003,11,5
SAN,SAN,2003,11,6
SAN,SAN,2003,11,7
SAN,SAN,2003,11,8
SAN,SAN,2003,11,9
SAN,SAN,2003,12,27
SAN,SAN,2003,12,28
SAN,SAN,2003,12,29
SAN,SAN,2003,12,31
SAN,SAN,2004,1,1
SAN,SAN,2004,1,2
SAN,SAN,2004,1,3
SAN,SAN,2004,1,4
SAN,SAN,2004,1,7
SAN,SAN,2004,1,8
SAN,SAN,2004,1,9
SAN,SAN,2004,1,10
SAN,SAN,2004,1,11
SAN,SAN,2004,1,14
SAN,SAN,2004,1,15
SAN,SAN,2004,1,16
SAN,SAN,2004,1,17
SAN,SAN,2004,1,18
SAN,SAN,2004,1,19
SAN,SAN,2004,1,22
SAN,SAN,2004,1,23
SAN,SAN,2004,1,24
SAN,SAN,2004,1,25
SAN,SAN,2004,1,28
SAN,SAN,2004,1,29
SAN,SAN,2004,1,30
SAN,SAN,2004,1,31
SAN,SAN,2004,2,1
SAN,SAN,2004,2,4
SAN,SAN,2004,2,5
SAN,SAN,2004,2,6
SAN,SAN,2004,2,7
SAN,SAN,2004,2,8
SAN,SAN,2004,2,11
SAN,SAN,2004,2,12
SAN,SAN,2004,2,13
SAN,SAN,2004,2,14
SAN,SAN,2004,2,15
SAN,SAN,2004,2,16
SAN,SAN,2004,2,19
SAN,SAN,2004,2,20
SAN,SAN,2004,2,21
SAN,SAN,2004,2,22
SAN,SAN,2004,2,25
SAN,SAN,2004,2,26
SAN,SAN,2004,2,27
SAN,SAN,2004,2,28
SAN,SAN,2004,2,29
SAN,SAN,2004,3,3
SAN,SAN,2004,3,4
SAN,SAN,2004,3,5
SAN,SAN,2004,3,6
SAN,SAN,2004,3,7
SAN,SAN,2004,3,10
SAN,SAN,2004,3,11
SAN,SAN,2004,3,12
SAN,SAN,2004,3,13
SAN,SAN,2004,3,14
SAN,SAN,2004,3,17
SAN,SAN,2004,3,18
SAN,SAN,2004,3,19
SAN,SAN,2004,3,20
SAN,SAN,2004,3,21
SAN,SAN,2004,3,24
SAN,SAN,2004,3,25
SAN,SAN,2004,3,26
SAN,SAN,2004,3,27
SAN,SAN,2004,3,28
SAN,SAN,2004,3,31
SAN,SAN,2004,4,1
SAN,SAN,2004,4,2
SAN,SAN,2004,4,3
SAN,SAN,2004,4,4
SAN,SAN,2004,4,7
SAN,SAN,2004,4,8
SAN,SAN,2004,4,9
SAN,SAN,2004,4,10
SAN,SAN,2004,4,11
SAN,SAN,2004,4,14
SAN,SAN,2004,4,15
SAN,SAN,2004,4,16
SAN,SAN,2004,4,17
SAN,SAN,2004,4,18
SAN,SAN,2004,9,29
SAN,SAN,2004,9,30
SAN,SAN,2004,10,1
SAN,SAN,2004,10,2
SAN,SAN,2004,10,3
SAN,SAN,2004,10,6
SAN,SAN,2004,10,7
SAN,SAN,2004,10,8
SAN,SAN,2004,10,9
SAN,SAN,2004,10,10
SAN,SAN,2004,10,11
SAN,SAN,2004,10,13
SAN,SAN,2004,10,14
SAN,SAN,2004,10,15
SAN,SAN,2004,10,16
SAN,SAN,2004,10,17
SAN,SAN,2004,10,20
SAN,SAN,2004,10,21
SAN,SAN,2004,10,22
SAN,SAN,2004,10,23
SAN,SAN,2004,10,24
SAN,SAN,2004,10,27
SAN,SAN,2004,10,28
SAN,SAN,2004,10,29
SAN,SAN,2004,10,30
SAN,SAN,2004,10,31
SAN,SAN,2004,12,26
SAN,SAN,2004,12,27
SAN,SAN,2004,12,29
SAN,SAN,2004,12,30
SAN,SAN,2004,12,31
SAN,SAN,2005,1,1
SAN,SAN,2005,1,2
SAN,SAN,2005,1,5
SAN,SAN,2005,1,6
SAN,SAN,2005,1,7
SAN,SAN,2005,1,8
SAN,SAN,2005,1,9
SAN,SAN,2005,1,12
SAN,SAN,2005,1,13
SAN,SAN,2005,1,14
SAN,SAN,2005,1,15
SAN,SAN,2005,1,16
SAN,SAN,2005,1,17
SAN,SAN,2005,1,19
SAN,SAN,2005,1,20
SAN,SAN,2005,1,21
SAN,SAN,2005,1,22
SAN,SAN,2005,1,23
SAN,SAN,2005,1,26
SAN,SAN,2005,1,27
SAN,SAN,2005,1,28
SAN,SAN,2005,1,29
SAN,SAN,2005,1,30
SAN,SAN,2005,2,2
SAN,SAN,2005,2,3
SAN,SAN,2005,2,4
SAN,SAN,2005,2,5
SAN,SAN,2005,2,6
SAN,SAN,2005,2,9
SAN,SAN,2005,2,10
SAN,SAN,2005,2,11
SAN,SAN,2005,2,12
SAN,SAN,2005,2,13
SAN,SAN,2005,2,16
SAN,SAN,2005,2,17
SAN,SAN,2005,2,18
SAN,SAN,2005,2,19
SAN,SAN,2005,2,20
SAN,SAN,2005,2,21
SAN,SAN,2005,2,23
SAN,SAN,2005,2,24
SAN,SAN,2005,2,25
SAN,SAN,2005,2,26
SAN,SAN,2005,2,27
SAN,SAN,2005,3,2
SAN,SAN,2005,3,3
SAN,SAN,2005,3,4
SAN,SAN,2005,3,5
SAN,SAN,2005,3,6
SAN,SAN,2005,3,9
SAN,SAN,2005,3,10
SAN,SAN,2005,3,11
SAN,SAN,2005,3,12
SAN,SAN,2005,3,13
SAN,SAN,2005,3,16
SAN,SAN,2005,3,17
SAN,SAN,2005,3,18
SAN,SAN,2005,3,19
SAN,SAN,2005,3,20
SAN,SAN,2005,3,23
SAN,SAN,2005,3,24
SAN,SAN,2005,3,25
SAN,SAN,2005,3,26
SAN,SAN,2005,3,27
SAN,SAN,2005,3,30
SAN,SAN,2005,3,31
SAN,SAN,2005,4,1
SAN,SAN,2005,4,2
SAN,SAN,2005,4,3
SAN,SAN,2005,4,6
SAN,SAN,2005,4,7
SAN,SAN,2005,4,8
SAN,SAN,2005,4,9
SAN,SAN,2005,4,10
SAN,SAN,2005,4,13
SAN,SAN,2005,4,14
SAN,SAN,2005,4,15
SAN,SAN,2005,4,16
SAN,SAN,2005,4,17
SAN,SAN,2005,4,18
SAN,SAN,2005,9,28
SAN,SAN,2005,9,29
SAN,SAN,2005,9,30
SAN,SAN,2005,10,1
SAN,SAN,2005,10,2
SAN,SAN,2005,10,5
SAN,SAN,2005,10,6
SAN,SAN,2005,10,7
SAN,SAN,2005,10,8
SAN,SAN,2005,10,9
SAN,SAN,2005,10,10
SAN,SAN,2005,10,12
SAN,SAN,2005,10,13
SAN,SAN,2005,10,14
SAN,SAN,2005,10,15
SAN,SAN,2005,10,16
SAN,SAN,2005,10,19
SAN,SAN,2005,10,20
SAN,SAN,2005,10,21
SAN,SAN,2005,10,22
SAN,SAN,2005,10,23
SAN,SAN,2005,10,26
SAN,SAN,2005,10,27
SAN,SAN,2005,10,28
SAN,SAN,2005,10,29
SAN,SAN,2005,10,30
SAN,SAN,2005,11,2
SAN,SAN,2005,11,3
SAN,SAN,2005,11,4
SAN,SAN,2005,11,5
SAN,SAN,2005,11,6
SAN,SAN,2005,12,26
SAN,SAN,2005,12,28
SAN,SAN,2005,12,29
SAN,SAN,2005,12,30
SAN,SAN,2005,12,31
SAN,SAN,2006,1,1
SAN,SAN,2006,1,2
SAN,SAN,2006,1,5
SAN,SAN,2006,1,6
SAN,SAN,2006,1,7
SAN,SAN,2006,1,8
SAN,SAN,2006,1,11
SAN,SAN,2006,1,12
SAN,SAN,2006,1,13
SAN,SAN,2006,1,14
SAN,SAN,2006,1,15
SAN,SAN,2006,1,16
SAN,SAN,2006,1,19
SAN,SAN,2006,1,20
SAN,SAN,2006,1,21
SAN,SAN,2006,1,22
SAN,SAN,2006,1,25
SAN,SAN,2006,1,26
SAN,SAN,2006,1,27
SAN,SAN,2006,1,28
SAN,SAN,2006,1,29
SAN,SAN,2006,2,1
SAN,SAN,2006,2,2
SAN,SAN,2006,2,3
SAN,SAN,2006,2,4
SAN,SAN,2006,2,5
SAN,SAN,2006,2,8
SAN,SAN,2006,2,9
SAN,SAN,2006,2,10
SAN,SAN,2006,2,11
SAN,SAN,2006,2,12
SAN,SAN,2006,2,15
SAN,SAN,2006,2,16
SAN,SAN,2006,2,17
SAN,SAN,2006,2,18
SAN,SAN,2006,2,19
SAN,SAN,2006,2,20
SAN,SAN,2006,2,23
SAN,SAN,2006,2,24
SAN,SAN,2006,2,25
SAN,SAN,2006,2,26
SAN,SAN,2006,3,1
SAN,SAN,2006,3,2
SAN,SAN,2006,3,3
SAN,SAN,2006,3,4
SAN,SAN,2006,3,5
SAN,SAN,2006,3,8
SAN,SAN,2006,3,9
SAN,SAN,2006,3,10
SAN,SAN,2006,3,11
SAN,SAN,2006,3,12
SAN,SAN,2006,3,15
SAN,SAN,2006,3,16
SAN,SAN,2006,3,17
SAN,SAN,2006,3,18
SAN,SAN,2006,3,19
SAN,SAN,2006,3,22
SAN,SAN,2006,3,23
SAN,SAN,2006,3,24
SAN,SAN,2006,3,25
SAN,SAN,2006,3,26
SAN,SAN,2006,3,29
SAN,SAN,2006,3,30
SAN,SAN,2006,3,31
SAN,SAN,2006,4,1
SAN,SAN,2006,4,2
SAN,SAN,2006,4,5
SAN,SAN,2006,4,6
SAN,SAN,2006,4,7
SAN,SAN,2006,4,8
SAN,SAN,2006,4,9
SAN,SAN,2006,4,12
SAN,SAN,2006,4,13
SAN,SAN,2006,4,14
SAN,SAN,2006,4,15
SAN,SAN,2006,4,16
SAN,SAN,2006,4,19
SAN,SAN,2006,4,20
SAN,SAN,2006,4,21
SAN,SAN,2006,4,22
SAN,SAN,2006,4,23
SAN,SAN,2006,9,27
SAN,SAN,2006,9,28
SAN,SAN,2006,9,29
SAN,SAN,2006,9,30
SAN,SAN,2006,10,1
SAN,SAN,2006,10,4
SAN,SAN,2006,10,5
SAN,SAN,2006,10,6
SAN,SAN,2006,10,7
SAN,SAN,2006,10,8
SAN,SAN,2006,10,9
SAN,SAN,2006,10,11
SAN,SAN,2006,10,12
SAN,SAN,2006,10,13
SAN,SAN,2006,10,14
SAN,SAN,2006,10,15
SAN,SAN,2006,10,18
SAN,SAN,2006,10,19
SAN,SAN,2006,10,20
SAN,SAN,2006,10,21
SAN,SAN,2006,10,22
SAN,SAN,2006,10,25
SAN,SAN,2006,10,26
SAN,SAN,2006,10,27
SAN,SAN,2006,10,28
SAN,SAN,2006,10,29
SAN,SAN,2006,12,26
SAN,SAN,2006,12,28
SAN,SAN,2006,12,29
SAN,SAN,2006,12,30
SAN,SAN,2006,12,31
SAN,SAN,2007,1,1
SAN,SAN,2007,1,4
SAN,SAN,2007,1,5
SAN,SAN,2007,1,6
SAN,SAN,2007,1,7
SAN,SAN,2007,1,10
SAN,SAN,2007,1,11
SAN,SAN,2007,1,12
SAN,SAN,2007,1,13
SAN,SAN,2007,1,14
SAN,SAN,2007,1,15
SAN,SAN,2007,1,18
SAN,SAN,2007,1,19
SAN,SAN,2007,1,20
SAN,SAN,2007,1,21
SAN,SAN,2007,1,24
SAN,SAN,2007,1,25
SAN,SAN,2007,1,26
SAN,SAN,2007,1,27
SAN,SAN,2007,1,28
SAN,SAN,2007,1,31
SAN,SAN,2007,2,1
SAN,SAN,2007,2,2
SAN,SAN,2007,2,3
SAN,SAN,2007,2,4
SAN,SAN,2007,2,7
SAN,SAN,2007,2,8
SAN,SAN,2007,2,9
SAN,SAN,2007,2,10
SAN,SAN,2007,2,11
SAN,SAN,2007,2,14
SAN,SAN,2007,2,15
SAN,SAN,2007,2,16
SAN,SAN,2007,2,17
SAN,SAN,2007,2,18
SAN,SAN,2007,2,19
SAN,SAN,2007,2,22
SAN,SAN,2007,2,23
SAN,SAN,2007,2,24
SAN,SAN,2007,2,25
SAN,SAN,2007,2,28
SAN,SAN,2007,3,1
SAN,SAN,2007,3,2
SAN,SAN,2007,3,3
SAN,SAN,2007,3,4
SAN,SAN,2007,3,7
SAN,SAN,2007,3,8
SAN,SAN,2007,3,9
SAN,SAN,2007,3,10
SAN,SAN,2007,3,11
SAN,SAN,2007,3,14
SAN,SAN,2007,3,15
SAN,SAN,2007,3,16
SAN,SAN,2007,3,17
SAN,SAN,2007,3,18
SAN,SAN,2007,3,21
SAN,SAN,2007,3,22
SAN,SAN,2007,3,23
SAN,SAN,2007,3,24
SAN,SAN,2007,3,25
SAN,SAN,2007,3,28
SAN,SAN,2007,3,29
SAN,SAN,2007,3,30
SAN,SAN,2007,3,31
SAN,SAN,2007,4,1
SAN,SAN,2007,4,4
SAN,SAN,2007,4,5
SAN,SAN,2007,4,6
SAN,SAN,2007,4,7
SAN,SAN,2007,4,8
SAN,SAN,2007,4,11
SAN,SAN,2007,4,12
SAN,SAN,2007,4,13
SAN,SAN,2007,4,14
SAN,SAN,2007,4,15
SAN,SAN,2007,4,18
SAN,SAN,2007,4,19
SAN,SAN,2007,4,20
SAN,SAN,2007,4,21
SAN,SAN,2007,4,22
SAN,SAN,2007,9,26
SAN,SAN,2007,9,27
SAN,SAN,2007,9,28
SAN,SAN,2007,9,29
SAN,SAN,2007,9,30
SAN,SAN,2007,10,3
SAN,SAN,2007,10,4
SAN,SAN,2007,10,5
SAN,SAN,2007,10,6
SAN,SAN,2007,10,7
SAN,SAN,2007,10,8
SAN,SAN,2007,10,10
SAN,SAN,2007,10,11
SAN,SAN,2007,10,12
SAN,SAN,2007,10,13
SAN,SAN,2007,10,14
SAN,SAN,2007,10,17
SAN,SAN,2007,10,18
SAN,SAN,2007,10,19
SAN,SAN,2007,10,20
SAN,SAN,2007,10,21
SAN,SAN,2007,10,24
SAN,SAN,2007,10,25
SAN,SAN,2007,10,26
SAN,SAN,2007,10,27
SAN,SAN,2007,10,28
SAN,SAN,2007,10,31
SAN,SAN,2007,11,1
SAN,SAN,2007,11,2
SAN,SAN,2007,11,3
SAN,SAN,2007,11,4
SAN,SAN,2007,12,26
SAN,SAN,2007,12,28
SAN,SAN,2007,12,29
SAN,SAN,2007,12,30
SAN,SAN,2007,12,31
SAN,SAN,2008,1,1
SAN,SAN,2008,1,3
SAN,SAN,2008,1,4
SAN,SAN,2008,1,10
SAN,SAN,2008,1,11
SAN,SAN,2008,1,12
SAN,SAN,2008,1,13
SAN,SAN,2008,1,14
SAN,SAN,2008,1,17
SAN,SAN,2008,1,18
SAN,SAN,2008,1,19
SAN,SAN,2008,1,20
SAN,SAN,2008,1,21
SAN,SAN,2008,1,26
SAN,SAN,2008,1,31
SAN,SAN,2008,2,1
SAN,SAN,2008,2,2
SAN,SAN,2008,2,9
SAN,SAN,2008,2,10
SAN,SAN,2008,2,11
SAN,SAN,2008,2,13
SAN,SAN,2008,2,14
SAN,SAN,2008,2,15
SAN,SAN,2008,2,16
SAN,SAN,2008,2,17
SAN,SAN,2008,2,18
SAN,SAN,2008,2,20
SAN,SAN,2008,2,21
SAN,SAN,2008,2,22
SAN,SAN,2008,2,23
SAN,SAN,2008,2,24
SAN,SAN,2008,2,25
SAN,SAN,2008,2,27
SAN,SAN,2008,2,28
SAN,SAN,2008,2,29
SAN,SAN,2008,3,1
SAN,SAN,2008,3,2
SAN,SAN,2008,3,3
SAN,SAN,2008,3,6
SAN,SAN,2008,3,7
SAN,SAN,2008,3,8
SAN,SAN,2008,3,9
SAN,SAN,2008,3,10
SAN,SAN,2008,3,13
SAN,SAN,2008,3,14
SAN,SAN,2008,3,15
SAN,SAN,2008,3,16
SAN,SAN,2008,3,17
SAN,SAN,2008,3,20
SAN,SAN,2008,3,21
SAN,SAN,2008,3,22
SAN,SAN,2008,3,23
SAN,SAN,2008,3,24
SAN,SAN,2008,3,27
SAN,SAN,2008,3,28
SAN,SAN,2008,3,29
SAN,SAN,2008,3,30
SAN,SAN,2008,3,31
SAN,SAN,2008,4,3
SAN,SAN,2008,4,4
SAN,SAN,2008,4,5
SAN,SAN,2008,4,6
SAN,SAN,2008,4,7
SAN,SAN,2008,4,10
SAN,SAN,2008,4,11
SAN,SAN,2008,4,12
SAN,SAN,2008,4,13
SAN,SAN,2008,4,14
SAN,SAN,2008,4,17
SAN,SAN,2008,4,18
SAN,SAN,2008,4,19
SAN,SAN,2008,4,20
SAN,SAN,2008,9,24
SAN,SAN,2008,9,25
SAN,SAN,2008,9,26
SAN,SAN,2008,9,27
SAN,SAN,2008,9,28
SAN,SAN,2008,10,1
SAN,SAN,2008,10,2
SAN,SAN,2008,10,3
SAN,SAN,2008,10,4
SAN,SAN,2008,10,5
SAN,SAN,2008,10,8
SAN,SAN,2008,10,9
SAN,SAN,2008,10,10
SAN,SAN,2008,10,11
SAN,SAN,2008,10,12
SAN,SAN,2008,10,13
SAN,SAN,2008,10,15
SAN,SAN,2008,10,16
SAN,SAN,2008,10,17
SAN,SAN,2008,10,18
SAN,SAN,2008,10,19
SAN,SAN,2008,10,22
SAN,SAN,2008,10,23
SAN,SAN,2008,10,24
SAN,SAN,2008,10,25
SAN,SAN,2008,10,26
SAN,SAN,2008,12,26
SAN,SAN,2008,12,27
SAN,SAN,2008,12,28
SAN,SAN,2008,12,29
SAN,SAN,2008,12,31
SAN,SAN,2009,1,1
SAN,SAN,2009,1,2
SAN,SAN,2009,1,3
SAN,SAN,2009,1,4
SAN,SAN,2009,1,7
SAN,SAN,2009,1,8
SAN,SAN,2009,1,9
SAN,SAN,2009,1,10
SAN,SAN,2009,1,11
SAN,SAN,2009,1,14
SAN,SAN,2009,1,15
SAN,SAN,2009,1,16
SAN,SAN,2009,1,17
SAN,SAN,2009,1,18
SAN,SAN,2009,1,19
SAN,SAN,2009,1,22
SAN,SAN,2009,1,23
SAN,SAN,2009,1,24
SAN,SAN,2009,1,25
SAN,SAN,2009,1,28
SAN,SAN,2009,1,29
SAN,SAN,2009,1,30
SAN,SAN,2009,1,31
SAN,SAN,2009,2,1
SAN,SAN,2009,2,4
SAN,SAN,2009,2,5
SAN,SAN,2009,2,6
SAN,SAN,2009,2,7
SAN,SAN,2009,2,8
SAN,SAN,2009,2,11
SAN,SAN,2009,2,12
SAN,SAN,2009,2,13
SAN,SAN,2009,2,14
SAN,SAN,2009,2,15
SAN,SAN,2009,2,16
SAN,SAN,2009,2,19
SAN,SAN,2009,2,20
SAN,SAN,2009,2,21
SAN,SAN,2009,2,22
SAN,SAN,2009,2,25
SAN,SAN,2009,2,26
SAN,SAN,2009,2,27
SAN,SAN,2009,2,28
SAN,SAN,2009,3,1
SAN,SAN,2009,3,4
SAN,SAN,2009,3,5
SAN,SAN,2009,3,6
SAN,SAN,2009,3,7
SAN,SAN,2009,3,8
SAN,SAN,2009,3,11
SAN,SAN,2009,3,12
SAN,SAN,2009,3,13
SAN,SAN,2009,3,14
SAN,SAN,2009,3,15
SAN,SAN,2009,3,18
SAN,SAN,2009,3,19
SAN,SAN,2009,3,20
SAN,SAN,2009,3,21
SAN,SAN,2009,3,22
SAN,SAN,2009,3,25
SAN,SAN,2009,3,26
SAN,SAN,2009,3,27
SAN,SAN,2009,3,28
SAN,SAN,2009,3,29
SAN,SAN,2009,4,1
SAN,SAN,2009,4,2
SAN,SAN,2009,4,3
SAN,SAN,2009,4,4
SAN,SAN,2009,4,5
SAN,SAN,2009,4,8
SAN,SAN,2009,4,9
SAN,SAN,2009,4,10
SAN,SAN,2009,4,11
SAN,SAN,2009,4,12
SAN,SAN,2009,4,15
SAN,SAN,2009,4,16
SAN,SAN,2009,4,17
SAN,SAN,2009,4,18
SAN,SAN,2009,4,19
SAN,SAN,2009,9,30
SAN,SAN,2009,10,1
SAN,SAN,2009,10,2
SAN,SAN,2009,10,3
SAN,SAN,2009,10,4
SAN,SAN,2009,10,7
SAN,SAN,2009,10,8
SAN,SAN,2009,10,9
SAN,SAN,2009,10,10
SAN,SAN,2009,10,11
SAN,SAN,2009,10,12
SAN,SAN,2009,10,14
SAN,SAN,2009,10,15
SAN,SAN,2009,10,16
SAN,SAN,2009,10,17
SAN,SAN,2009,10,18
SAN,SAN,2009,10,21
SAN,SAN,2009,10,22
SAN,SAN,2009,10,23
SAN,SAN,2009,10,24
SAN,SAN,2009,10,25
SAN,SAN,2009,10,28
SAN,SAN,2009,10,29
SAN,SAN,2009,10,30
SAN,SAN,2009,10,31
SAN,SAN,2009,11,1
SAN,SAN,2009,11,4
SAN,SAN,2009,11,5
SAN,SAN,2009,11,6
SAN,SAN,2009,11,7
SAN,SAN,2009,11,8
SAN,SAN,2010,1,23
SAN,SAN,2010,1,24
SAN,SAN,2010,1,27
SAN,SAN,2010,1,28
SAN,SAN,2010,1,29
SAN,SAN,2010,1,30
SAN,SAN,2010,1,31
SAN,SAN,2010,2,3
SAN,SAN,2010,2,4
SAN,SAN,2010,2,5
SAN,SAN,2010,2,7
SAN,SAN,2010,2,10
SAN,SAN,2010,2,11
SAN,SAN,2010,2,12
SAN,SAN,2010,2,13
SAN,SAN,2010,2,14
SAN,SAN,2010,2,15
SAN,SAN,2010,2,18
SAN,SAN,2010,2,19
SAN,SAN,2010,2,20
SAN,SAN,2010,2,21
SAN,SAN,2010,2,24
SAN,SAN,2010,2,25
SAN,SAN,2010,2,26
SAN,SAN,2010,2,28
SAN,SAN,2010,3,3
SAN,SAN,2010,3,4
SAN,SAN,2010,3,5
SAN,SAN,2010,3,6
SAN,SAN,2010,3,7
SAN,SAN,2010,3,10
SAN,SAN,2010,3,11
SAN,SAN,2010,3,12
SAN,SAN,2010,3,13
SAN,SAN,2010,3,14
SAN,SAN,2010,3,17
SAN,SAN,2010,3,18
SAN,SAN,2010,3,19
SAN,SAN,2010,3,20
SAN,SAN,2010,3,21
SAN,SAN,2010,3,24
SAN,SAN,2010,3,25
SAN,SAN,2010,3,26
SAN,SAN,2010,3,27
SAN,SAN,2010,3,28
SAN,SAN,2010,3,31
SAN,SAN,2010,4,1
SAN,SAN,2010,4,2
SAN,SAN,2010,4,3
SAN,SAN,2010,4,4
SAN,SAN,2010,4,7
SAN,SAN,2010,4,8
SAN,SAN,2010,4,9
SAN,SAN,2010,4,10
SAN,SAN,2010,4,11
SAN,SAN,2010,4,14
SAN,SAN,2010,4,15
SAN,SAN,2010,4,16
SAN,SAN,2010,4,17
SAN,SAN,2010,4,18
SAN,SAN,2010,12,26
SAN,SAN,2010,12,27
SAN,SAN,2010,12,29
SAN,SAN,2010,12,30
SAN,SAN,2010,12,31
SAN,SAN,2011,1,1
SAN,SAN,2011,1,2
SAN,SAN,2011,1,6
SAN,SAN,2011,1,7
SAN,SAN,2011,1,8
SAN,SAN,2011,1,9
SAN,SAN,2011,1,13
SAN,SAN,2011,1,14
SAN,SAN,2011,1,15
SAN,SAN,2011,1,16
SAN,SAN,2011,1,17
SAN,SAN,2011,1,20
SAN,SAN,2011,1,21
SAN,SAN,2011,1,22
SAN,SAN,2011,1,23
SAN,SAN,2011,1,27
SAN,SAN,2011,1,28
SAN,SAN,2011,1,29
SAN,SAN,2011,1,30
SAN,SAN,2011,2,3
SAN,SAN,2011,2,4
SAN,SAN,2011,2,5
SAN,SAN,2011,2,6
SAN,SAN,2011,2,10
SAN,SAN,2011,2,11
SAN,SAN,2011,2,12
SAN,SAN,2011,2,13
SAN,SAN,2011,2,17
SAN,SAN,2011,2,18
SAN,SAN,2011,2,19
SAN,SAN,2011,2,20
SAN,SAN,2011,2,21
SAN,SAN,2011,2,24
SAN,SAN,2011,2,25
SAN,SAN,2011,2,26
SAN,SAN,2011,2,27
SAN,SAN,2011,3,3
SAN,SAN,2011,3,4
SAN,SAN,2011,3,5
SAN,SAN,2011,3,6
SAN,SAN,2011,3,10
SAN,SAN,2011,3,11
SAN,SAN,2011,3,12
SAN,SAN,2011,3,13
SAN,SAN,2011,3,17
SAN,SAN,2011,3,18
SAN,SAN,2011,3,19
SAN,SAN,2011,3,20
SAN,SAN,2011,3,23
SAN,SAN,2011,3,24
SAN,SAN,2011,3,25
SAN,SAN,2011,3,26
SAN,SAN,2011,3,27
SAN,SAN,2011,3,31
SAN,SAN,2011,4,1
SAN,SAN,2011,4,2
SAN,SAN,2011,4,3
SAN,SAN,2011,4,7
SAN,SAN,2011,4,8
SAN,SAN,2011,4,9
SAN,SAN,2011,4,10
SAN,SAN,2011,4,14
SAN,SAN,2011,4,15
SAN,SAN,2011,4,16
SAN,SAN,2011,4,17
SAN,SAN,2011,9,30
SAN,SAN,2011,10,1
SAN,SAN,2011,10,2
SAN,SAN,2011,10,6
SAN,SAN,2011,10,7
SAN,SAN,2011,10,8
SAN,SAN,2011,10,9
SAN,SAN,2011,10,10
SAN,SAN,2011,10,13
SAN,SAN,2011,10,14
SAN,SAN,2011,10,15
SAN,SAN,2011,10,16
SAN,SAN,2011,10,20
SAN,SAN,2011,10,21
SAN,SAN,2011,10,22
SAN,SAN,2011,10,23
SAN,SAN,2011,10,27
SAN,SAN,2011,10,28
SAN,SAN,2011,10,29
SAN,SAN,2011,10,30
SAN,SAN,2011,11,3
SAN,SAN,2011,11,4
SAN,SAN,2011,11,5
SAN,SAN,2011,11,6
SAN,SAN,2011,12,26
SAN,SAN,2011,12,29
SAN,SAN,2011,12,30
SAN,SAN,2011,12,31
SAN,SAN,2012,1,1
SAN,SAN,2012,1,2
SAN,SAN,2012,1,5
SAN,SAN,2012,1,6
SAN,SAN,2012,1,7
SAN,SAN,2012,1,8
SAN,SAN,2012,1,12
SAN,SAN,2012,1,13
SAN,SAN,2012,1,14
SAN,SAN,2012,1,15
SAN,SAN,2012,1,16
SAN,SAN,2012,1,19
SAN,SAN,2012,1,20
SAN,SAN,2012,1,21
SAN,SAN,2012,1,22
SAN,SAN,2012,1,26
SAN,SAN,2012,1,27
SAN,SAN,2012,1,28
SAN,SAN,2012,1,29
SAN,SAN,2012,2,2
SAN,SAN,2012,2,3
SAN,SAN,2012,2,4
SAN,SAN,2012,2,5
SAN,SAN,2012,2,9
SAN,SAN,2012,2,10
SAN,SAN,2012,2,11
SAN,SAN,2012,2,12
SAN,SAN,2012,2,16
SAN,SAN,2012,2,17
SAN,SAN,2012,2,18
SAN,SAN,2012,2,19
SAN,SAN,2012,2,20
SAN,SAN,2012,2,23
SAN,SAN,2012,2,24
SAN,SAN,2012,2,25
SAN,SAN,2012,2,26
SAN,SAN,2012,3,1
SAN,SAN,2012,3,2
SAN,SAN,2012,3,3
SAN,SAN,2012,3,4
SAN,SAN,2012,3,8
SAN,SAN,2012,3,9
SAN,SAN,2012,3,10
SAN,SAN,2012,3,11
SAN,SAN,2012,3,15
SAN,SAN,2012,3,16
SAN,SAN,2012,3,17
SAN,SAN,2012,3,18
SAN,SAN,2012,3,22
SAN,SAN,2012,3,23
SAN,SAN,2012,3,24
SAN,SAN,2012,3,25
SAN,SAN,2012,3,29
SAN,SAN,2012,3,30
SAN,SAN,2012,3,31
SAN,SAN,2012,4,1
SAN,SAN,2012,4,5
SAN,SAN,2012,4,6
SAN,SAN,2012,4,7
SAN,SAN,2012,4,8
SAN,SAN,2012,4,12
SAN,SAN,2012,4,13
SAN,SAN,2012,4,14
SAN,SAN,2012,4,15
SAN,SAN,2012,4,19
SAN,SAN,2012,4,20
SAN,SAN,2012,4,21
SAN,SAN,2012,4,22
SAN,SAN,2012,9,28
SAN,SAN,2012,9,29
SAN,SAN,2012,9,30
SAN,SAN,2012,10,4
SAN,SAN,2012,10,5
SAN,SAN,2012,10,6
SAN,SAN,2012,10,7
SAN,SAN,2012,10,8
SAN,SAN,2012,10,11
SAN,SAN,2012,10,12
SAN,SAN,2012,10,13
SAN,SAN,2012,10,14
SAN,SAN,2012,10,18
SAN,SAN,2012,10,19
SAN,SAN,2012,10,20
SAN,SAN,2012,10,21
SAN,SAN,2012,10,25
SAN,SAN,2012,10,26
SAN,SAN,2012,10,27
SAN,SAN,2012,10,28
SAN,SAN,2012,11,1
SAN,SAN,2012,11,2
SAN,SAN,2012,11,3
SAN,SAN,2012,11,4
SAN,SAN,2012,12,26
SAN,SAN,2012,12,28
SAN,SAN,2012,12,29
SAN,SAN,2012,12,30
SAN,SAN,2012,12,31
SAN,SAN,2013,1,1
SAN,SAN,2013,1,4
SAN,SAN,2013,1,5
SAN,SAN,2013,1,6
SAN,SAN,2013,1,10
SAN,SAN,2013,1,11
SAN,SAN,2013,1,12
SAN,SAN,2013,1,13
SAN,SAN,2013,1,17
SAN,SAN,2013,1,18
SAN,SAN,2013,1,19
SAN,SAN,2013,1,20
SAN,SAN,2013,1,21
SAN,SAN,2013,1,24
SAN,SAN,2013,1,25
SAN,SAN,2013,1,26
SAN,SAN,2013,1,27
SAN,SAN,2013,1,31
SAN,SAN,2013,2,1
SAN,SAN,2013,2,2
SAN,SAN,2013,2,3
SAN,SAN,2013,2,7
SAN,SAN,2013,2,8
SAN,SAN,2013,2,9
SAN,SAN,2013,2,10
SAN,SAN,2013,2,14
SAN,SAN,2013,2,15
SAN,SAN,2013,2,16
SAN,SAN,2013,2,17
SAN,SAN,2013,2,18
SAN,SAN,2013,2,21
SAN,SAN,2013,2,22
SAN,SAN,2013,2,23
SAN,SAN,2013,2,24
SAN,SAN,2013,2,28
SAN,SAN,2013,3,1
SAN,SAN,2013,3,2
SAN,SAN,2013,3,3
SAN,SAN,2013,3,7
SAN,SAN,2013,3,8
SAN,SAN,2013,3,9
SAN,SAN,2013,3,10
SAN,SAN,2013,3,14
SAN,SAN,2013,3,15
SAN,SAN,2013,3,16
SAN,SAN,2013,3,17
SAN,SAN,2013,3,21
SAN,SAN,2013,3,22
SAN,SAN,2013,3,23
SAN,SAN,2013,3,24
SAN,SAN,2013,3,28
SAN,SAN,2013,3,29
SAN,SAN,2013,3,30
SAN,SAN,2013,3,31
SAN,SAN,2013,4,4
SAN,SAN,2013,4,5
SAN,SAN,2013,4,6
SAN,SAN,2013,4,7
SAN,SAN,2013,4,11
SAN,SAN,2013,4,12
SAN,SAN,2013,4,13
SAN,SAN,2013,4,14
SAN,SAN,2013,4,18
SAN,SAN,2013,4,19
SAN,SAN,2013,4,20
SAN,SAN,2013,4,21
SAN,SAN,2013,9,27
SAN,SAN,2013,9,28
SAN,SAN,2013,9,29
SAN,SAN,2013,10,3
SAN,SAN,2013,10,4
SAN,SAN,2013,10,5
SAN,SAN,2013,10,6
SAN,SAN,2013,10,10
SAN,SAN,2013,10,11
SAN,SAN,2013,10,12
SAN,SAN,2013,10,13
SAN,SAN,2013,10,14
SAN,SAN,2013,10,17
SAN,SAN,2013,10,18
SAN,SAN,2013,10,19
SAN,SAN,2013,10,20
SAN,SAN,2013,10,24
SAN,SAN,2013,10,25
SAN,SAN,2013,10,26
SAN,SAN,2013,10,27
SAN,SAN,2013,10,31
SAN,SAN,2013,11,1
SAN,SAN,2013,11,2
SAN,SAN,2013,11,3
SAN,SAN,2013,12,26
SAN,SAN,2013,12,27
SAN,SAN,2013,12,28
SAN,SAN,2013,12,29
SAN,SAN,2014,1,1
SAN,SAN,2014,1,2
SAN,SAN,2014,1,3
SAN,SAN,2014,1,4
SAN,SAN,2014,1,5
SAN,SAN,2014,1,9
SAN,SAN,2014,1,10
SAN,SAN,2014,1,11
SAN,SAN,2014,1,12
SAN,SAN,2014,1,16
SAN,SAN,2014,1,17
SAN,SAN,2014,1,18
SAN,SAN,2014,1,19
SAN,SAN,2014,1,20
SAN,SAN,2014,1,23
SAN,SAN,2014,1,24
SAN,SAN,2014,1,25
SAN,SAN,2014,1,26
SAN,SAN,2014,1,30
SAN,SAN,2014,1,31
SAN,SAN,2014,2,1
SAN,SAN,2014,2,2
SAN,SAN,2014,2,6
SAN,SAN,2014,2,7
SAN,SAN,2014,2,8
SAN,SAN,2014,2,9
SAN,SAN,2014,2,13
SAN,SAN,2014,2,14
SAN,SAN,2014,2,15
SAN,SAN,2014,2,16
SAN,SAN,2014,2,17
SAN,SAN,2014,2,20
SAN,SAN,2014,2,21
SAN,SAN,2014,2,22
SAN,SAN,2014,2,23
SAN,SAN,2014,2,27
SAN,SAN,2014,2,28
SAN,SAN,2014,3,1
SAN,SAN,2014,3,2
SAN,SAN,2014,3,6
SAN,SAN,2014,3,7
SAN,SAN,2014,3,8
SAN,SAN,2014,3,9
SAN,SAN,2014,3,13
SAN,SAN,2014,3,14
SAN,SAN,2014,3,15
SAN,SAN,2014,3,16
SAN,SAN,2014,3,20
SAN,SAN,2014,3,21
SAN,SAN,2014,3,22
SAN,SAN,2014,3,23
SAN,SAN,2014,3,27
SAN,SAN,2014,3,28
SAN,SAN,2014,3,29
SAN,SAN,2014,3,30
SAN,SAN,2014,4,3
SAN,SAN,2014,4,4
SAN,SAN,2014,4,5
SAN,SAN,2014,4,6
SAN,SAN,2014,4,10
SAN,SAN,2014,4,11
SAN,SAN,2014,4,12
SAN,SAN,2014,4,13
SAN,SAN,2014,4,19
SAN,SAN,2014,4,20
SAN,SAN,2014,4,25
SAN,SAN,2014,4,26
SAN,SAN,2014,4,27
SAN,SAN,2014,5,1
SAN,SAN,2014,5,2
SAN,SAN,2014,5,3
SAN,SAN,2014,5,4
SAN,SAN,2014,5,8
SAN,SAN,2014,5,9
SAN,SAN,2014,5,10
SAN,SAN,2014,5,11
SAN,SAN,2014,5,16
SAN,SAN,2014,5,17
SAN,SAN,2014,5,18
SAN,SAN,2014,5,22
SAN,SAN,2014,5,23
SAN,SAN,2014,5,24
SAN,SAN,2014,5,25
SAN,SAN,2014,5,26
SAN,SAN,2014,5,30
SAN,SAN,2014,5,31
SAN,SAN,2014,6,1
SAN,SAN,2014,6,5
SAN,SAN,2014,6,6
SAN,SAN,2014,6,7
SAN,SAN,2014,6,8
SAN,SAN,2014,6,12
SAN,SAN,2014,6,13
SAN,SAN,2014,6,14
SAN,SAN,2014,6,15
SAN,SAN,2014,6,19
SAN,SAN,2014,6,20
SAN,SAN,2014,6,21
SAN,SAN,2014,6,22
SAN,SAN,2014,6,26
SAN,SAN,2014,6,27
SAN,SAN,2014,6,28
SAN,SAN,2014,6,29
SAN,SAN,2014,9,26
SAN,SAN,2014,9,27
SAN,SAN,2014,9,28
SAN,SAN,2014,10,2
SAN,SAN,2014,10,3
SAN,SAN,2014,10,4
SAN,SAN,2014,10,5
SAN,SAN,2014,10,9
SAN,SAN,2014,10,10
SAN,SAN,2014,10,11
SAN,SAN,2014,10,12
SAN,SAN,2014,10,13
SAN,SAN,2014,10,16
SAN,SAN,2014,10,17
SAN,SAN,2014,10,18
SAN,SAN,2014,10,19
SAN,SAN,2014,10,23
SAN,SAN,2014,10,24
SAN,SAN,2014,10,25
SAN,SAN,2014,10,26
SAN,SAN,2014,10,29
SAN,SAN,2014,10,30
SAN,SAN,2014,10,31
SAN,SAN,2014,11,1
SAN,SAN,2014,11,2
SAN,SAN,2015,3,28
SAN,SAN,2015,3,29
SAN,SAN,2015,4,2
SAN,SAN,2015,4,3
SAN,SAN,2015,4,4
SAN,SAN,2015,4,5
SAN,SAN,2015,4,9
SAN,SAN,2015,4,10
SAN,SAN,2015,4,11
SAN,SAN,2015,4,12
SAN,SAN,2015,4,16
SAN,SAN,2015,4,17
SAN,SAN,2015,4,18
SAN,SAN,2015,4,19
SAN,SAN,2015,4,24
SAN,SAN,2015,4,25
SAN,SAN,2015,4,26
SAN,SAN,2015,4,30
SAN,SAN,2015,5,1
SAN,SAN,2015,5,2
SAN,SAN,2015,5,3
SAN,SAN,2015,5,7
SAN,SAN,2015,5,8
SAN,SAN,2015,5,9
SAN,SAN,2015,5,10
SAN,SAN,2015,5,14
SAN,SAN,2015,5,15
SAN,SAN,2015,5,16
SAN,SAN,2015,5,17
SAN,SAN,2015,5,21
SAN,SAN,2015,5,22
SAN,SAN,2015,5,23
SAN,SAN,2015,5,24
SAN,SAN,2015,5,25
SAN,SAN,2015,5,29
SAN,SAN,2015,5,30
SAN,SAN,2015,5,31
SAN,SAN,2015,6,4
SAN,SAN,2015,6,5
SAN,SAN,2015,6,6
SAN,SAN,2015,6,7
SAN,SAN,2015,6,11
SAN,SAN,2015,6,12
SAN,SAN,2015,6,13
SAN,SAN,2015,6,14
SAN,SAN,2015,6,18
SAN,SAN,2015,6,19
SAN,SAN,2015,6,20
SAN,SAN,2015,6,21
SAN,SAN,2015,6,25
SAN,SAN,2015,6,26
SAN,SAN,2015,6,27
SAN,SAN,2015,6,28
SAN,SAN,2015,9,26
SAN,SAN,2015,9,27
SAN,SAN,2015,10,1
SAN,SAN,2015,10,2
SAN,SAN,2015,10,3
SAN,SAN,2015,10,4
SAN,SAN,2015,10,8
SAN,SAN,2015,10,9
SAN,SAN,2015,10,10
SAN,SAN,2015,10,11
SAN,SAN,2015,10,12
SAN,SAN,2015,10,15
SAN,SAN,2015,10,16
SAN,SAN,2015,10,17
SAN,SAN,2015,10,18
SAN,SAN,2015,10,22
SAN,SAN,2015,10,23
SAN,SAN,2015,10,24
SAN,SAN,2015,10,25
SGA,SGA,1998,8,14
SGA,SGA,1998,8,15
SGA,SGA,1998,8,17
SGA,SGA,1998,8,19
SGA,SGA,1998,8,21
SGA,SGA,1998,8,22
SGA,SGA,1998,8,23
SGA,SGA,1998,8,24
SGA,SGA,1998,8,27
SGA,SGA,1998,8,28
SGA,SGA,1998,8,29
SGA,SGA,1998,8,30
SGA,SGA,1998,8,31
SGA,SGA,1998,9,2
SGA,SGA,1998,9,3
SGA,SGA,1998,9,4
SGA,SGA,1998,9,5
SGA,SGA,1998,9,6
SGA,SGA,1998,9,7
SGA,SGA,1999,7,28
SGA,SGA,1999,7,29
SGA,SGA,1999,7,30
SGA,SGA,1999,7,31
SGA,SGA,1999,8,1
SGA,SGA,1999,8,2
SGA,SGA,1999,8,4
SGA,SGA,1999,8,5
SGA,SGA,1999,8,9
SGA,SGA,1999,8,11
SGA,SGA,1999,8,15
SGA,SGA,1999,8,16
SGA,SGA,1999,8,18
SGA,SGA,1999,8,19
SGA,SGA,1999,8,20
SGA,SGA,1999,8,21
SGA,SGA,1999,8,22
SGA,SGA,1999,8,23
SGA,SGA,1999,8,25
SGA,SGA,1999,8,26
SGA,SGA,1999,8,30
SGA,SGA,1999,9,1
SGA,SGA,1999,9,2
SGA,SGA,1999,9,3
SGA,SGA,1999,9,4
SGA,SGA,1999,9,5
SGA,SGA,1999,9,6
SGA,SGA,2000,7,26
SGA,SGA,2000,7,27
SGA,SGA,2000,7,28
SGA,SGA,2000,7,29
SGA,SGA,2000,7,30
SGA,SGA,2000,7,31
SGA,SGA,2000,8,2
SGA,SGA,2000,8,3
SGA,SGA,2000,8,4
SGA,SGA,2000,8,5
SGA,SGA,2000,8,6
SGA,SGA,2000,8,7
SGA,SGA,2000,8,9
SGA,SGA,2000,8,10
SGA,SGA,2000,8,12
SGA,SGA,2000,8,13
SGA,SGA,2000,8,14
SGA,SGA,2000,8,16
SGA,SGA,2000,8,18
SGA,SGA,2000,8,21
SGA,SGA,2000,8,23
SGA,SGA,2000,8,25
SGA,SGA,2000,8,26
SGA,SGA,2000,8,28
SGA,SGA,2000,8,30
SGA,SGA,2000,8,31
SGA,SGA,2000,9,1
SGA,SGA,2000,9,3
SGA,SGA,2000,9,4
SGA,SGA,2001,7,28
SGA,SGA,2001,8,6
SGA,SGA,2001,8,9
SGA,SGA,2001,8,11
SGA,SGA,2001,8,12
SGA,SGA,2001,8,17
SGA,SGA,2001,8,18
SGA,SGA,2001,8,19
SGA,SGA,2001,8,20
SGA,SGA,2001,8,22
SGA,SGA,2001,8,24
SGA,SGA,2001,8,25
SGA,SGA,2001,8,26
SGA,SGA,2001,8,27
SGA,SGA,2001,8,31
SGA,SGA,2001,9,1
SGA,SGA,2001,9,2
SGA,SGA,2001,9,3
SGA,SGA,2002,7,24
SGA,SGA,2002,7,25
SGA,SGA,2002,7,26
SGA,SGA,2002,7,27
SGA,SGA,2002,7,28
SGA,SGA,2002,7,29
SGA,SGA,2002,7,31
SGA,SGA,2002,8,1
SGA,SGA,2002,8,2
SGA,SGA,2002,8,3
SGA,SGA,2002,8,4
SGA,SGA,2002,8,5
SGA,SGA,2002,8,7
SGA,SGA,2002,8,8
SGA,SGA,2002,8,9
SGA,SGA,2002,8,10
SGA,SGA,2002,8,11
SGA,SGA,2002,8,12
SGA,SGA,2002,8,14
SGA,SGA,2002,8,15
SGA,SGA,2002,8,16
SGA,SGA,2002,8,17
SGA,SGA,2002,8,18
SGA,SGA,2002,8,19
SGA,SGA,2002,8,21
SGA,SGA,2002,8,22
SGA,SGA,2002,8,23
SGA,SGA,2002,8,24
SGA,SGA,2002,8,25
SGA,SGA,2002,8,26
SGA,SGA,2002,8,28
SGA,SGA,2002,8,29
SGA,SGA,2002,8,30
SGA,SGA,2002,8,31
SGA,SGA,2002,9,1
SGA,SGA,2002,9,2
SGA,SGA,2003,7,23
SGA,SGA,2003,7,24
SGA,SGA,2003,7,25
SGA,SGA,2003,7,26
SGA,SGA,2003,7,27
SGA,SGA,2003,7,28
SGA,SGA,2003,7,30
SGA,SGA,2003,7,31
SGA,SGA,2003,8,1
SGA,SGA,2003,8,2
SGA,SGA,2003,8,3
SGA,SGA,2003,8,4
SGA,SGA,2003,8,6
SGA,SGA,2003,8,7
SGA,SGA,2003,8,8
SGA,SGA,2003,8,9
SGA,SGA,2003,8,10
SGA,SGA,2003,8,11
SGA,SGA,2003,8,13
SGA,SGA,2003,8,14
SGA,SGA,2003,8,15
SGA,SGA,2003,8,16
SGA,SGA,2003,8,17
SGA,SGA,2003,8,18
SGA,SGA,2003,8,20
SGA,SGA,2003,8,21
SGA,SGA,2003,8,22
SGA,SGA,2003,8,23
SGA,SGA,2003,8,24
SGA,SGA,2003,8,25
SGA,SGA,2003,8,27
SGA,SGA,2003,8,28
SGA,SGA,2003,8,29
SGA,SGA,2003,8,30
SGA,SGA,2003,8,31
SGA,SGA,2003,9,1
SGA,SGA,2004,7,28
SGA,SGA,2004,7,29
SGA,SGA,2004,7,30
SGA,SGA,2004,7,31
SGA,SGA,2004,8,1
SGA,SGA,2004,8,2
SGA,SGA,2004,8,4
SGA,SGA,2004,8,5
SGA,SGA,2004,8,6
SGA,SGA,2004,8,7
SGA,SGA,2004,8,8
SGA,SGA,2004,8,9
SGA,SGA,2004,8,11
SGA,SGA,2004,8,12
SGA,SGA,2004,8,13
SGA,SGA,2004,8,14
SGA,SGA,2004,8,15
SGA,SGA,2004,8,16
SGA,SGA,2004,8,18
SGA,SGA,2004,8,19
SGA,SGA,2004,8,20
SGA,SGA,2004,8,21
SGA,SGA,2004,8,22
SGA,SGA,2004,8,23
SGA,SGA,2004,8,25
SGA,SGA,2004,8,26
SGA,SGA,2004,8,27
SGA,SGA,2004,8,28
SGA,SGA,2004,8,29
SGA,SGA,2004,8,30
SGA,SGA,2004,9,1
SGA,SGA,2004,9,2
SGA,SGA,2004,9,3
SGA,SGA,2004,9,4
SGA,SGA,2004,9,5
SGA,SGA,2004,9,6
SGA,SGA,2005,7,27
SGA,SGA,2005,7,28
SGA,SGA,2005,7,29
SGA,SGA,2005,7,30
SGA,SGA,2005,7,31
SGA,SGA,2005,8,1
SGA,SGA,2005,8,3
SGA,SGA,2005,8,4
SGA,SGA,2005,8,5
SGA,SGA,2005,8,6
SGA,SGA,2005,8,7
SGA,SGA,2005,8,8
SGA,SGA,2005,8,10
SGA,SGA,2005,8,11
SGA,SGA,2005,8,12
SGA,SGA,2005,8,13
SGA,SGA,2005,8,14
SGA,SGA,2005,8,15
SGA,SGA,2005,8,17
SGA,SGA,2005,8,18
SGA,SGA,2005,8,19
SGA,SGA,2005,8,20
SGA,SGA,2005,8,21
SGA,SGA,2005,8,22
SGA,SGA,2005,8,24
SGA,SGA,2005,8,25
SGA,SGA,2005,8,26
SGA,SGA,2005,8,27
SGA,SGA,2005,8,28
SGA,SGA,2005,8,29
SGA,SGA,2005,8,31
SGA,SGA,2005,9,1
SGA,SGA,2005,9,2
SGA,SGA,2005,9,3
SGA,SGA,2005,9,4
SGA,SGA,2005,9,5
SGA,SGA,2006,7,26
SGA,SGA,2006,7,27
SGA,SGA,2006,7,28
SGA,SGA,2006,7,29
SGA,SGA,2006,7,30
SGA,SGA,2006,7,31
SGA,SGA,2006,8,3
SGA,SGA,2006,8,4
SGA,SGA,2006,8,5
SGA,SGA,2006,8,6
SGA,SGA,2006,8,7
SGA,SGA,2006,8,9
SGA,SGA,2006,8,10
SGA,SGA,2006,8,11
SGA,SGA,2006,8,12
SGA,SGA,2006,8,13
SGA,SGA,2006,8,14
SGA,SGA,2006,8,16
SGA,SGA,2006,8,17
SGA,SGA,2006,8,18
SGA,SGA,2006,8,19
SGA,SGA,2006,8,20
SGA,SGA,2006,8,21
SGA,SGA,2006,8,23
SGA,SGA,2006,8,24
SGA,SGA,2006,8,25
SGA,SGA,2006,8,26
SGA,SGA,2006,8,27
SGA,SGA,2006,8,28
SGA,SGA,2006,8,30
SGA,SGA,2006,8,31
SGA,SGA,2006,9,1
SGA,SGA,2006,9,2
SGA,SGA,2006,9,3
SGA,SGA,2006,9,4
SGA,SGA,2007,7,25
SGA,SGA,2007,7,26
SGA,SGA,2007,7,27
SGA,SGA,2007,7,28
SGA,SGA,2007,7,29
SGA,SGA,2007,7,30
SGA,SGA,2007,8,1
SGA,SGA,2007,8,2
SGA,SGA,2007,8,3
SGA,SGA,2007,8,4
SGA,SGA,2007,8,5
SGA,SGA,2007,8,6
SGA,SGA,2007,8,8
SGA,SGA,2007,8,9
SGA,SGA,2007,8,10
SGA,SGA,2007,8,11
SGA,SGA,2007,8,12
SGA,SGA,2007,8,13
SGA,SGA,2007,8,15
SGA,SGA,2007,8,16
SGA,SGA,2007,8,17
SGA,SGA,2007,8,18
SGA,SGA,2007,8,19
SGA,SGA,2007,8,20
SGA,SGA,2007,8,22
SGA,SGA,2007,8,23
SGA,SGA,2007,8,24
SGA,SGA,2007,8,25
SGA,SGA,2007,8,26
SGA,SGA,2007,8,27
SGA,SGA,2007,8,29
SGA,SGA,2007,8,30
SGA,SGA,2007,8,31
SGA,SGA,2007,9,1
SGA,SGA,2007,9,2
SGA,SGA,2007,9,3
SGA,SGA,2008,7,23
SGA,SGA,2008,7,24
SGA,SGA,2008,7,25
SGA,SGA,2008,7,26
SGA,SGA,2008,7,27
SGA,SGA,2008,7,28
SGA,SGA,2008,7,30
SGA,SGA,2008,7,31
SGA,SGA,2008,8,1
SGA,SGA,2008,8,2
SGA,SGA,2008,8,3
SGA,SGA,2008,8,4
SGA,SGA,2008,8,6
SGA,SGA,2008,8,7
SGA,SGA,2008,8,8
SGA,SGA,2008,8,9
SGA,SGA,2008,8,10
SGA,SGA,2008,8,11
SGA,SGA,2008,8,13
SGA,SGA,2008,8,14
SGA,SGA,2008,8,15
SGA,SGA,2008,8,16
SGA,SGA,2008,8,17
SGA,SGA,2008,8,18
SGA,SGA,2008,8,20
SGA,SGA,2008,8,21
SGA,SGA,2008,8,22
SGA,SGA,2008,8,23
SGA,SGA,2008,8,24
SGA,SGA,2008,8,25
SGA,SGA,2008,8,27
SGA,SGA,2008,8,28
SGA,SGA,2008,8,29
SGA,SGA,2008,8,30
SGA,SGA,2008,8,31
SGA,SGA,2008,9,1
SGA,SGA,2009,7,29
SGA,SGA,2009,7,30
SGA,SGA,2009,7,31
SGA,SGA,2009,8,1
SGA,SGA,2009,8,2
SGA,SGA,2009,8,3
SGA,SGA,2009,8,5
SGA,SGA,2009,8,6
SGA,SGA,2009,8,7
SGA,SGA,2009,8,8
SGA,SGA,2009,8,9
SGA,SGA,2009,8,10
SGA,SGA,2009,8,12
SGA,SGA,2009,8,13
SGA,SGA,2009,8,14
SGA,SGA,2009,8,15
SGA,SGA,2009,8,16
SGA,SGA,2009,8,17
SGA,SGA,2009,8,19
SGA,SGA,2009,8,20
SGA,SGA,2009,8,21
SGA,SGA,2009,8,22
SGA,SGA,2009,8,23
SGA,SGA,2009,8,24
SGA,SGA,2009,8,26
SGA,SGA,2009,8,27
SGA,SGA,2009,8,28
SGA,SGA,2009,8,29
SGA,SGA,2009,8,30
SGA,SGA,2009,8,31
SGA,SGA,2009,9,2
SGA,SGA,2009,9,3
SGA,SGA,2009,9,4
SGA,SGA,2009,9,5
SGA,SGA,2009,9,6
SGA,SGA,2009,9,7
SGA,SGA,2010,7,23
SGA,SGA,2010,7,24
SGA,SGA,2010,7,25
SGA,SGA,2010,7,26
SGA,SGA,2010,7,28
SGA,SGA,2010,7,29
SGA,SGA,2010,7,30
SGA,SGA,2010,7,31
SGA,SGA,2010,8,1
SGA,SGA,2010,8,2
SGA,SGA,2010,8,4
SGA,SGA,2010,8,5
SGA,SGA,2010,8,6
SGA,SGA,2010,8,7
SGA,SGA,2010,8,8
SGA,SGA,2010,8,9
SGA,SGA,2010,8,11
SGA,SGA,2010,8,12
SGA,SGA,2010,8,13
SGA,SGA,2010,8,14
SGA,SGA,2010,8,15
SGA,SGA,2010,8,16
SGA,SGA,2010,8,18
SGA,SGA,2010,8,19
SGA,SGA,2010,8,20
SGA,SGA,2010,8,21
SGA,SGA,2010,8,22
SGA,SGA,2010,8,23
SGA,SGA,2010,8,25
SGA,SGA,2010,8,26
SGA,SGA,2010,8,27
SGA,SGA,2010,8,28
SGA,SGA,2010,8,29
SGA,SGA,2010,8,30
SGA,SGA,2010,9,1
SGA,SGA,2010,9,2
SGA,SGA,2010,9,3
SGA,SGA,2010,9,4
SGA,SGA,2010,9,5
SGA,SGA,2010,9,6
SGA,SGA,2011,7,22
SGA,SGA,2011,7,23
SGA,SGA,2011,7,24
SGA,SGA,2011,7,25
SGA,SGA,2011,7,27
SGA,SGA,2011,7,28
SGA,SGA,2011,7,29
SGA,SGA,2011,7,30
SGA,SGA,2011,7,31
SGA,SGA,2011,8,1
SGA,SGA,2011,8,3
SGA,SGA,2011,8,4
SGA,SGA,2011,8,5
SGA,SGA,2011,8,6
SGA,SGA,2011,8,7
SGA,SGA,2011,8,8
SGA,SGA,2011,8,10
SGA,SGA,2011,8,11
SGA,SGA,2011,8,12
SGA,SGA,2011,8,13
SGA,SGA,2011,8,14
SGA,SGA,2011,8,15
SGA,SGA,2011,8,17
SGA,SGA,2011,8,18
SGA,SGA,2011,8,19
SGA,SGA,2011,8,20
SGA,SGA,2011,8,21
SGA,SGA,2011,8,22
SGA,SGA,2011,8,24
SGA,SGA,2011,8,25
SGA,SGA,2011,8,26
SGA,SGA,2011,8,27
SGA,SGA,2011,8,29
SGA,SGA,2011,8,31
SGA,SGA,2011,9,1
SGA,SGA,2011,9,2
SGA,SGA,2011,9,3
SGA,SGA,2011,9,4
SGA,SGA,2011,9,5
SGA,SGA,2012,7,20
SGA,SGA,2012,7,21
SGA,SGA,2012,7,22
SGA,SGA,2012,7,23
SGA,SGA,2012,7,25
SGA,SGA,2012,7,26
SGA,SGA,2012,7,27
SGA,SGA,2012,7,28
SGA,SGA,2012,7,29
SGA,SGA,2012,7,30
SGA,SGA,2012,8,1
SGA,SGA,2012,8,2
SGA,SGA,2012,8,3
SGA,SGA,2012,8,4
SGA,SGA,2012,8,5
SGA,SGA,2012,8,6
SGA,SGA,2012,8,8
SGA,SGA,2012,8,9
SGA,SGA,2012,8,10
SGA,SGA,2012,8,11
SGA,SGA,2012,8,12
SGA,SGA,2012,8,13
SGA,SGA,2012,8,15
SGA,SGA,2012,8,16
SGA,SGA,2012,8,17
SGA,SGA,2012,8,18
SGA,SGA,2012,8,19
SGA,SGA,2012,8,20
SGA,SGA,2012,8,22
SGA,SGA,2012,8,23
SGA,SGA,2012,8,24
SGA,SGA,2012,8,25
SGA,SGA,2012,8,26
SGA,SGA,2012,8,27
SGA,SGA,2012,8,29
SGA,SGA,2012,8,30
SGA,SGA,2012,8,31
SGA,SGA,2012,9,1
SGA,SGA,2012,9,2
SGA,SGA,2012,9,3
SGA,SGA,2013,7,19
SGA,SGA,2013,7,20
SGA,SGA,2013,7,21
SGA,SGA,2013,7,22
SGA,SGA,2013,7,24
SGA,SGA,2013,7,25
SGA,SGA,2013,7,26
SGA,SGA,2013,7,27
SGA,SGA,2013,7,28
SGA,SGA,2013,7,29
SGA,SGA,2013,7,31
SGA,SGA,2013,8,1
SGA,SGA,2013,8,2
SGA,SGA,2013,8,3
SGA,SGA,2013,8,4
SGA,SGA,2013,8,5
SGA,SGA,2013,8,7
SGA,SGA,2013,8,8
SGA,SGA,2013,8,9
SGA,SGA,2013,8,10
SGA,SGA,2013,8,11
SGA,SGA,2013,8,12
SGA,SGA,2013,8,14
SGA,SGA,2013,8,15
SGA,SGA,2013,8,16
SGA,SGA,2013,8,17
SGA,SGA,2013,8,18
SGA,SGA,2013,8,19
SGA,SGA,2013,8,21
SGA,SGA,2013,8,22
SGA,SGA,2013,8,23
SGA,SGA,2013,8,24
SGA,SGA,2013,8,25
SGA,SGA,2013,8,26
SGA,SGA,2013,8,28
SGA,SGA,2013,8,29
SGA,SGA,2013,8,30
SGA,SGA,2013,8,31
SGA,SGA,2013,9,1
SGA,SGA,2013,9,2
SGA,SGA,2014,7,18
SGA,SGA,2014,7,19
SGA,SGA,2014,7,20
SGA,SGA,2014,7,21
SGA,SGA,2014,7,23
SGA,SGA,2014,7,24
SGA,SGA,2014,7,25
SGA,SGA,2014,7,26
SGA,SGA,2014,7,27
SGA,SGA,2014,7,28
SGA,SGA,2014,7,30
SGA,SGA,2014,7,31
SGA,SGA,2014,8,1
SGA,SGA,2014,8,2
SGA,SGA,2014,8,3
SGA,SGA,2014,8,4
SGA,SGA,2014,8,6
SGA,SGA,2014,8,7
SGA,SGA,2014,8,8
SGA,SGA,2014,8,9
SGA,SGA,2014,8,10
SGA,SGA,2014,8,11
SGA,SGA,2014,8,13
SGA,SGA,2014,8,14
SGA,SGA,2014,8,15
SGA,SGA,2014,8,16
SGA,SGA,2014,8,17
SGA,SGA,2014,8,18
SGA,SGA,2014,8,20
SGA,SGA,2014,8,21
SGA,SGA,2014,8,22
SGA,SGA,2014,8,23
SGA,SGA,2014,8,24
SGA,SGA,2014,8,25
SGA,SGA,2014,8,27
SGA,SGA,2014,8,28
SGA,SGA,2014,8,29
SGA,SGA,2014,8,30
SGA,SGA,2014,8,31
SGA,SGA,2014,9,1
SGA,SGA,2015,7,24
SGA,SGA,2015,7,25
SGA,SGA,2015,7,26
SGA,SGA,2015,7,27
SGA,SGA,2015,7,29
SGA,SGA,2015,7,30
SGA,SGA,2015,7,31
SGA,SGA,2015,8,1
SGA,SGA,2015,8,2
SGA,SGA,2015,8,3
SGA,SGA,2015,8,5
SGA,SGA,2015,8,6
SGA,SGA,2015,8,7
SGA,SGA,2015,8,8
SGA,SGA,2015,8,9
SGA,SGA,2015,8,10
SGA,SGA,2015,8,12
SGA,SGA,2015,8,13
SGA,SGA,2015,8,14
SGA,SGA,2015,8,15
SGA,SGA,2015,8,16
SGA,SGA,2015,8,17
SGA,SGA,2015,8,19
SGA,SGA,2015,8,20
SGA,SGA,2015,8,21
SGA,SGA,2015,8,22
SGA,SGA,2015,8,23
SGA,SGA,2015,8,24
SGA,SGA,2015,8,26
SGA,SGA,2015,8,27
SGA,SGA,2015,8,28
SGA,SGA,2015,8,29
SGA,SGA,2015,8,30
SGA,SGA,2015,8,31
SGA,SGA,2015,9,2
SGA,SGA,2015,9,3
SGA,SGA,2015,9,4
SGA,SGA,2015,9,5
SGA,SGA,2015,9,6
SGA,SGA,2015,9,7
SPT,SPT,1999,4,12
SPT,SPT,1999,4,13
SPT,SPT,1999,4,16
SPT,SPT,1999,4,17
SPT,SPT,1999,4,18
SPT,SPT,1999,4,19
SPT,SPT,1999,4,23
SPT,SPT,1999,4,24
SPT,SPT,1999,4,25
SPT,SPT,1999,4,30
SPT,SPT,1999,5,1
SPT,SPT,1999,5,2
SPT,SPT,1999,5,3
SPT,SPT,1999,5,4
SPT,SPT,1999,5,7
SPT,SPT,1999,5,8
SPT,SPT,1999,5,9
SPT,SPT,1999,5,11
SPT,SPT,1999,5,14
SPT,SPT,1999,5,15
SPT,SPT,1999,5,16
SPT,SPT,1999,5,17
SPT,SPT,1999,5,22
SPT,SPT,1999,5,23
SPT,SPT,1999,5,24
SPT,SPT,1999,5,28
SPT,SPT,1999,5,29
SPT,SPT,1999,5,30
SPT,SPT,1999,5,31
SPT,SPT,1999,6,4
SPT,SPT,1999,6,5
SPT,SPT,1999,6,6
SPT,SPT,1999,6,7
SPT,SPT,1999,6,8
SPT,SPT,1999,6,11
SPT,SPT,1999,6,12
SPT,SPT,1999,6,13
SPT,SPT,1999,6,14
SPT,SPT,1999,6,16
SPT,SPT,1999,6,18
SPT,SPT,1999,6,19
SPT,SPT,1999,6,22
SPT,SPT,1999,6,23
SPT,SPT,1999,6,25
SPT,SPT,1999,6,26
SPT,SPT,1999,6,28
SPT,SPT,1999,6,29
SPT,SPT,2000,4,10
SPT,SPT,2000,4,11
SPT,SPT,2000,4,12
SPT,SPT,2000,4,14
SPT,SPT,2000,4,15
SPT,SPT,2000,4,16
SPT,SPT,2000,4,17
SPT,SPT,2000,4,18
SPT,SPT,2000,4,21
SPT,SPT,2000,4,22
SPT,SPT,2000,4,24
SPT,SPT,2000,4,26
SPT,SPT,2000,4,28
SPT,SPT,2000,4,29
SPT,SPT,2000,4,30
SPT,SPT,2000,5,1
SPT,SPT,2000,5,2
SPT,SPT,2000,5,5
SPT,SPT,2000,5,6
SPT,SPT,2000,5,7
SPT,SPT,2000,5,8
SPT,SPT,2000,5,9
SPT,SPT,2000,5,13
SPT,SPT,2001,3,2
SPT,SPT,2001,3,3
SPT,SPT,2001,3,4
SPT,SPT,2001,3,5
SPT,SPT,2001,3,6
SPT,SPT,2001,3,9
SPT,SPT,2001,3,10
SPT,SPT,2001,3,11
SPT,SPT,2001,3,12
SPT,SPT,2001,3,13
SPT,SPT,2001,3,16
SPT,SPT,2001,3,18
SPT,SPT,2001,3,19
SPT,SPT,2001,3,20
SPT,SPT,2001,3,23
SPT,SPT,2001,3,24
SPT,SPT,2001,3,25
SPT,SPT,2001,3,26
SPT,SPT,2001,3,27
SPT,SPT,2001,4,2
SPT,SPT,2001,4,3
SPT,SPT,2001,4,6
SPT,SPT,2001,4,7
SPT,SPT,2001,4,8
SPT,SPT,2001,4,9
SPT,SPT,2001,4,10
SPT,SPT,2001,4,13
SPT,SPT,2001,4,14
SPT,SPT,2001,4,16
SPT,SPT,2001,4,17
SPT,SPT,2001,4,20
SPT,SPT,2001,4,21
SPT,SPT,2001,4,22
SPT,SPT,2001,4,29
SPT,SPT,2001,4,30
SPT,SPT,2002,3,1
SPT,SPT,2002,3,2
SPT,SPT,2002,3,5
SPT,SPT,2002,3,8
SPT,SPT,2002,3,9
SPT,SPT,2002,3,10
SPT,SPT,2002,3,11
SPT,SPT,2002,3,12
SPT,SPT,2002,3,15
SPT,SPT,2002,3,16
SPT,SPT,2002,3,17
SPT,SPT,2002,3,18
SPT,SPT,2002,3,19
SPT,SPT,2002,3,22
SPT,SPT,2002,3,23
SPT,SPT,2002,3,24
SPT,SPT,2002,3,25
SPT,SPT,2002,3,26
SPT,SPT,2002,3,29
SPT,SPT,2002,3,30
SPT,SPT,2002,4,2
SPT,SPT,2002,4,5
SPT,SPT,2002,4,7
SPT,SPT,2002,4,8
SPT,SPT,2002,4,9
SPT,SPT,2002,4,11
SPT,SPT,2002,4,12
SPT,SPT,2002,4,13
SPT,SPT,2002,4,14
SPT,SPT,2002,4,15
SPT,SPT,2002,4,16
SPT,SPT,2002,4,18
SPT,SPT,2002,4,19
SPT,SPT,2002,4,21
SPT,SPT,2002,4,22
SPT,SPT,2002,4,23
SPT,SPT,2002,4,25
SPT,SPT,2002,4,26
SPT,SPT,2002,4,28
SUF,SUF,1998,9,26
SUF,SUF,1998,9,27
SUF,SUF,1998,9,28
SUF,SUF,1998,9,29
SUF,SUF,1998,9,30
SUF,SUF,1998,10,3
SUF,SUF,1998,10,4
SUF,SUF,1998,10,5
SUF,SUF,1998,10,6
SUF,SUF,1998,10,7
SUF,SUF,1998,10,10
SUF,SUF,1998,10,11
SUF,SUF,1998,10,12
SUF,SUF,1998,10,13
SUF,SUF,1998,10,14
SUF,SUF,1998,10,17
SUF,SUF,1998,10,18
SUF,SUF,1998,10,19
SUF,SUF,1998,10,20
SUF,SUF,1998,10,21
SUF,SUF,1998,10,24
SUF,SUF,1998,10,25
SUF,SUF,1998,10,26
SUF,SUF,1998,10,28
SUF,SUF,1998,10,31
SUF,SUF,1998,11,1
SUF,SUF,1998,11,2
SUF,SUF,1998,11,3
SUF,SUF,1998,11,4
SUF,SUF,1998,11,7
SUF,SUF,1998,11,8
SUF,SUF,1998,11,9
SUF,SUF,1998,11,10
SUF,SUF,1998,11,11
SUF,SUF,1998,11,14
SUF,SUF,1998,11,15
SUF,SUF,1998,11,16
SUF,SUF,1998,11,17
SUF,SUF,1998,11,18
SUF,SUF,1998,11,21
SUF,SUF,1998,11,22
SUF,SUF,1998,11,23
SUF,SUF,1998,11,24
SUF,SUF,1998,11,25
SUF,SUF,1998,11,28
SUF,SUF,1998,11,29
SUF,SUF,1998,11,30
SUF,SUF,1998,12,1
SUF,SUF,1998,12,2
SUF,SUF,1998,12,5
SUF,SUF,1998,12,6
SUF,SUF,1998,12,7
SUF,SUF,1998,12,8
SUF,SUF,1998,12,9
SUF,SUF,1998,12,12
SUF,SUF,1999,4,12
SUF,SUF,1999,4,14
SUF,SUF,1999,4,17
SUF,SUF,1999,4,18
SUF,SUF,1999,4,19
SUF,SUF,1999,4,21
SUF,SUF,1999,4,24
SUF,SUF,1999,4,25
SUF,SUF,1999,4,28
SUF,SUF,1999,5,1
SUF,SUF,1999,5,2
SUF,SUF,1999,5,3
SUF,SUF,1999,5,5
SUF,SUF,1999,5,8
SUF,SUF,1999,5,9
SUF,SUF,1999,5,12
SUF,SUF,1999,5,15
SUF,SUF,1999,5,16
SUF,SUF,1999,5,17
SUF,SUF,1999,5,19
SUF,SUF,1999,5,22
SUF,SUF,1999,5,23
SUF,SUF,1999,5,24
SUF,SUF,1999,5,26
SUF,SUF,1999,5,29
SUF,SUF,1999,5,30
SUF,SUF,1999,5,31
SUF,SUF,1999,6,2
SUF,SUF,1999,6,5
SUF,SUF,1999,9,25
SUF,SUF,1999,9,26
SUF,SUF,1999,9,27
SUF,SUF,1999,9,28
SUF,SUF,1999,9,29
SUF,SUF,1999,10,2
SUF,SUF,1999,10,3
SUF,SUF,1999,10,4
SUF,SUF,1999,10,6
SUF,SUF,1999,10,9
SUF,SUF,1999,10,10
SUF,SUF,1999,10,11
SUF,SUF,1999,10,12
SUF,SUF,1999,10,13
SUF,SUF,1999,10,16
SUF,SUF,1999,10,17
SUF,SUF,1999,10,18
SUF,SUF,1999,10,19
SUF,SUF,1999,10,20
SUF,SUF,1999,10,23
SUF,SUF,1999,10,24
SUF,SUF,1999,10,25
SUF,SUF,1999,10,26
SUF,SUF,1999,10,27
SUF,SUF,1999,10,30
SUF,SUF,1999,10,31
SUF,SUF,1999,11,1
SUF,SUF,1999,11,2
SUF,SUF,1999,11,3
SUF,SUF,1999,11,6
SUF,SUF,1999,11,7
SUF,SUF,1999,11,8
SUF,SUF,1999,11,10
SUF,SUF,1999,11,13
SUF,SUF,1999,11,14
SUF,SUF,1999,11,15
SUF,SUF,1999,11,16
SUF,SUF,1999,11,17
SUF,SUF,1999,11,23
SUF,SUF,1999,11,24
SUF,SUF,1999,11,27
SUF,SUF,1999,11,28
SUF,SUF,1999,11,29
SUF,SUF,1999,11,30
SUF,SUF,1999,12,1
SUF,SUF,1999,12,4
SUF,SUF,1999,12,5
SUF,SUF,1999,12,7
SUF,SUF,1999,12,8
SUF,SUF,1999,12,12
SUF,SUF,1999,12,13
SUF,SUF,1999,12,14
SUF,SUF,1999,12,15
SUF,SUF,2000,4,10
SUF,SUF,2000,4,12
SUF,SUF,2000,4,15
SUF,SUF,2000,4,16
SUF,SUF,2000,4,17
SUF,SUF,2000,4,19
SUF,SUF,2000,4,22
SUF,SUF,2000,4,24
SUF,SUF,2000,4,26
SUF,SUF,2000,4,29
SUF,SUF,2000,4,30
SUF,SUF,2000,5,1
SUF,SUF,2000,5,3
SUF,SUF,2000,5,6
SUF,SUF,2000,5,7
SUF,SUF,2000,5,8
SUF,SUF,2000,5,14
SUF,SUF,2000,5,15
SUF,SUF,2000,5,17
SUF,SUF,2000,5,20
SUF,SUF,2000,5,21
SUF,SUF,2000,5,22
SUF,SUF,2000,5,24
SUF,SUF,2000,5,27
SUF,SUF,2000,5,28
SUF,SUF,2000,5,29
SUF,SUF,2000,5,31
SUF,SUF,2000,6,3
SUF,SUF,2000,6,4
SUF,SUF,2000,6,5
SUF,SUF,2000,6,7
SUF,SUF,2000,6,10
SUF,SUF,2000,9,30
SUF,SUF,2000,10,2
SUF,SUF,2000,10,3
SUF,SUF,2000,10,4
SUF,SUF,2000,10,7
SUF,SUF,2000,10,9
SUF,SUF,2000,10,10
SUF,SUF,2000,10,11
SUF,SUF,2000,10,14
SUF,SUF,2000,10,16
SUF,SUF,2000,10,17
SUF,SUF,2000,10,18
SUF,SUF,2000,10,21
SUF,SUF,2000,10,23
SUF,SUF,2000,10,24
SUF,SUF,2000,10,25
SUF,SUF,2000,10,28
SUF,SUF,2000,10,30
SUF,SUF,2000,11,1
SUF,SUF,2000,11,4
SUF,SUF,2000,11,7
SUF,SUF,2000,11,8
SUF,SUF,2000,11,11
SUF,SUF,2000,11,13
SUF,SUF,2000,11,14
SUF,SUF,2000,11,15
SUF,SUF,2000,11,18
SUF,SUF,2000,11,20
SUF,SUF,2000,11,21
SUF,SUF,2000,11,22
SUF,SUF,2000,11,25
SUF,SUF,2000,11,29
SUF,SUF,2000,12,2
SUF,SUF,2000,12,4
SUF,SUF,2000,12,5
SUF,SUF,2000,12,6
SUF,SUF,2000,12,9
SUF,SUF,2000,12,11
SUF,SUF,2000,12,12
SUF,SUF,2000,12,13
SUF,SUF,2000,12,16
SUF,SUF,2000,12,23
SUF,SUF,2000,12,27
SUF,SUF,2001,1,1
SUF,SUF,2001,1,3
SUF,SUF,2001,1,6
SUF,SUF,2001,1,8
SUF,SUF,2001,1,10
SUF,SUF,2001,1,13
SUF,SUF,2001,1,14
SUF,SUF,2001,1,15
SUF,SUF,2001,1,17
SUF,SUF,2001,1,24
SUF,SUF,2001,1,31
SUF,SUF,2001,2,3
SUF,SUF,2001,2,4
SUF,SUF,2001,2,11
SUF,SUF,2001,2,12
SUF,SUF,2001,2,21
SUF,SUF,2001,2,24
SUF,SUF,2001,2,25
SUF,SUF,2001,2,26
SUF,SUF,2001,2,28
SUF,SUF,2001,3,3
SUF,SUF,2001,3,4
SUF,SUF,2001,3,8
SUF,SUF,2001,3,17
SUF,SUF,2001,3,18
SUF,SUF,2001,3,19
SUF,SUF,2001,3,21
SUF,SUF,2001,3,24
SUF,SUF,2001,3,25
SUF,SUF,2001,3,26
SUF,SUF,2001,3,27
SUF,SUF,2001,3,28
SUF,SUF,2001,4,2
SUF,SUF,2001,4,3
SUF,SUF,2001,4,4
SUF,SUF,2001,4,7
SUF,SUF,2001,4,8
SUF,SUF,2001,4,9
SUF,SUF,2001,4,10
SUF,SUF,2001,4,11
SUF,SUF,2001,4,14
SUF,SUF,2001,4,16
SUF,SUF,2001,4,17
SUF,SUF,2001,4,18
SUF,SUF,2001,4,21
SUF,SUF,2001,4,22
SUF,SUF,2001,4,29
SUF,SUF,2001,4,30
SUF,SUF,2001,5,2
SUF,SUF,2001,5,5
SUF,SUF,2001,5,6
SUF,SUF,2001,5,7
SUF,SUF,2001,5,9
SUF,SUF,2001,5,12
SUF,SUF,2001,5,13
SUF,SUF,2001,5,14
SUF,SUF,2001,5,20
SUF,SUF,2001,5,21
SUF,SUF,2001,5,23
SUF,SUF,2001,5,26
SUF,SUF,2001,5,27
SUF,SUF,2001,5,28
SUF,SUF,2001,5,30
SUF,SUF,2001,6,3
SUF,SUF,2001,6,4
SUF,SUF,2001,6,6
SUF,SUF,2001,9,29
SUF,SUF,2001,10,1
SUF,SUF,2001,10,2
SUF,SUF,2001,10,3
SUF,SUF,2001,10,5
SUF,SUF,2001,10,6
SUF,SUF,2001,10,8
SUF,SUF,2001,10,9
SUF,SUF,2001,10,10
SUF,SUF,2001,10,12
SUF,SUF,2001,10,13
SUF,SUF,2001,10,15
SUF,SUF,2001,10,17
SUF,SUF,2001,10,19
SUF,SUF,2001,10,20
SUF,SUF,2001,10,22
SUF,SUF,2001,10,26
SUF,SUF,2001,10,27
SUF,SUF,2001,10,29
SUF,SUF,2001,10,30
SUF,SUF,2001,10,31
SUF,SUF,2001,11,3
SUF,SUF,2001,11,6
SUF,SUF,2001,11,7
SUF,SUF,2001,11,9
SUF,SUF,2001,11,10
SUF,SUF,2001,11,12
SUF,SUF,2001,11,13
SUF,SUF,2001,11,14
SUF,SUF,2001,11,16
SUF,SUF,2001,11,17
SUF,SUF,2001,11,19
SUF,SUF,2001,11,20
SUF,SUF,2001,11,21
SUF,SUF,2001,11,24
SUF,SUF,2001,11,26
SUF,SUF,2001,11,27
SUF,SUF,2001,11,28
SUF,SUF,2001,11,30
SUF,SUF,2001,12,1
SUF,SUF,2001,12,3
SUF,SUF,2001,12,4
SUF,SUF,2001,12,5
SUF,SUF,2001,12,7
SUF,SUF,2001,12,8
SUF,SUF,2001,12,10
SUF,SUF,2001,12,11
SUF,SUF,2001,12,12
SUF,SUF,2001,12,15
SUF,SUF,2001,12,17
SUF,SUF,2001,12,18
SUF,SUF,2001,12,19
SUF,SUF,2001,12,21
SUF,SUF,2001,12,22
SUF,SUF,2002,1,2
SUF,SUF,2002,1,5
SUF,SUF,2002,1,8
SUF,SUF,2002,1,9
SUF,SUF,2002,1,12
SUF,SUF,2002,1,14
SUF,SUF,2002,1,15
SUF,SUF,2002,1,16
SUF,SUF,2002,1,19
SUF,SUF,2002,1,21
SUF,SUF,2002,1,22
SUF,SUF,2002,1,23
SUF,SUF,2002,1,26
SUF,SUF,2002,1,28
SUF,SUF,2002,1,29
SUF,SUF,2002,1,30
SUF,SUF,2002,2,2
SUF,SUF,2002,2,4
SUF,SUF,2002,2,5
SUF,SUF,2002,2,6
SUF,SUF,2002,2,9
SUF,SUF,2002,2,12
SUF,SUF,2002,2,13
SUF,SUF,2002,2,16
SUF,SUF,2002,2,18
SUF,SUF,2002,2,19
SUF,SUF,2002,2,20
SUF,SUF,2002,2,23
SUF,SUF,2002,2,25
SUF,SUF,2002,2,26
SUF,SUF,2002,2,27
SUF,SUF,2002,3,2
SUF,SUF,2002,3,4
SUF,SUF,2002,3,5
SUF,SUF,2002,3,6
SUF,SUF,2002,3,9
SUF,SUF,2002,3,11
SUF,SUF,2002,3,12
SUF,SUF,2002,3,13
SUF,SUF,2002,3,16
SUF,SUF,2002,3,18
SUF,SUF,2002,3,19
SUF,SUF,2002,3,20
SUF,SUF,2002,3,23
SUF,SUF,2002,3,25
SUF,SUF,2002,3,26
SUF,SUF,2002,3,27
SUF,SUF,2002,3,30
SUF,SUF,2002,4,2
SUF,SUF,2002,4,3
SUF,SUF,2002,4,6
SUF,SUF,2002,4,8
SUF,SUF,2002,4,9
SUF,SUF,2002,4,10
SUF,SUF,2002,4,13
SUF,SUF,2002,4,15
SUF,SUF,2002,4,16
SUF,SUF,2002,4,17
SUF,SUF,2002,4,22
SUF,SUF,2002,4,23
SUF,SUF,2002,4,24
SUF,SUF,2002,4,27
SUF,SUF,2002,5,6
SUF,SUF,2002,5,13
SUF,SUF,2002,5,15
SUF,SUF,2002,5,18
SUF,SUF,2002,5,19
SUF,SUF,2002,5,20
SUF,SUF,2002,5,22
SUF,SUF,2002,5,25
SUF,SUF,2002,5,26
SUF,SUF,2002,5,27
SUF,SUF,2002,5,29
SUF,SUF,2002,6,1
SUF,SUF,2002,6,2
SUF,SUF,2002,6,3
SUF,SUF,2002,6,5
SUF,SUF,2002,6,8
SUF,SUF,2002,9,28
SUF,SUF,2002,9,30
SUF,SUF,2002,10,1
SUF,SUF,2002,10,2
SUF,SUF,2002,10,4
SUF,SUF,2002,10,5
SUF,SUF,2002,10,7
SUF,SUF,2002,10,8
SUF,SUF,2002,10,9
SUF,SUF,2002,10,11
SUF,SUF,2002,10,12
SUF,SUF,2002,10,14
SUF,SUF,2002,10,15
SUF,SUF,2002,10,16
SUF,SUF,2002,10,18
SUF,SUF,2002,10,19
SUF,SUF,2002,10,21
SUF,SUF,2002,10,22
SUF,SUF,2002,10,23
SUF,SUF,2002,10,25
SUF,SUF,2002,10,26
SUF,SUF,2002,10,28
SUF,SUF,2002,10,29
SUF,SUF,2002,10,30
SUF,SUF,2002,11,1
SUF,SUF,2002,11,2
SUF,SUF,2002,11,4
SUF,SUF,2002,11,5
SUF,SUF,2002,11,6
SUF,SUF,2002,11,8
SUF,SUF,2002,11,9
SUF,SUF,2002,11,11
SUF,SUF,2002,11,12
SUF,SUF,2002,11,13
SUF,SUF,2002,11,16
SUF,SUF,2002,11,18
SUF,SUF,2002,11,19
SUF,SUF,2002,11,20
SUF,SUF,2002,11,23
SUF,SUF,2002,11,25
SUF,SUF,2002,11,26
SUF,SUF,2002,11,30
SUF,SUF,2002,12,2
SUF,SUF,2002,12,3
SUF,SUF,2002,12,4
SUF,SUF,2002,12,7
SUF,SUF,2002,12,9
SUF,SUF,2002,12,10
SUF,SUF,2002,12,11
SUF,SUF,2002,12,14
SUF,SUF,2002,12,16
SUF,SUF,2002,12,17
SUF,SUF,2002,12,18
SUF,SUF,2002,12,21
SUF,SUF,2002,12,23
SUF,SUF,2002,12,30
SUF,SUF,2003,1,1
SUF,SUF,2003,1,4
SUF,SUF,2003,1,6
SUF,SUF,2003,1,7
SUF,SUF,2003,1,8
SUF,SUF,2003,1,11
SUF,SUF,2003,1,13
SUF,SUF,2003,1,14
SUF,SUF,2003,1,15
SUF,SUF,2003,1,18
SUF,SUF,2003,1,20
SUF,SUF,2003,1,25
SUF,SUF,2003,1,27
SUF,SUF,2003,1,28
SUF,SUF,2003,1,29
SUF,SUF,2003,2,1
SUF,SUF,2003,2,3
SUF,SUF,2003,2,5
SUF,SUF,2003,2,10
SUF,SUF,2003,2,11
SUF,SUF,2003,2,12
SUF,SUF,2003,2,15
SUF,SUF,2003,2,22
SUF,SUF,2003,2,24
SUF,SUF,2003,2,25
SUF,SUF,2003,2,26
SUF,SUF,2003,3,4
SUF,SUF,2003,3,5
SUF,SUF,2003,3,8
SUF,SUF,2003,3,10
SUF,SUF,2003,3,11
SUF,SUF,2003,3,12
SUF,SUF,2003,3,15
SUF,SUF,2003,3,17
SUF,SUF,2003,3,18
SUF,SUF,2003,3,19
SUF,SUF,2003,3,22
SUF,SUF,2003,3,24
SUF,SUF,2003,3,25
SUF,SUF,2003,3,26
SUF,SUF,2003,3,29
SUF,SUF,2003,3,31
SUF,SUF,2003,4,1
SUF,SUF,2003,4,2
SUF,SUF,2003,4,5
SUF,SUF,2003,4,7
SUF,SUF,2003,4,8
SUF,SUF,2003,4,12
SUF,SUF,2003,4,14
SUF,SUF,2003,4,15
SUF,SUF,2003,4,16
SUF,SUF,2003,4,19
SUF,SUF,2003,4,21
SUF,SUF,2003,4,22
SUF,SUF,2003,4,23
SUF,SUF,2003,4,26
SUF,SUF,2003,4,28
SUF,SUF,2003,4,29
SUF,SUF,2003,4,30
SUF,SUF,2003,5,3
SUF,SUF,2003,5,5
SUF,SUF,2003,5,6
SUF,SUF,2003,5,7
SUF,SUF,2003,5,10
SUF,SUF,2003,5,12
SUF,SUF,2003,5,13
SUF,SUF,2003,5,14
SUF,SUF,2003,5,17
SUF,SUF,2003,5,18
SUF,SUF,2003,5,24
SUF,SUF,2003,5,26
SUF,SUF,2003,5,27
SUF,SUF,2003,5,28
SUF,SUF,2003,5,31
SUF,SUF,2003,6,2
SUF,SUF,2003,6,3
SUF,SUF,2003,6,4
SUF,SUF,2003,6,7
SUF,SUF,2003,6,9
SUF,SUF,2003,6,10
SUF,SUF,2003,6,11
SUF,SUF,2003,6,14
SUF,SUF,2003,6,16
SUF,SUF,2003,6,17
SUF,SUF,2003,6,18
SUF,SUF,2003,6,21
SUF,SUF,2003,6,23
SUF,SUF,2003,6,24
SUF,SUF,2003,6,25
SUF,SUF,2003,6,28
SUF,SUF,2003,6,30
SUF,SUF,2003,7,1
SUF,SUF,2003,7,2
SUF,SUF,2003,7,5
SUF,SUF,2003,7,7
SUF,SUF,2003,7,8
SUF,SUF,2003,7,9
SUF,SUF,2003,7,12
SUF,SUF,2003,7,14
SUF,SUF,2003,7,15
SUF,SUF,2003,7,16
SUF,SUF,2003,7,19
SUF,SUF,2003,7,21
SUF,SUF,2003,7,22
SUF,SUF,2003,7,23
SUF,SUF,2003,7,26
SUF,SUF,2003,7,28
SUF,SUF,2003,7,29
SUF,SUF,2003,7,30
SUF,SUF,2003,8,2
SUF,SUF,2003,8,4
SUF,SUF,2003,8,5
SUF,SUF,2003,8,6
SUF,SUF,2003,8,9
SUF,SUF,2003,8,11
SUF,SUF,2003,8,12
SUF,SUF,2003,8,13
SUF,SUF,2003,8,16
SUF,SUF,2003,8,18
SUF,SUF,2003,8,19
SUF,SUF,2003,8,20
SUF,SUF,2003,8,23
SUF,SUF,2003,8,25
SUF,SUF,2003,8,26
SUF,SUF,2003,8,27
SUF,SUF,2003,9,15
SUF,SUF,2003,9,16
SUF,SUF,2003,9,17
SUF,SUF,2003,9,20
SUF,SUF,2003,9,22
SUF,SUF,2003,9,23
SUF,SUF,2003,9,24
SUF,SUF,2003,9,27
SUF,SUF,2003,9,29
SUF,SUF,2003,9,30
SUF,SUF,2003,10,1
SUF,SUF,2003,10,4
SUF,SUF,2003,10,6
SUF,SUF,2003,10,7
SUF,SUF,2003,10,8
SUF,SUF,2003,10,11
SUF,SUF,2003,10,13
SUF,SUF,2003,10,14
SUF,SUF,2003,10,15
SUF,SUF,2003,10,18
SUF,SUF,2003,10,20
SUF,SUF,2003,10,21
SUF,SUF,2003,10,22
SUF,SUF,2003,10,25
SUF,SUF,2003,10,27
SUF,SUF,2004,5,1
SUF,SUF,2004,5,3
SUF,SUF,2004,5,4
SUF,SUF,2004,5,8
SUF,SUF,2004,5,10
SUF,SUF,2004,5,12
SUF,SUF,2004,5,15
SUF,SUF,2004,5,16
SUF,SUF,2004,5,18
SUF,SUF,2004,5,19
SUF,SUF,2004,5,22
SUF,SUF,2004,5,24
SUF,SUF,2004,5,25
SUF,SUF,2004,5,26
SUF,SUF,2004,5,29
SUF,SUF,2004,5,31
SUF,SUF,2004,6,1
SUF,SUF,2004,6,2
SUF,SUF,2004,6,5
SUF,SUF,2004,6,7
SUF,SUF,2004,6,8
SUF,SUF,2004,6,9
SUF,SUF,2004,6,12
SUF,SUF,2004,6,14
SUF,SUF,2004,6,15
SUF,SUF,2004,6,16
SUF,SUF,2004,6,19
SUF,SUF,2004,6,21
SUF,SUF,2004,6,22
SUF,SUF,2004,6,23
SUF,SUF,2004,6,26
SUF,SUF,2004,6,28
SUF,SUF,2004,6,29
SUF,SUF,2004,6,30
SUF,SUF,2004,7,3
SUF,SUF,2004,7,5
SUF,SUF,2004,7,6
SUF,SUF,2004,7,7
SUF,SUF,2004,7,10
SUF,SUF,2004,7,12
SUF,SUF,2004,7,13
SUF,SUF,2004,7,14
SUF,SUF,2004,7,17
SUF,SUF,2004,7,19
SUF,SUF,2004,7,20
SUF,SUF,2004,7,21
SUF,SUF,2004,7,24
SUF,SUF,2004,7,26
SUF,SUF,2004,7,27
SUF,SUF,2004,7,28
SUF,SUF,2004,7,31
SUF,SUF,2004,8,2
SUF,SUF,2004,8,3
SUF,SUF,2004,8,4
SUF,SUF,2004,8,7
SUF,SUF,2004,8,9
SUF,SUF,2004,8,10
SUF,SUF,2004,8,11
SUF,SUF,2004,8,14
SUF,SUF,2004,8,16
SUF,SUF,2004,8,17
SUF,SUF,2004,8,18
SUF,SUF,2004,8,21
SUF,SUF,2004,8,23
SUF,SUF,2004,8,24
SUF,SUF,2004,8,25
SUF,SUF,2004,8,28
SUF,SUF,2004,8,30
SUF,SUF,2004,8,31
SUF,SUF,2004,9,1
SUF,SUF,2004,9,4
SUF,SUF,2004,9,6
SUF,SUF,2004,9,7
SUF,SUF,2004,9,8
SUF,SUF,2004,9,11
SUF,SUF,2004,9,13
SUF,SUF,2004,9,14
SUF,SUF,2004,9,15
SUF,SUF,2004,9,18
SUF,SUF,2004,9,20
SUF,SUF,2004,9,21
SUF,SUF,2004,9,22
SUF,SUF,2004,9,25
SUF,SUF,2004,9,27
SUF,SUF,2004,9,28
SUF,SUF,2004,9,29
SUF,SUF,2004,10,2
SUF,SUF,2004,10,4
SUF,SUF,2004,10,5
SUF,SUF,2004,10,6
SUF,SUF,2004,10,9
SUF,SUF,2004,10,11
SUF,SUF,2004,10,12
SUF,SUF,2004,10,13
SUF,SUF,2004,10,16
SUF,SUF,2004,10,18
SUF,SUF,2004,10,19
SUF,SUF,2004,10,20
SUF,SUF,2004,10,23
SUF,SUF,2004,10,25
SUF,SUF,2004,10,26
SUF,SUF,2004,10,27
SUF,SUF,2004,10,30
SUF,SUF,2004,11,1
SUF,SUF,2004,11,2
SUF,SUF,2004,11,3
SUF,SUF,2004,11,6
SUF,SUF,2004,11,8
SUF,SUF,2004,11,9
SUF,SUF,2004,11,10
SUF,SUF,2004,11,15
SUF,SUF,2004,11,16
SUF,SUF,2004,11,17
SUF,SUF,2004,11,20
SUF,SUF,2004,11,22
SUF,SUF,2004,11,23
SUF,SUF,2004,11,24
SUF,SUF,2004,11,27
SUF,SUF,2004,11,29
SUF,SUF,2005,4,30
SUF,SUF,2005,5,2
SUF,SUF,2005,5,3
SUF,SUF,2005,5,4
SUF,SUF,2005,5,7
SUF,SUF,2005,5,9
SUF,SUF,2005,5,10
SUF,SUF,2005,5,11
SUF,SUF,2005,5,14
SUF,SUF,2005,5,16
SUF,SUF,2005,5,17
SUF,SUF,2005,5,18
SUF,SUF,2005,5,21
SUF,SUF,2005,5,22
SUF,SUF,2005,5,24
SUF,SUF,2005,5,25
SUF,SUF,2005,5,28
SUF,SUF,2005,5,30
SUF,SUF,2005,5,31
SUF,SUF,2005,6,1
SUF,SUF,2005,6,4
SUF,SUF,2005,6,6
SUF,SUF,2005,6,7
SUF,SUF,2005,6,8
SUF,SUF,2005,6,11
SUF,SUF,2005,6,13
SUF,SUF,2005,6,14
SUF,SUF,2005,6,15
SUF,SUF,2005,6,18
SUF,SUF,2005,6,20
SUF,SUF,2005,6,21
SUF,SUF,2005,6,22
SUF,SUF,2005,6,25
SUF,SUF,2005,6,27
SUF,SUF,2005,6,28
SUF,SUF,2005,6,29
SUF,SUF,2005,7,2
SUF,SUF,2005,7,4
SUF,SUF,2005,7,5
SUF,SUF,2005,7,6
SUF,SUF,2005,7,9
SUF,SUF,2005,7,11
SUF,SUF,2005,7,12
SUF,SUF,2005,7,13
SUF,SUF,2005,7,16
SUF,SUF,2005,7,18
SUF,SUF,2005,7,19
SUF,SUF,2005,7,20
SUF,SUF,2005,7,23
SUF,SUF,2005,7,25
SUF,SUF,2005,7,26
SUF,SUF,2005,7,27
SUF,SUF,2005,7,30
SUF,SUF,2005,8,1
SUF,SUF,2005,8,2
SUF,SUF,2005,8,3
SUF,SUF,2005,8,6
SUF,SUF,2005,8,8
SUF,SUF,2005,8,9
SUF,SUF,2005,8,10
SUF,SUF,2005,8,13
SUF,SUF,2005,8,15
SUF,SUF,2005,8,16
SUF,SUF,2005,8,17
SUF,SUF,2005,8,20
SUF,SUF,2005,8,22
SUF,SUF,2005,8,23
SUF,SUF,2005,8,24
SUF,SUF,2005,8,27
SUF,SUF,2005,8,29
SUF,SUF,2005,8,30
SUF,SUF,2005,8,31
SUF,SUF,2005,9,3
SUF,SUF,2005,9,5
SUF,SUF,2005,9,6
SUF,SUF,2005,9,7
SUF,SUF,2005,9,10
SUF,SUF,2005,9,12
SUF,SUF,2005,9,13
SUF,SUF,2005,9,14
SUF,SUF,2005,9,17
SUF,SUF,2005,9,19
SUF,SUF,2005,9,20
SUF,SUF,2005,9,21
SUF,SUF,2005,9,24
SUF,SUF,2005,9,26
SUF,SUF,2005,9,27
SUF,SUF,2005,10,1
SUF,SUF,2005,10,3
SUF,SUF,2005,10,4
SUF,SUF,2005,10,5
SUF,SUF,2005,10,8
SUF,SUF,2005,10,10
SUF,SUF,2005,10,11
SUF,SUF,2005,10,12
SUF,SUF,2005,10,15
SUF,SUF,2005,10,17
SUF,SUF,2005,10,18
SUF,SUF,2005,10,19
SUF,SUF,2005,10,22
SUF,SUF,2005,10,24
SUF,SUF,2005,10,29
SUF,SUF,2005,10,31
SUF,SUF,2005,11,1
SUF,SUF,2005,11,2
SUF,SUF,2005,11,5
SUF,SUF,2005,11,7
SUF,SUF,2005,11,8
SUF,SUF,2005,11,9
SUF,SUF,2005,11,12
SUF,SUF,2005,11,14
SUF,SUF,2005,11,15
SUF,SUF,2005,11,16
SUF,SUF,2005,11,19
SUF,SUF,2005,11,21
SUF,SUF,2005,11,22
SUF,SUF,2005,11,23
SUF,SUF,2006,5,6
SUF,SUF,2006,5,8
SUF,SUF,2006,5,10
SUF,SUF,2006,5,15
SUF,SUF,2006,5,16
SUF,SUF,2006,5,17
SUF,SUF,2006,5,20
SUF,SUF,2006,5,22
SUF,SUF,2006,5,23
SUF,SUF,2006,5,24
SUF,SUF,2006,5,27
SUF,SUF,2006,5,29
SUF,SUF,2006,5,30
SUF,SUF,2006,5,31
SUF,SUF,2006,6,3
SUF,SUF,2006,6,4
SUF,SUF,2006,6,6
SUF,SUF,2006,6,12
SUF,SUF,2006,6,13
SUF,SUF,2006,6,14
SUF,SUF,2006,6,17
SUF,SUF,2006,6,19
SUF,SUF,2006,6,20
SUF,SUF,2006,6,21
SUF,SUF,2006,6,24
SUF,SUF,2006,6,26
SUF,SUF,2006,6,27
SUF,SUF,2006,6,28
SUF,SUF,2006,7,1
SUF,SUF,2006,7,3
SUF,SUF,2006,7,4
SUF,SUF,2006,7,5
SUF,SUF,2006,7,8
SUF,SUF,2006,7,10
SUF,SUF,2006,7,11
SUF,SUF,2006,7,12
SUF,SUF,2006,7,15
SUF,SUF,2006,7,17
SUF,SUF,2006,7,18
SUF,SUF,2006,7,19
SUF,SUF,2006,7,22
SUF,SUF,2006,7,24
SUF,SUF,2006,7,25
SUF,SUF,2006,7,26
SUF,SUF,2006,7,29
SUF,SUF,2006,7,31
SUF,SUF,2006,8,1
SUF,SUF,2006,8,5
SUF,SUF,2006,8,7
SUF,SUF,2006,8,8
SUF,SUF,2006,8,9
SUF,SUF,2006,8,12
SUF,SUF,2006,8,14
SUF,SUF,2006,8,15
SUF,SUF,2006,8,16
SUF,SUF,2006,8,19
SUF,SUF,2006,8,21
SUF,SUF,2006,8,22
SUF,SUF,2006,8,23
SUF,SUF,2006,8,26
SUF,SUF,2006,8,28
SUF,SUF,2006,8,29
SUF,SUF,2006,8,30
SUF,SUF,2006,9,2
SUF,SUF,2006,9,4
SUF,SUF,2006,9,5
SUF,SUF,2006,9,6
SUF,SUF,2006,9,9
SUF,SUF,2006,9,11
SUF,SUF,2006,9,12
SUF,SUF,2006,9,13
SUF,SUF,2006,9,16
SUF,SUF,2006,9,18
SUF,SUF,2006,9,19
SUF,SUF,2006,9,20
SUF,SUF,2006,9,23
SUF,SUF,2006,9,25
SUF,SUF,2006,9,26
SUF,SUF,2006,9,27
SUF,SUF,2006,9,30
SUF,SUF,2006,10,2
SUF,SUF,2006,10,3
SUF,SUF,2006,10,4
SUF,SUF,2006,10,7
SUF,SUF,2006,10,9
SUF,SUF,2006,10,10
SUF,SUF,2006,10,11
SUF,SUF,2006,10,14
SUF,SUF,2006,10,16
SUF,SUF,2006,10,17
SUF,SUF,2006,10,18
SUF,SUF,2006,10,21
SUF,SUF,2006,10,23
SUF,SUF,2006,10,24
SUF,SUF,2006,10,25
SUF,SUF,2006,10,30
SUF,SUF,2006,10,31
SUF,SUF,2006,11,1
SUF,SUF,2006,11,4
SUF,SUF,2006,11,6
SUF,SUF,2006,11,7
SUF,SUF,2006,11,8
SUF,SUF,2006,11,11
SUF,SUF,2007,5,5
SUF,SUF,2007,5,9
SUF,SUF,2007,5,12
SUF,SUF,2007,5,16
SUF,SUF,2007,5,19
SUF,SUF,2007,5,21
SUF,SUF,2007,5,23
SUF,SUF,2007,5,26
SUF,SUF,2007,5,28
SUF,SUF,2007,5,30
SUF,SUF,2007,6,2
SUF,SUF,2007,6,3
SUF,SUF,2007,6,4
SUF,SUF,2007,6,6
SUF,SUF,2007,6,9
SUF,SUF,2007,6,10
SUF,SUF,2007,6,11
SUF,SUF,2007,6,13
SUF,SUF,2007,6,16
SUF,SUF,2007,6,17
SUF,SUF,2007,6,18
SUF,SUF,2007,6,20
SUF,SUF,2007,6,23
SUF,SUF,2007,6,24
SUF,SUF,2007,6,25
SUF,SUF,2007,6,27
SUF,SUF,2007,6,30
SUF,SUF,2007,7,1
SUF,SUF,2007,7,2
SUF,SUF,2007,7,4
SUF,SUF,2007,7,7
SUF,SUF,2007,7,8
SUF,SUF,2007,7,9
SUF,SUF,2007,7,11
SUF,SUF,2007,7,14
SUF,SUF,2007,7,15
SUF,SUF,2007,7,16
SUF,SUF,2007,7,18
SUF,SUF,2007,7,21
SUF,SUF,2007,7,22
SUF,SUF,2007,7,23
SUF,SUF,2007,7,25
SUF,SUF,2007,7,28
SUF,SUF,2007,7,29
SUF,SUF,2007,7,30
SUF,SUF,2007,8,1
SUF,SUF,2007,8,4
SUF,SUF,2007,8,5
SUF,SUF,2007,8,6
SUF,SUF,2007,8,8
SUF,SUF,2007,8,11
SUF,SUF,2007,8,12
SUF,SUF,2007,8,13
SUF,SUF,2007,8,15
SUF,SUF,2007,8,18
SUF,SUF,2007,8,19
SUF,SUF,2007,8,20
SUF,SUF,2007,8,22
SUF,SUF,2007,8,25
SUF,SUF,2007,8,26
SUF,SUF,2007,8,27
SUF,SUF,2007,8,29
SUF,SUF,2007,9,1
SUF,SUF,2007,9,3
SUF,SUF,2007,9,4
SUF,SUF,2007,9,5
SUF,SUF,2007,9,8
SUF,SUF,2007,9,10
SUF,SUF,2007,9,11
SUF,SUF,2007,9,12
SUF,SUF,2007,9,15
SUF,SUF,2007,9,17
SUF,SUF,2007,9,18
SUF,SUF,2007,9,19
SUF,SUF,2007,9,22
SUF,SUF,2007,9,24
SUF,SUF,2007,9,25
SUF,SUF,2007,9,26
SUF,SUF,2007,9,29
SUF,SUF,2007,10,1
SUF,SUF,2007,10,2
SUF,SUF,2007,10,3
SUF,SUF,2007,10,6
SUF,SUF,2007,10,8
SUF,SUF,2007,10,9
SUF,SUF,2007,10,10
SUF,SUF,2007,10,13
SUF,SUF,2007,10,15
SUF,SUF,2007,10,16
SUF,SUF,2007,10,17
SUF,SUF,2007,10,20
SUF,SUF,2007,10,22
SUF,SUF,2007,10,23
SUF,SUF,2007,10,24
SUF,SUF,2007,10,27
SUF,SUF,2007,10,29
SUF,SUF,2007,10,30
SUF,SUF,2007,10,31
SUF,SUF,2007,11,5
SUF,SUF,2007,11,7
SUF,SUF,2007,11,10
SUF,SUF,2008,5,3
SUF,SUF,2008,5,7
SUF,SUF,2008,5,10
SUF,SUF,2008,5,14
SUF,SUF,2008,5,17
SUF,SUF,2008,5,21
SUF,SUF,2008,5,24
SUF,SUF,2008,5,26
SUF,SUF,2008,5,28
SUF,SUF,2008,5,31
SUF,SUF,2008,6,1
SUF,SUF,2008,6,4
SUF,SUF,2008,6,6
SUF,SUF,2008,6,7
SUF,SUF,2008,6,8
SUF,SUF,2008,6,11
SUF,SUF,2008,6,13
SUF,SUF,2008,6,14
SUF,SUF,2008,6,15
SUF,SUF,2008,6,18
SUF,SUF,2008,6,20
SUF,SUF,2008,6,21
SUF,SUF,2008,6,22
SUF,SUF,2008,6,25
SUF,SUF,2008,6,27
SUF,SUF,2008,6,28
SUF,SUF,2008,6,29
SUF,SUF,2008,7,2
SUF,SUF,2008,7,4
SUF,SUF,2008,7,5
SUF,SUF,2008,7,6
SUF,SUF,2008,7,9
SUF,SUF,2008,7,11
SUF,SUF,2008,7,12
SUF,SUF,2008,7,13
SUF,SUF,2008,7,16
SUF,SUF,2008,7,18
SUF,SUF,2008,7,19
SUF,SUF,2008,7,20
SUF,SUF,2008,7,23
SUF,SUF,2008,7,25
SUF,SUF,2008,7,26
SUF,SUF,2008,7,27
SUF,SUF,2008,7,30
SUF,SUF,2008,8,1
SUF,SUF,2008,8,2
SUF,SUF,2008,8,3
SUF,SUF,2008,8,6
SUF,SUF,2008,8,8
SUF,SUF,2008,8,9
SUF,SUF,2008,8,10
SUF,SUF,2008,8,13
SUF,SUF,2008,8,15
SUF,SUF,2008,8,16
SUF,SUF,2008,8,17
SUF,SUF,2008,8,20
SUF,SUF,2008,8,22
SUF,SUF,2008,8,23
SUF,SUF,2008,8,24
SUF,SUF,2008,8,25
SUF,SUF,2008,8,27
SUF,SUF,2008,8,30
SUF,SUF,2008,9,1
SUF,SUF,2008,9,2
SUF,SUF,2008,9,3
SUF,SUF,2008,9,6
SUF,SUF,2008,9,8
SUF,SUF,2008,9,9
SUF,SUF,2008,9,10
SUF,SUF,2008,9,13
SUF,SUF,2008,9,15
SUF,SUF,2008,9,16
SUF,SUF,2008,9,17
SUF,SUF,2008,9,20
SUF,SUF,2008,9,22
SUF,SUF,2008,9,23
SUF,SUF,2008,9,24
SUF,SUF,2008,9,27
SUF,SUF,2008,9,29
SUF,SUF,2008,9,30
SUF,SUF,2008,10,1
SUF,SUF,2008,10,4
SUF,SUF,2008,10,6
SUF,SUF,2008,10,7
SUF,SUF,2008,10,8
SUF,SUF,2008,10,11
SUF,SUF,2008,10,13
SUF,SUF,2008,10,14
SUF,SUF,2008,10,15
SUF,SUF,2008,10,18
SUF,SUF,2008,10,20
SUF,SUF,2008,10,21
SUF,SUF,2008,10,22
SUF,SUF,2008,10,25
SUF,SUF,2008,10,27
SUF,SUF,2008,10,28
SUF,SUF,2008,10,29
SUF,SUF,2008,11,1
SUF,SUF,2008,11,4
SUF,SUF,2008,11,5
SUF,SUF,2008,11,7
SUF,SUF,2008,11,8
SUF,SUF,2009,5,2
SUF,SUF,2009,5,6
SUF,SUF,2009,5,9
SUF,SUF,2009,5,13
SUF,SUF,2009,5,16
SUF,SUF,2009,5,20
SUF,SUF,2009,5,23
SUF,SUF,2009,5,25
SUF,SUF,2009,5,27
SUF,SUF,2009,5,30
SUF,SUF,2009,5,31
SUF,SUF,2009,6,3
SUF,SUF,2009,6,6
SUF,SUF,2009,6,8
SUF,SUF,2009,6,9
SUF,SUF,2009,6,10
SUF,SUF,2009,6,13
SUF,SUF,2009,6,15
SUF,SUF,2009,6,16
SUF,SUF,2009,6,17
SUF,SUF,2009,6,20
SUF,SUF,2009,6,22
SUF,SUF,2009,6,23
SUF,SUF,2009,6,24
SUF,SUF,2009,6,27
SUF,SUF,2009,6,29
SUF,SUF,2009,6,30
SUF,SUF,2009,7,1
SUF,SUF,2009,7,4
SUF,SUF,2009,7,6
SUF,SUF,2009,7,7
SUF,SUF,2009,7,8
SUF,SUF,2009,7,11
SUF,SUF,2009,7,13
SUF,SUF,2009,7,14
SUF,SUF,2009,7,15
SUF,SUF,2009,7,18
SUF,SUF,2009,7,20
SUF,SUF,2009,7,21
SUF,SUF,2009,7,22
SUF,SUF,2009,7,25
SUF,SUF,2009,7,27
SUF,SUF,2009,7,28
SUF,SUF,2009,7,29
SUF,SUF,2009,8,1
SUF,SUF,2009,8,3
SUF,SUF,2009,8,4
SUF,SUF,2009,8,5
SUF,SUF,2009,8,8
SUF,SUF,2009,8,10
SUF,SUF,2009,8,11
SUF,SUF,2009,8,12
SUF,SUF,2009,8,15
SUF,SUF,2009,8,17
SUF,SUF,2009,8,18
SUF,SUF,2009,8,19
SUF,SUF,2009,8,22
SUF,SUF,2009,8,24
SUF,SUF,2009,8,25
SUF,SUF,2009,8,26
SUF,SUF,2009,8,29
SUF,SUF,2009,8,31
SUF,SUF,2009,9,1
SUF,SUF,2009,9,2
SUF,SUF,2009,9,5
SUF,SUF,2009,9,7
SUF,SUF,2009,9,8
SUF,SUF,2009,9,9
SUF,SUF,2009,9,12
SUF,SUF,2009,9,14
SUF,SUF,2009,9,15
SUF,SUF,2009,9,16
SUF,SUF,2009,9,19
SUF,SUF,2009,9,21
SUF,SUF,2009,9,22
SUF,SUF,2009,9,23
SUF,SUF,2009,9,26
SUF,SUF,2009,9,28
SUF,SUF,2009,9,29
SUF,SUF,2009,9,30
SUF,SUF,2009,10,3
SUF,SUF,2009,10,5
SUF,SUF,2009,10,6
SUF,SUF,2009,10,7
SUF,SUF,2009,10,10
SUF,SUF,2009,10,12
SUF,SUF,2009,10,13
SUF,SUF,2009,10,14
SUF,SUF,2009,10,17
SUF,SUF,2009,10,19
SUF,SUF,2009,10,20
SUF,SUF,2009,10,21
SUF,SUF,2009,10,24
SUF,SUF,2009,10,26
SUF,SUF,2009,10,27
SUF,SUF,2009,10,28
SUF,SUF,2009,10,31
SUF,SUF,2009,11,2
SUF,SUF,2009,11,3
SUF,SUF,2009,11,4
SUF,SUF,2009,11,7
SUF,SUF,2010,5,15
SUF,SUF,2010,5,19
SUF,SUF,2010,5,23
SUF,SUF,2010,5,26
SUF,SUF,2010,5,29
SUF,SUF,2010,5,31
SUF,SUF,2010,6,1
SUF,SUF,2010,6,2
SUF,SUF,2010,6,5
SUF,SUF,2010,6,7
SUF,SUF,2010,6,8
SUF,SUF,2010,6,9
SUF,SUF,2010,6,12
SUF,SUF,2010,6,14
SUF,SUF,2010,6,15
SUF,SUF,2010,6,16
SUF,SUF,2010,6,19
SUF,SUF,2010,6,21
SUF,SUF,2010,6,22
SUF,SUF,2010,6,23
SUF,SUF,2010,6,26
SUF,SUF,2010,6,28
SUF,SUF,2010,6,29
SUF,SUF,2010,6,30
SUF,SUF,2010,7,3
SUF,SUF,2010,7,5
SUF,SUF,2010,7,6
SUF,SUF,2010,7,7
SUF,SUF,2010,7,10
SUF,SUF,2010,7,12
SUF,SUF,2010,7,13
SUF,SUF,2010,7,14
SUF,SUF,2010,7,17
SUF,SUF,2010,7,19
SUF,SUF,2010,7,20
SUF,SUF,2010,7,21
SUF,SUF,2010,7,24
SUF,SUF,2010,7,26
SUF,SUF,2010,7,27
SUF,SUF,2010,7,28
SUF,SUF,2010,7,31
SUF,SUF,2010,8,2
SUF,SUF,2010,8,3
SUF,SUF,2010,8,4
SUF,SUF,2010,8,7
SUF,SUF,2010,8,9
SUF,SUF,2010,8,10
SUF,SUF,2010,8,11
SUF,SUF,2010,8,14
SUF,SUF,2010,8,16
SUF,SUF,2010,8,17
SUF,SUF,2010,8,18
SUF,SUF,2010,8,21
SUF,SUF,2010,8,23
SUF,SUF,2010,8,24
SUF,SUF,2010,8,25
SUF,SUF,2010,8,28
SUF,SUF,2010,8,30
SUF,SUF,2010,8,31
SUF,SUF,2010,9,1
SUF,SUF,2010,9,4
SUF,SUF,2010,9,6
SUF,SUF,2010,9,7
SUF,SUF,2010,9,8
SUF,SUF,2010,9,11
SUF,SUF,2010,9,13
SUF,SUF,2010,9,14
SUF,SUF,2010,9,15
SUF,SUF,2010,9,18
SUF,SUF,2010,9,20
SUF,SUF,2010,9,21
SUF,SUF,2010,9,22
SUF,SUF,2010,9,25
SUF,SUF,2010,9,27
SUF,SUF,2010,9,28
SUF,SUF,2010,9,29
SUF,SUF,2010,10,2
SUF,SUF,2010,10,4
SUF,SUF,2010,10,5
SUF,SUF,2010,10,6
SUF,SUF,2010,10,9
SUF,SUF,2010,10,11
SUF,SUF,2010,10,12
SUF,SUF,2010,10,13
SUF,SUF,2010,10,16
SUF,SUF,2010,10,18
SUF,SUF,2010,10,19
SUF,SUF,2010,10,20
SUF,SUF,2010,10,23
SUF,SUF,2010,10,25
SUF,SUF,2010,10,26
SUF,SUF,2010,10,27
SUF,SUF,2010,10,30
SUF,SUF,2010,11,1
SUF,SUF,2010,11,2
SUF,SUF,2010,11,3
SUF,SUF,2010,11,6
SUF,SUF,2010,11,8
SUF,SUF,2010,11,9
SUF,SUF,2010,11,10
SUF,SUF,2010,11,13
SUF,SUF,2011,5,21
SUF,SUF,2011,5,23
SUF,SUF,2011,5,28
SUF,SUF,2011,5,30
SUF,SUF,2011,6,1
SUF,SUF,2011,6,4
SUF,SUF,2011,6,6
SUF,SUF,2011,6,8
SUF,SUF,2011,6,11
SUF,SUF,2011,6,13
SUF,SUF,2011,6,15
SUF,SUF,2011,6,18
SUF,SUF,2011,6,20
SUF,SUF,2011,6,22
SUF,SUF,2011,6,25
SUF,SUF,2011,6,27
SUF,SUF,2011,6,29
SUF,SUF,2011,7,2
SUF,SUF,2011,7,4
SUF,SUF,2011,7,6
SUF,SUF,2011,7,9
SUF,SUF,2011,7,11
SUF,SUF,2011,7,13
SUF,SUF,2011,7,16
SUF,SUF,2011,7,18
SUF,SUF,2011,7,20
SUF,SUF,2011,7,25
SUF,SUF,2011,7,27
SUF,SUF,2011,7,30
SUF,SUF,2011,8,1
SUF,SUF,2011,8,2
SUF,SUF,2011,8,3
SUF,SUF,2011,8,6
SUF,SUF,2011,8,8
SUF,SUF,2011,8,9
SUF,SUF,2011,8,10
SUF,SUF,2011,8,13
SUF,SUF,2011,8,15
SUF,SUF,2011,8,16
SUF,SUF,2011,8,17
SUF,SUF,2011,8,20
SUF,SUF,2011,8,22
SUF,SUF,2011,8,23
SUF,SUF,2011,8,24
SUF,SUF,2011,8,27
SUF,SUF,2011,8,31
SUF,SUF,2011,9,3
SUF,SUF,2011,9,5
SUF,SUF,2011,9,6
SUF,SUF,2011,9,7
SUF,SUF,2011,9,10
SUF,SUF,2011,9,12
SUF,SUF,2011,9,13
SUF,SUF,2011,9,14
SUF,SUF,2011,9,17
SUF,SUF,2011,9,19
SUF,SUF,2011,9,20
SUF,SUF,2011,9,21
SUF,SUF,2011,9,24
SUF,SUF,2011,9,26
SUF,SUF,2011,9,27
SUF,SUF,2011,9,28
SUF,SUF,2011,10,1
SUF,SUF,2011,10,3
SUF,SUF,2011,10,4
SUF,SUF,2011,10,5
SUF,SUF,2011,10,8
SUF,SUF,2011,10,10
SUF,SUF,2011,10,12
SUF,SUF,2011,10,15
SUF,SUF,2011,10,17
SUF,SUF,2011,10,19
SUF,SUF,2011,10,22
SUF,SUF,2011,10,24
SUF,SUF,2011,10,26
SUF,SUF,2011,10,29
SUF,SUF,2011,10,31
SUF,SUF,2011,11,2
SUF,SUF,2011,11,4
SUF,SUF,2011,11,5
SUF,SUF,2012,6,2
SUF,SUF,2012,6,4
SUF,SUF,2012,6,6
SUF,SUF,2012,6,9
SUF,SUF,2012,6,11
SUF,SUF,2012,6,13
SUF,SUF,2012,6,16
SUF,SUF,2012,6,18
SUF,SUF,2012,6,19
SUF,SUF,2012,6,20
SUF,SUF,2012,6,23
SUF,SUF,2012,6,25
SUF,SUF,2012,6,26
SUF,SUF,2012,6,27
SUF,SUF,2012,6,30
SUF,SUF,2012,7,2
SUF,SUF,2012,7,3
SUF,SUF,2012,7,4
SUF,SUF,2012,7,7
SUF,SUF,2012,7,9
SUF,SUF,2012,7,10
SUF,SUF,2012,7,11
SUF,SUF,2012,7,14
SUF,SUF,2012,7,16
SUF,SUF,2012,7,18
SUF,SUF,2012,7,21
SUF,SUF,2012,7,23
SUF,SUF,2012,7,24
SUF,SUF,2012,7,25
SUF,SUF,2012,7,28
SUF,SUF,2012,7,30
SUF,SUF,2012,7,31
SUF,SUF,2012,8,1
SUF,SUF,2012,8,4
SUF,SUF,2012,8,6
SUF,SUF,2012,8,7
SUF,SUF,2012,8,8
SUF,SUF,2012,8,11
SUF,SUF,2012,8,13
SUF,SUF,2012,8,14
SUF,SUF,2012,8,15
SUF,SUF,2012,8,18
SUF,SUF,2012,8,20
SUF,SUF,2012,8,21
SUF,SUF,2012,8,22
SUF,SUF,2012,8,25
SUF,SUF,2012,8,27
SUF,SUF,2012,8,28
SUF,SUF,2012,8,29
SUF,SUF,2012,9,1
SUF,SUF,2012,9,3
SUF,SUF,2012,9,4
SUF,SUF,2012,9,5
SUF,SUF,2012,9,8
SUF,SUF,2012,9,10
SUF,SUF,2012,9,11
SUF,SUF,2012,9,12
SUF,SUF,2012,9,15
SUF,SUF,2012,9,17
SUF,SUF,2012,9,18
SUF,SUF,2012,9,19
SUF,SUF,2012,9,22
SUF,SUF,2012,9,24
SUF,SUF,2012,9,25
SUF,SUF,2012,9,26
SUF,SUF,2012,9,29
SUF,SUF,2012,10,1
SUF,SUF,2012,10,3
SUF,SUF,2012,10,6
SUF,SUF,2012,10,8
SUF,SUF,2012,10,10
SUF,SUF,2012,10,13
SUF,SUF,2012,10,15
SUF,SUF,2012,10,17
SUF,SUF,2012,10,20
SUF,SUF,2012,10,22
SUF,SUF,2012,10,24
SUF,SUF,2012,10,27
SUF,SUF,2012,10,31
SUF,SUF,2012,11,3
SUF,SUF,2013,6,1
SUF,SUF,2013,6,3
SUF,SUF,2013,6,5
SUF,SUF,2013,6,8
SUF,SUF,2013,6,10
SUF,SUF,2013,6,12
SUF,SUF,2013,6,15
SUF,SUF,2013,6,17
SUF,SUF,2013,6,19
SUF,SUF,2013,6,22
SUF,SUF,2013,6,24
SUF,SUF,2013,6,26
SUF,SUF,2013,6,29
SUF,SUF,2013,7,1
SUF,SUF,2013,7,3
SUF,SUF,2013,7,6
SUF,SUF,2013,7,8
SUF,SUF,2013,7,10
SUF,SUF,2013,7,13
SUF,SUF,2013,7,15
SUF,SUF,2013,7,17
SUF,SUF,2013,7,20
SUF,SUF,2013,7,22
SUF,SUF,2013,7,23
SUF,SUF,2013,7,24
SUF,SUF,2013,7,27
SUF,SUF,2013,7,29
SUF,SUF,2013,7,30
SUF,SUF,2013,7,31
SUF,SUF,2013,8,3
SUF,SUF,2013,8,5
SUF,SUF,2013,8,6
SUF,SUF,2013,8,7
SUF,SUF,2013,8,10
SUF,SUF,2013,8,12
SUF,SUF,2013,8,13
SUF,SUF,2013,8,14
SUF,SUF,2013,8,17
SUF,SUF,2013,8,19
SUF,SUF,2013,8,20
SUF,SUF,2013,8,21
SUF,SUF,2013,8,24
SUF,SUF,2013,8,26
SUF,SUF,2013,8,27
SUF,SUF,2013,8,28
SUF,SUF,2013,8,31
SUF,SUF,2013,9,2
SUF,SUF,2013,9,3
SUF,SUF,2013,9,4
SUF,SUF,2013,9,7
SUF,SUF,2013,9,9
SUF,SUF,2013,9,10
SUF,SUF,2013,9,11
SUF,SUF,2013,9,14
SUF,SUF,2013,9,16
SUF,SUF,2013,9,17
SUF,SUF,2013,9,18
SUF,SUF,2013,9,21
SUF,SUF,2013,9,23
SUF,SUF,2013,9,24
SUF,SUF,2013,9,25
SUF,SUF,2013,9,28
SUF,SUF,2013,9,30
SUF,SUF,2013,10,1
SUF,SUF,2013,10,2
SUF,SUF,2013,10,5
SUF,SUF,2013,10,7
SUF,SUF,2013,10,8
SUF,SUF,2013,10,9
SUF,SUF,2013,10,12
SUF,SUF,2013,10,14
SUF,SUF,2013,10,15
SUF,SUF,2013,10,16
SUF,SUF,2013,10,19
SUF,SUF,2013,10,21
SUF,SUF,2013,10,22
SUF,SUF,2013,10,23
SUF,SUF,2013,10,26
SUF,SUF,2013,10,28
SUF,SUF,2013,10,30
SUF,SUF,2013,11,2
SUF,SUF,2014,5,3
SUF,SUF,2014,5,7
SUF,SUF,2014,5,10
SUF,SUF,2014,5,12
SUF,SUF,2014,5,14
SUF,SUF,2014,5,17
SUF,SUF,2014,5,19
SUF,SUF,2014,5,21
SUF,SUF,2014,5,24
SUF,SUF,2014,5,26
SUF,SUF,2014,5,28
SUF,SUF,2014,5,31
SUF,SUF,2014,6,2
SUF,SUF,2014,6,4
SUF,SUF,2014,6,7
SUF,SUF,2014,6,9
SUF,SUF,2014,6,11
SUF,SUF,2014,6,14
SUF,SUF,2014,6,16
SUF,SUF,2014,6,18
SUF,SUF,2014,6,21
SUF,SUF,2014,6,23
SUF,SUF,2014,6,25
SUF,SUF,2014,6,28
SUF,SUF,2014,6,30
SUF,SUF,2014,7,2
SUF,SUF,2014,7,5
SUF,SUF,2014,7,7
SUF,SUF,2014,7,9
SUF,SUF,2014,7,12
SUF,SUF,2014,7,14
SUF,SUF,2014,7,16
SUF,SUF,2014,7,19
SUF,SUF,2014,7,21
SUF,SUF,2014,7,23
SUF,SUF,2014,7,26
SUF,SUF,2014,7,28
SUF,SUF,2014,7,30
SUF,SUF,2014,8,2
SUF,SUF,2014,8,4
SUF,SUF,2014,8,6
SUF,SUF,2014,8,9
SUF,SUF,2014,8,11
SUF,SUF,2014,8,13
SUF,SUF,2014,8,16
SUF,SUF,2014,8,18
SUF,SUF,2014,8,20
SUF,SUF,2014,8,23
SUF,SUF,2014,8,25
SUF,SUF,2014,8,27
SUF,SUF,2014,8,30
SUF,SUF,2014,9,1
SUF,SUF,2014,9,3
SUF,SUF,2014,9,4
SUF,SUF,2014,9,6
SUF,SUF,2014,9,8
SUF,SUF,2014,9,10
SUF,SUF,2014,9,13
SUF,SUF,2014,9,15
SUF,SUF,2014,9,17
SUF,SUF,2014,9,20
SUF,SUF,2014,9,22
SUF,SUF,2014,9,24
SUF,SUF,2014,9,27
SUF,SUF,2014,10,4
SUF,SUF,2015,9,5
SUF,SUF,2015,10,3
SUF,SUF,2015,10,31
TAM,TAM,1998,12,19
TAM,TAM,1998,12,20
TAM,TAM,1998,12,22
TAM,TAM,1998,12,26
TAM,TAM,1998,12,27
TAM,TAM,1998,12,29
TAM,TAM,1999,4,13
TAM,TAM,1999,4,17
TAM,TAM,1999,4,18
TAM,TAM,1999,4,22
TAM,TAM,1999,4,24
TAM,TAM,1999,4,25
TAM,TAM,1999,4,29
TAM,TAM,1999,5,1
TAM,TAM,1999,5,2
TAM,TAM,1999,12,26
TAM,TAM,1999,12,28
TAM,TAM,1999,12,30
TAM,TAM,2000,4,11
TAM,TAM,2000,4,13
TAM,TAM,2000,4,15
TAM,TAM,2000,4,16
TAM,TAM,2000,4,18
TAM,TAM,2000,4,20
TAM,TAM,2000,4,22
TAM,TAM,2000,4,25
TAM,TAM,2000,4,27
TAM,TAM,2000,4,29
TAM,TAM,2000,4,30
TAM,TAM,2000,5,2
TAM,TAM,2000,5,6
TAM,TAM,2000,5,7
TAM,TAM,2001,1,7
TAM,TAM,2001,1,11
TAM,TAM,2001,1,12
TAM,TAM,2001,1,13
TAM,TAM,2001,1,14
TAM,TAM,2001,1,16
TAM,TAM,2001,1,18
TAM,TAM,2001,1,19
TAM,TAM,2001,1,20
TAM,TAM,2001,1,21
TAM,TAM,2001,1,23
TAM,TAM,2001,1,25
TAM,TAM,2001,1,26
TAM,TAM,2001,2,1
TAM,TAM,2001,2,2
TAM,TAM,2001,2,3
TAM,TAM,2001,2,4
TAM,TAM,2001,2,6
TAM,TAM,2001,2,8
TAM,TAM,2001,2,9
TAM,TAM,2001,2,10
TAM,TAM,2001,2,11
TAM,TAM,2001,2,20
TAM,TAM,2001,2,22
TAM,TAM,2001,2,23
TAM,TAM,2001,2,25
TAM,TAM,2001,2,27
TAM,TAM,2001,3,1
TAM,TAM,2001,3,2
TAM,TAM,2001,3,3
TAM,TAM,2001,3,4
TAM,TAM,2001,3,6
TAM,TAM,2001,3,8
TAM,TAM,2001,3,9
TAM,TAM,2001,3,10
TAM,TAM,2001,3,11
TAM,TAM,2001,3,13
TAM,TAM,2001,3,16
TAM,TAM,2001,3,17
TAM,TAM,2001,3,18
TAM,TAM,2001,3,20
TAM,TAM,2001,3,22
TAM,TAM,2001,3,23
TAM,TAM,2001,3,24
TAM,TAM,2001,3,25
TAM,TAM,2001,3,27
TAM,TAM,2001,3,29
TAM,TAM,2001,4,3
TAM,TAM,2001,4,5
TAM,TAM,2001,4,7
TAM,TAM,2001,4,8
TAM,TAM,2001,4,10
TAM,TAM,2001,4,12
TAM,TAM,2001,4,14
TAM,TAM,2001,4,17
TAM,TAM,2001,4,19
TAM,TAM,2001,4,21
TAM,TAM,2001,4,22
TAM,TAM,2001,4,26
TAM,TAM,2001,4,29
TAM,TAM,2001,5,3
TAM,TAM,2001,5,5
TAM,TAM,2001,5,6
TAM,TAM,2001,12,15
TAM,TAM,2001,12,16
TAM,TAM,2001,12,18
TAM,TAM,2001,12,20
TAM,TAM,2001,12,23
TAM,TAM,2001,12,27
TAM,TAM,2001,12,29
TAM,TAM,2001,12,30
TAM,TAM,2002,1,1
TAM,TAM,2002,1,3
TAM,TAM,2002,1,5
TAM,TAM,2002,1,6
TAM,TAM,2002,1,8
TAM,TAM,2002,1,10
TAM,TAM,2002,1,12
TAM,TAM,2002,1,13
TAM,TAM,2002,1,15
TAM,TAM,2002,1,17
TAM,TAM,2002,1,18
TAM,TAM,2002,1,19
TAM,TAM,2002,1,20
TAM,TAM,2002,1,22
TAM,TAM,2002,1,24
TAM,TAM,2002,1,25
TAM,TAM,2002,1,26
TAM,TAM,2002,1,27
TAM,TAM,2002,1,29
TAM,TAM,2002,1,31
TAM,TAM,2002,2,1
TAM,TAM,2002,2,2
TAM,TAM,2002,2,3
TAM,TAM,2002,2,5
TAM,TAM,2002,2,7
TAM,TAM,2002,2,8
TAM,TAM,2002,2,9
TAM,TAM,2002,2,10
TAM,TAM,2002,2,14
TAM,TAM,2002,2,15
TAM,TAM,2002,2,16
TAM,TAM,2002,2,17
TAM,TAM,2002,2,19
TAM,TAM,2002,2,21
TAM,TAM,2002,2,22
TAM,TAM,2002,2,23
TAM,TAM,2002,2,24
TAM,TAM,2002,2,26
TAM,TAM,2002,2,28
TAM,TAM,2002,3,1
TAM,TAM,2002,3,2
TAM,TAM,2002,3,3
TAM,TAM,2002,3,5
TAM,TAM,2002,3,7
TAM,TAM,2002,3,8
TAM,TAM,2002,3,9
TAM,TAM,2002,3,10
TAM,TAM,2002,3,12
TAM,TAM,2002,3,14
TAM,TAM,2002,3,15
TAM,TAM,2002,3,16
TAM,TAM,2002,3,17
TAM,TAM,2002,3,19
TAM,TAM,2002,3,21
TAM,TAM,2002,3,22
TAM,TAM,2002,3,23
TAM,TAM,2002,3,24
TAM,TAM,2002,3,26
TAM,TAM,2002,3,28
TAM,TAM,2002,3,29
TAM,TAM,2002,3,30
TAM,TAM,2002,4,1
TAM,TAM,2002,4,2
TAM,TAM,2002,4,7
TAM,TAM,2002,4,8
TAM,TAM,2002,4,9
TAM,TAM,2002,4,13
TAM,TAM,2002,4,14
TAM,TAM,2002,4,15
TAM,TAM,2002,4,16
TAM,TAM,2002,4,21
TAM,TAM,2002,4,22
TAM,TAM,2002,4,23
TAM,TAM,2002,4,28
TAM,TAM,2002,4,30
TAM,TAM,2002,12,17
TAM,TAM,2002,12,19
TAM,TAM,2002,12,21
TAM,TAM,2002,12,22
TAM,TAM,2002,12,26
TAM,TAM,2002,12,27
TAM,TAM,2002,12,28
TAM,TAM,2002,12,29
TAM,TAM,2002,12,31
TAM,TAM,2003,1,2
TAM,TAM,2003,1,3
TAM,TAM,2003,1,4
TAM,TAM,2003,1,5
TAM,TAM,2003,1,6
TAM,TAM,2003,1,7
TAM,TAM,2003,1,9
TAM,TAM,2003,1,10
TAM,TAM,2003,1,11
TAM,TAM,2003,1,12
TAM,TAM,2003,1,13
TAM,TAM,2003,1,14
TAM,TAM,2003,1,16
TAM,TAM,2003,1,17
TAM,TAM,2003,1,18
TAM,TAM,2003,1,19
TAM,TAM,2003,1,21
TAM,TAM,2003,1,23
TAM,TAM,2003,1,24
TAM,TAM,2003,1,25
TAM,TAM,2003,1,26
TAM,TAM,2003,1,27
TAM,TAM,2003,1,28
TAM,TAM,2003,1,30
TAM,TAM,2003,1,31
TAM,TAM,2003,2,1
TAM,TAM,2003,2,2
TAM,TAM,2003,2,4
TAM,TAM,2003,2,6
TAM,TAM,2003,2,7
TAM,TAM,2003,2,8
TAM,TAM,2003,2,9
TAM,TAM,2003,2,11
TAM,TAM,2003,2,13
TAM,TAM,2003,2,14
TAM,TAM,2003,2,15
TAM,TAM,2003,2,16
TAM,TAM,2003,2,18
TAM,TAM,2003,2,20
TAM,TAM,2003,2,21
TAM,TAM,2003,2,22
TAM,TAM,2003,2,23
TAM,TAM,2003,2,25
TAM,TAM,2003,2,27
TAM,TAM,2003,3,4
TAM,TAM,2003,3,6
TAM,TAM,2003,3,7
TAM,TAM,2003,3,8
TAM,TAM,2003,3,9
TAM,TAM,2003,3,11
TAM,TAM,2003,3,13
TAM,TAM,2003,3,14
TAM,TAM,2003,3,15
TAM,TAM,2003,3,16
TAM,TAM,2003,3,18
TAM,TAM,2003,3,20
TAM,TAM,2003,3,21
TAM,TAM,2003,3,22
TAM,TAM,2003,3,23
TAM,TAM,2003,3,25
TAM,TAM,2003,3,27
TAM,TAM,2003,3,29
TAM,TAM,2003,3,30
TAM,TAM,2003,3,31
TAM,TAM,2003,4,1
TAM,TAM,2003,4,5
TAM,TAM,2003,4,6
TAM,TAM,2003,4,7
TAM,TAM,2003,4,8
TAM,TAM,2003,4,12
TAM,TAM,2003,4,13
TAM,TAM,2003,4,14
TAM,TAM,2003,4,15
TAM,TAM,2003,4,19
TAM,TAM,2003,4,21
TAM,TAM,2003,4,22
TAM,TAM,2003,4,26
TAM,TAM,2003,4,27
TAM,TAM,2003,4,29
TAM,TAM,2003,5,3
TAM,TAM,2003,5,4
TAM,TAM,2003,12,13
TAM,TAM,2003,12,14
TAM,TAM,2003,12,16
TAM,TAM,2003,12,20
TAM,TAM,2003,12,21
TAM,TAM,2003,12,23
TAM,TAM,2003,12,26
TAM,TAM,2003,12,27
TAM,TAM,2003,12,28
TAM,TAM,2003,12,30
TAM,TAM,2004,1,1
TAM,TAM,2004,1,2
TAM,TAM,2004,1,3
TAM,TAM,2004,1,4
TAM,TAM,2004,1,5
TAM,TAM,2004,1,6
TAM,TAM,2004,1,8
TAM,TAM,2004,1,9
TAM,TAM,2004,1,10
TAM,TAM,2004,1,11
TAM,TAM,2004,1,12
TAM,TAM,2004,1,13
TAM,TAM,2004,1,15
TAM,TAM,2004,1,16
TAM,TAM,2004,1,17
TAM,TAM,2004,1,18
TAM,TAM,2004,1,20
TAM,TAM,2004,1,22
TAM,TAM,2004,1,23
TAM,TAM,2004,1,24
TAM,TAM,2004,1,25
TAM,TAM,2004,1,26
TAM,TAM,2004,1,27
TAM,TAM,2004,1,29
TAM,TAM,2004,1,30
TAM,TAM,2004,1,31
TAM,TAM,2004,2,1
TAM,TAM,2004,2,3
TAM,TAM,2004,2,5
TAM,TAM,2004,2,6
TAM,TAM,2004,2,7
TAM,TAM,2004,2,8
TAM,TAM,2004,2,10
TAM,TAM,2004,2,12
TAM,TAM,2004,2,13
TAM,TAM,2004,2,14
TAM,TAM,2004,2,15
TAM,TAM,2004,2,17
TAM,TAM,2004,2,19
TAM,TAM,2004,2,20
TAM,TAM,2004,2,21
TAM,TAM,2004,2,22
TAM,TAM,2004,2,24
TAM,TAM,2004,2,26
TAM,TAM,2004,2,27
TAM,TAM,2004,2,28
TAM,TAM,2004,2,29
TAM,TAM,2004,3,2
TAM,TAM,2004,3,4
TAM,TAM,2004,3,5
TAM,TAM,2004,3,6
TAM,TAM,2004,3,7
TAM,TAM,2004,3,9
TAM,TAM,2004,3,11
TAM,TAM,2004,3,12
TAM,TAM,2004,3,13
TAM,TAM,2004,3,14
TAM,TAM,2004,3,16
TAM,TAM,2004,3,18
TAM,TAM,2004,3,19
TAM,TAM,2004,3,20
TAM,TAM,2004,3,21
TAM,TAM,2004,3,23
TAM,TAM,2004,3,25
TAM,TAM,2004,3,27
TAM,TAM,2004,3,28
TAM,TAM,2004,3,30
TAM,TAM,2004,4,3
TAM,TAM,2004,4,4
TAM,TAM,2004,4,5
TAM,TAM,2004,4,6
TAM,TAM,2004,4,10
TAM,TAM,2004,4,12
TAM,TAM,2004,4,13
TAM,TAM,2004,4,17
TAM,TAM,2004,4,18
TAM,TAM,2004,4,19
TAM,TAM,2004,4,20
TAM,TAM,2004,4,24
TAM,TAM,2004,4,25
TAM,TAM,2004,4,27
TAM,TAM,2004,5,1
TAM,TAM,2004,5,2
TAM,TAM,2004,12,11
TAM,TAM,2004,12,12
TAM,TAM,2004,12,14
TAM,TAM,2004,12,18
TAM,TAM,2004,12,19
TAM,TAM,2004,12,21
TAM,TAM,2004,12,26
TAM,TAM,2004,12,28
TAM,TAM,2004,12,31
TAM,TAM,2005,1,1
TAM,TAM,2005,1,2
TAM,TAM,2005,1,4
TAM,TAM,2005,1,5
TAM,TAM,2005,1,6
TAM,TAM,2005,1,7
TAM,TAM,2005,1,8
TAM,TAM,2005,1,9
TAM,TAM,2005,1,11
TAM,TAM,2005,1,12
TAM,TAM,2005,1,13
TAM,TAM,2005,1,14
TAM,TAM,2005,1,15
TAM,TAM,2005,1,16
TAM,TAM,2005,1,18
TAM,TAM,2005,1,19
TAM,TAM,2005,1,20
TAM,TAM,2005,1,21
TAM,TAM,2005,1,22
TAM,TAM,2005,1,23
TAM,TAM,2005,1,25
TAM,TAM,2005,1,26
TAM,TAM,2005,1,27
TAM,TAM,2005,1,28
TAM,TAM,2005,1,29
TAM,TAM,2005,1,30
TAM,TAM,2005,2,1
TAM,TAM,2005,2,3
TAM,TAM,2005,2,4
TAM,TAM,2005,2,5
TAM,TAM,2005,2,6
TAM,TAM,2005,2,8
TAM,TAM,2005,2,10
TAM,TAM,2005,2,11
TAM,TAM,2005,2,12
TAM,TAM,2005,2,13
TAM,TAM,2005,2,15
TAM,TAM,2005,2,17
TAM,TAM,2005,2,18
TAM,TAM,2005,2,19
TAM,TAM,2005,2,20
TAM,TAM,2005,2,22
TAM,TAM,2005,2,24
TAM,TAM,2005,2,25
TAM,TAM,2005,2,26
TAM,TAM,2005,2,27
TAM,TAM,2005,3,1
TAM,TAM,2005,3,3
TAM,TAM,2005,3,4
TAM,TAM,2005,3,5
TAM,TAM,2005,3,6
TAM,TAM,2005,3,8
TAM,TAM,2005,3,10
TAM,TAM,2005,3,11
TAM,TAM,2005,3,12
TAM,TAM,2005,3,13
TAM,TAM,2005,3,15
TAM,TAM,2005,3,17
TAM,TAM,2005,3,18
TAM,TAM,2005,3,19
TAM,TAM,2005,3,20
TAM,TAM,2005,3,22
TAM,TAM,2005,3,24
TAM,TAM,2005,3,25
TAM,TAM,2005,3,26
TAM,TAM,2005,3,29
TAM,TAM,2005,4,2
TAM,TAM,2005,4,3
TAM,TAM,2005,4,4
TAM,TAM,2005,4,5
TAM,TAM,2005,4,9
TAM,TAM,2005,4,10
TAM,TAM,2005,4,11
TAM,TAM,2005,4,12
TAM,TAM,2005,4,16
TAM,TAM,2005,4,17
TAM,TAM,2005,4,18
TAM,TAM,2005,4,19
TAM,TAM,2005,4,23
TAM,TAM,2005,4,24
TAM,TAM,2005,4,25
TAM,TAM,2005,4,30
TAM,TAM,2005,5,1
TAM,TAM,2005,5,7
TAM,TAM,2005,5,8
TAM,TAM,2005,12,10
TAM,TAM,2005,12,11
TAM,TAM,2005,12,13
TAM,TAM,2005,12,17
TAM,TAM,2005,12,18
TAM,TAM,2005,12,20
TAM,TAM,2005,12,23
TAM,TAM,2005,12,27
TAM,TAM,2005,12,30
TAM,TAM,2005,12,31
TAM,TAM,2006,1,1
TAM,TAM,2006,1,3
TAM,TAM,2006,1,5
TAM,TAM,2006,1,6
TAM,TAM,2006,1,7
TAM,TAM,2006,1,8
TAM,TAM,2006,1,9
TAM,TAM,2006,1,10
TAM,TAM,2006,1,12
TAM,TAM,2006,1,13
TAM,TAM,2006,1,14
TAM,TAM,2006,1,15
TAM,TAM,2006,1,17
TAM,TAM,2006,1,19
TAM,TAM,2006,1,20
TAM,TAM,2006,1,21
TAM,TAM,2006,1,22
TAM,TAM,2006,1,23
TAM,TAM,2006,1,24
TAM,TAM,2006,1,26
TAM,TAM,2006,1,27
TAM,TAM,2006,1,28
TAM,TAM,2006,1,29
TAM,TAM,2006,1,30
TAM,TAM,2006,1,31
TAM,TAM,2006,2,2
TAM,TAM,2006,2,4
TAM,TAM,2006,2,5
TAM,TAM,2006,2,7
TAM,TAM,2006,2,9
TAM,TAM,2006,2,10
TAM,TAM,2006,2,11
TAM,TAM,2006,2,12
TAM,TAM,2006,2,14
TAM,TAM,2006,2,16
TAM,TAM,2006,2,17
TAM,TAM,2006,2,18
TAM,TAM,2006,2,19
TAM,TAM,2006,2,21
TAM,TAM,2006,2,23
TAM,TAM,2006,2,24
TAM,TAM,2006,2,25
TAM,TAM,2006,2,26
TAM,TAM,2006,2,28
TAM,TAM,2006,3,2
TAM,TAM,2006,3,3
TAM,TAM,2006,3,4
TAM,TAM,2006,3,5
TAM,TAM,2006,3,7
TAM,TAM,2006,3,9
TAM,TAM,2006,3,10
TAM,TAM,2006,3,11
TAM,TAM,2006,3,12
TAM,TAM,2006,3,14
TAM,TAM,2006,3,16
TAM,TAM,2006,3,17
TAM,TAM,2006,3,18
TAM,TAM,2006,3,19
TAM,TAM,2006,3,21
TAM,TAM,2006,3,23
TAM,TAM,2006,3,24
TAM,TAM,2006,3,25
TAM,TAM,2006,3,26
TAM,TAM,2006,3,28
TAM,TAM,2006,3,31
TAM,TAM,2006,4,1
TAM,TAM,2006,4,2
TAM,TAM,2006,4,3
TAM,TAM,2006,4,4
TAM,TAM,2006,4,7
TAM,TAM,2006,4,8
TAM,TAM,2006,4,9
TAM,TAM,2006,4,10
TAM,TAM,2006,4,11
TAM,TAM,2006,4,15
TAM,TAM,2006,4,17
TAM,TAM,2006,4,18
TAM,TAM,2006,4,22
TAM,TAM,2006,4,23
TAM,TAM,2006,4,24
TAM,TAM,2006,4,29
TAM,TAM,2006,4,30
TAM,TAM,2006,5,6
TAM,TAM,2006,5,7
TAM,TAM,2006,12,9
TAM,TAM,2006,12,12
TAM,TAM,2006,12,16
TAM,TAM,2006,12,17
TAM,TAM,2006,12,19
TAM,TAM,2006,12,22
TAM,TAM,2006,12,23
TAM,TAM,2006,12,26
TAM,TAM,2006,12,29
TAM,TAM,2006,12,30
TAM,TAM,2006,12,31
TAM,TAM,2007,1,3
TAM,TAM,2007,1,4
TAM,TAM,2007,1,5
TAM,TAM,2007,1,6
TAM,TAM,2007,1,7
TAM,TAM,2007,1,9
TAM,TAM,2007,1,11
TAM,TAM,2007,1,12
TAM,TAM,2007,1,13
TAM,TAM,2007,1,14
TAM,TAM,2007,1,16
TAM,TAM,2007,1,17
TAM,TAM,2007,1,18
TAM,TAM,2007,1,19
TAM,TAM,2007,1,20
TAM,TAM,2007,1,21
TAM,TAM,2007,1,23
TAM,TAM,2007,1,25
TAM,TAM,2007,1,26
TAM,TAM,2007,1,27
TAM,TAM,2007,1,28
TAM,TAM,2007,1,30
TAM,TAM,2007,2,1
TAM,TAM,2007,2,2
TAM,TAM,2007,2,3
TAM,TAM,2007,2,4
TAM,TAM,2007,2,6
TAM,TAM,2007,2,8
TAM,TAM,2007,2,9
TAM,TAM,2007,2,10
TAM,TAM,2007,2,11
TAM,TAM,2007,2,13
TAM,TAM,2007,2,15
TAM,TAM,2007,2,16
TAM,TAM,2007,2,17
TAM,TAM,2007,2,18
TAM,TAM,2007,2,20
TAM,TAM,2007,2,21
TAM,TAM,2007,2,22
TAM,TAM,2007,2,23
TAM,TAM,2007,2,24
TAM,TAM,2007,2,25
TAM,TAM,2007,2,27
TAM,TAM,2007,3,1
TAM,TAM,2007,3,2
TAM,TAM,2007,3,3
TAM,TAM,2007,3,4
TAM,TAM,2007,3,6
TAM,TAM,2007,3,8
TAM,TAM,2007,3,9
TAM,TAM,2007,3,10
TAM,TAM,2007,3,11
TAM,TAM,2007,3,13
TAM,TAM,2007,3,15
TAM,TAM,2007,3,16
TAM,TAM,2007,3,17
TAM,TAM,2007,3,18
TAM,TAM,2007,3,20
TAM,TAM,2007,3,22
TAM,TAM,2007,3,23
TAM,TAM,2007,3,24
TAM,TAM,2007,3,25
TAM,TAM,2007,3,27
TAM,TAM,2007,3,30
TAM,TAM,2007,3,31
TAM,TAM,2007,4,1
TAM,TAM,2007,4,2
TAM,TAM,2007,4,3
TAM,TAM,2007,4,7
TAM,TAM,2007,4,9
TAM,TAM,2007,4,10
TAM,TAM,2007,4,14
TAM,TAM,2007,4,15
TAM,TAM,2007,4,16
TAM,TAM,2007,4,17
TAM,TAM,2007,4,21
TAM,TAM,2007,4,22
TAM,TAM,2007,4,23
TAM,TAM,2007,4,24
TAM,TAM,2007,4,28
TAM,TAM,2007,4,29
TAM,TAM,2007,5,5
TAM,TAM,2007,5,6
TAM,TAM,2007,12,8
TAM,TAM,2007,12,11
TAM,TAM,2007,12,15
TAM,TAM,2007,12,18
TAM,TAM,2007,12,21
TAM,TAM,2007,12,22
TAM,TAM,2007,12,26
TAM,TAM,2007,12,27
TAM,TAM,2007,12,28
TAM,TAM,2007,12,29
TAM,TAM,2007,12,30
TAM,TAM,2008,1,3
TAM,TAM,2008,1,4
TAM,TAM,2008,1,5
TAM,TAM,2008,1,6
TAM,TAM,2008,1,8
TAM,TAM,2008,1,10
TAM,TAM,2008,1,11
TAM,TAM,2008,1,12
TAM,TAM,2008,1,13
TAM,TAM,2008,1,15
TAM,TAM,2008,1,17
TAM,TAM,2008,1,18
TAM,TAM,2008,1,19
TAM,TAM,2008,1,20
TAM,TAM,2008,1,22
TAM,TAM,2008,1,23
TAM,TAM,2008,1,24
TAM,TAM,2008,1,25
TAM,TAM,2008,1,26
TAM,TAM,2008,1,27
TAM,TAM,2008,1,29
TAM,TAM,2008,1,31
TAM,TAM,2008,2,1
TAM,TAM,2008,2,2
TAM,TAM,2008,2,3
TAM,TAM,2008,2,5
TAM,TAM,2008,2,7
TAM,TAM,2008,2,8
TAM,TAM,2008,2,9
TAM,TAM,2008,2,10
TAM,TAM,2008,2,12
TAM,TAM,2008,2,14
TAM,TAM,2008,2,15
TAM,TAM,2008,2,16
TAM,TAM,2008,2,17
TAM,TAM,2008,2,19
TAM,TAM,2008,2,20
TAM,TAM,2008,2,21
TAM,TAM,2008,2,22
TAM,TAM,2008,2,23
TAM,TAM,2008,2,24
TAM,TAM,2008,2,26
TAM,TAM,2008,2,28
TAM,TAM,2008,2,29
TAM,TAM,2008,3,1
TAM,TAM,2008,3,2
TAM,TAM,2008,3,4
TAM,TAM,2008,3,6
TAM,TAM,2008,3,7
TAM,TAM,2008,3,8
TAM,TAM,2008,3,9
TAM,TAM,2008,3,11
TAM,TAM,2008,3,14
TAM,TAM,2008,3,15
TAM,TAM,2008,3,16
TAM,TAM,2008,3,18
TAM,TAM,2008,3,19
TAM,TAM,2008,3,21
TAM,TAM,2008,3,22
TAM,TAM,2008,3,25
TAM,TAM,2008,3,26
TAM,TAM,2008,3,28
TAM,TAM,2008,3,29
TAM,TAM,2008,3,30
TAM,TAM,2008,4,1
TAM,TAM,2008,4,2
TAM,TAM,2008,4,5
TAM,TAM,2008,4,6
TAM,TAM,2008,4,8
TAM,TAM,2008,4,9
TAM,TAM,2008,4,12
TAM,TAM,2008,4,13
TAM,TAM,2008,4,15
TAM,TAM,2008,4,16
TAM,TAM,2008,4,19
TAM,TAM,2008,4,20
TAM,TAM,2008,4,22
TAM,TAM,2008,4,23
TAM,TAM,2008,4,26
TAM,TAM,2008,4,27
TAM,TAM,2008,4,29
TAM,TAM,2008,5,3
TAM,TAM,2008,5,4
TAM,TAM,2008,12,13
TAM,TAM,2008,12,17
TAM,TAM,2008,12,18
TAM,TAM,2008,12,19
TAM,TAM,2008,12,20
TAM,TAM,2008,12,23
TAM,TAM,2008,12,26
TAM,TAM,2008,12,27
TAM,TAM,2008,12,30
TAM,TAM,2008,12,31
TAM,TAM,2009,1,2
TAM,TAM,2009,1,3
TAM,TAM,2009,1,4
TAM,TAM,2009,1,6
TAM,TAM,2009,1,8
TAM,TAM,2009,1,9
TAM,TAM,2009,1,10
TAM,TAM,2009,1,11
TAM,TAM,2009,1,13
TAM,TAM,2009,1,15
TAM,TAM,2009,1,16
TAM,TAM,2009,1,17
TAM,TAM,2009,1,18
TAM,TAM,2009,1,20
TAM,TAM,2009,1,21
TAM,TAM,2009,1,22
TAM,TAM,2009,1,23
TAM,TAM,2009,1,24
TAM,TAM,2009,1,25
TAM,TAM,2009,1,27
TAM,TAM,2009,1,29
TAM,TAM,2009,1,30
TAM,TAM,2009,1,31
TAM,TAM,2009,2,1
TAM,TAM,2009,2,3
TAM,TAM,2009,2,5
TAM,TAM,2009,2,6
TAM,TAM,2009,2,7
TAM,TAM,2009,2,8
TAM,TAM,2009,2,10
TAM,TAM,2009,2,12
TAM,TAM,2009,2,13
TAM,TAM,2009,2,14
TAM,TAM,2009,2,15
TAM,TAM,2009,2,17
TAM,TAM,2009,2,18
TAM,TAM,2009,2,19
TAM,TAM,2009,2,20
TAM,TAM,2009,2,21
TAM,TAM,2009,2,22
TAM,TAM,2009,2,24
TAM,TAM,2009,2,26
TAM,TAM,2009,2,27
TAM,TAM,2009,2,28
TAM,TAM,2009,3,1
TAM,TAM,2009,3,3
TAM,TAM,2009,3,5
TAM,TAM,2009,3,6
TAM,TAM,2009,3,7
TAM,TAM,2009,3,8
TAM,TAM,2009,3,10
TAM,TAM,2009,3,12
TAM,TAM,2009,3,13
TAM,TAM,2009,3,14
TAM,TAM,2009,3,15
TAM,TAM,2009,3,17
TAM,TAM,2009,3,18
TAM,TAM,2009,3,20
TAM,TAM,2009,3,21
TAM,TAM,2009,3,22
TAM,TAM,2009,3,24
TAM,TAM,2009,3,25
TAM,TAM,2009,3,27
TAM,TAM,2009,3,28
TAM,TAM,2009,3,29
TAM,TAM,2009,3,31
TAM,TAM,2009,4,1
TAM,TAM,2009,4,3
TAM,TAM,2009,4,4
TAM,TAM,2009,4,5
TAM,TAM,2009,4,7
TAM,TAM,2009,4,8
TAM,TAM,2009,4,11
TAM,TAM,2009,4,14
TAM,TAM,2009,4,15
TAM,TAM,2009,4,18
TAM,TAM,2009,4,19
TAM,TAM,2009,4,21
TAM,TAM,2009,4,22
TAM,TAM,2009,4,25
TAM,TAM,2009,4,26
TAM,TAM,2009,4,28
TAM,TAM,2009,5,2
TAM,TAM,2009,5,3
TAM,TAM,2009,12,12
TAM,TAM,2009,12,16
TAM,TAM,2009,12,17
TAM,TAM,2009,12,18
TAM,TAM,2009,12,19
TAM,TAM,2009,12,23
TAM,TAM,2009,12,26
TAM,TAM,2009,12,27
TAM,TAM,2009,12,30
TAM,TAM,2009,12,31
TAM,TAM,2010,1,2
TAM,TAM,2010,1,3
TAM,TAM,2010,1,6
TAM,TAM,2010,1,7
TAM,TAM,2010,1,8
TAM,TAM,2010,1,9
TAM,TAM,2010,1,10
TAM,TAM,2010,1,13
TAM,TAM,2010,1,14
TAM,TAM,2010,1,15
TAM,TAM,2010,1,16
TAM,TAM,2010,1,17
TAM,TAM,2010,1,20
TAM,TAM,2010,1,21
TAM,TAM,2010,1,22
TAM,TAM,2010,1,23
TAM,TAM,2010,1,24
TAM,TAM,2010,1,27
TAM,TAM,2010,1,28
TAM,TAM,2010,1,29
TAM,TAM,2010,1,30
TAM,TAM,2010,1,31
TAM,TAM,2010,2,3
TAM,TAM,2010,2,4
TAM,TAM,2010,2,5
TAM,TAM,2010,2,6
TAM,TAM,2010,2,7
TAM,TAM,2010,2,10
TAM,TAM,2010,2,11
TAM,TAM,2010,2,12
TAM,TAM,2010,2,13
TAM,TAM,2010,2,14
TAM,TAM,2010,2,17
TAM,TAM,2010,2,18
TAM,TAM,2010,2,19
TAM,TAM,2010,2,20
TAM,TAM,2010,2,21
TAM,TAM,2010,2,24
TAM,TAM,2010,2,25
TAM,TAM,2010,2,26
TAM,TAM,2010,2,27
TAM,TAM,2010,2,28
TAM,TAM,2010,3,3
TAM,TAM,2010,3,4
TAM,TAM,2010,3,5
TAM,TAM,2010,3,6
TAM,TAM,2010,3,7
TAM,TAM,2010,3,10
TAM,TAM,2010,3,11
TAM,TAM,2010,3,12
TAM,TAM,2010,3,13
TAM,TAM,2010,3,14
TAM,TAM,2010,3,17
TAM,TAM,2010,3,18
TAM,TAM,2010,3,19
TAM,TAM,2010,3,20
TAM,TAM,2010,3,21
TAM,TAM,2010,3,24
TAM,TAM,2010,3,25
TAM,TAM,2010,3,26
TAM,TAM,2010,3,27
TAM,TAM,2010,3,28
TAM,TAM,2010,3,31
TAM,TAM,2010,4,2
TAM,TAM,2010,4,3
TAM,TAM,2010,4,7
TAM,TAM,2010,4,9
TAM,TAM,2010,4,10
TAM,TAM,2010,4,11
TAM,TAM,2010,4,14
TAM,TAM,2010,4,16
TAM,TAM,2010,4,17
TAM,TAM,2010,4,18
TAM,TAM,2010,4,21
TAM,TAM,2010,4,23
TAM,TAM,2010,4,24
TAM,TAM,2010,4,25
TAM,TAM,2010,4,28
TAM,TAM,2010,4,30
TAM,TAM,2010,5,1
TAM,TAM,2010,5,2
TAM,TAM,2010,12,11
TAM,TAM,2010,12,15
TAM,TAM,2010,12,17
TAM,TAM,2010,12,18
TAM,TAM,2010,12,22
TAM,TAM,2010,12,23
TAM,TAM,2010,12,26
TAM,TAM,2010,12,29
TAM,TAM,2010,12,30
TAM,TAM,2010,12,31
TAM,TAM,2011,1,1
TAM,TAM,2011,1,2
TAM,TAM,2011,1,5
TAM,TAM,2011,1,7
TAM,TAM,2011,1,8
TAM,TAM,2011,1,9
TAM,TAM,2011,1,12
TAM,TAM,2011,1,13
TAM,TAM,2011,1,14
TAM,TAM,2011,1,15
TAM,TAM,2011,1,16
TAM,TAM,2011,1,19
TAM,TAM,2011,1,20
TAM,TAM,2011,1,21
TAM,TAM,2011,1,22
TAM,TAM,2011,1,23
TAM,TAM,2011,1,26
TAM,TAM,2011,1,27
TAM,TAM,2011,1,28
TAM,TAM,2011,1,29
TAM,TAM,2011,1,30
TAM,TAM,2011,2,2
TAM,TAM,2011,2,3
TAM,TAM,2011,2,4
TAM,TAM,2011,2,5
TAM,TAM,2011,2,6
TAM,TAM,2011,2,9
TAM,TAM,2011,2,10
TAM,TAM,2011,2,11
TAM,TAM,2011,2,12
TAM,TAM,2011,2,13
TAM,TAM,2011,2,16
TAM,TAM,2011,2,17
TAM,TAM,2011,2,18
TAM,TAM,2011,2,19
TAM,TAM,2011,2,20
TAM,TAM,2011,2,23
TAM,TAM,2011,2,24
TAM,TAM,2011,2,25
TAM,TAM,2011,2,26
TAM,TAM,2011,2,27
TAM,TAM,2011,3,2
TAM,TAM,2011,3,3
TAM,TAM,2011,3,4
TAM,TAM,2011,3,5
TAM,TAM,2011,3,6
TAM,TAM,2011,3,9
TAM,TAM,2011,3,11
TAM,TAM,2011,3,12
TAM,TAM,2011,3,13
TAM,TAM,2011,3,16
TAM,TAM,2011,3,18
TAM,TAM,2011,3,19
TAM,TAM,2011,3,20
TAM,TAM,2011,3,23
TAM,TAM,2011,3,25
TAM,TAM,2011,3,26
TAM,TAM,2011,3,27
TAM,TAM,2011,3,30
TAM,TAM,2011,4,1
TAM,TAM,2011,4,2
TAM,TAM,2011,4,3
TAM,TAM,2011,4,6
TAM,TAM,2011,4,8
TAM,TAM,2011,4,9
TAM,TAM,2011,4,10
TAM,TAM,2011,4,13
TAM,TAM,2011,4,15
TAM,TAM,2011,4,16
TAM,TAM,2011,4,17
TAM,TAM,2011,4,20
TAM,TAM,2011,4,22
TAM,TAM,2011,4,23
TAM,TAM,2011,4,27
TAM,TAM,2011,4,29
TAM,TAM,2011,4,30
TAM,TAM,2011,5,1
TAM,TAM,2011,5,6
TAM,TAM,2011,5,7
TAM,TAM,2011,5,8
TAM,TAM,2011,12,3
TAM,TAM,2011,12,7
TAM,TAM,2011,12,9
TAM,TAM,2011,12,10
TAM,TAM,2011,12,14
TAM,TAM,2011,12,16
TAM,TAM,2011,12,17
TAM,TAM,2011,12,21
TAM,TAM,2011,12,22
TAM,TAM,2011,12,23
TAM,TAM,2011,12,28
TAM,TAM,2011,12,29
TAM,TAM,2011,12,30
TAM,TAM,2011,12,31
TAM,TAM,2012,1,4
TAM,TAM,2012,1,6
TAM,TAM,2012,1,7
TAM,TAM,2012,1,8
TAM,TAM,2012,1,11
TAM,TAM,2012,1,13
TAM,TAM,2012,1,14
TAM,TAM,2012,1,15
TAM,TAM,2012,1,18
TAM,TAM,2012,1,19
TAM,TAM,2012,1,20
TAM,TAM,2012,1,21
TAM,TAM,2012,1,22
TAM,TAM,2012,1,25
TAM,TAM,2012,1,26
TAM,TAM,2012,1,27
TAM,TAM,2012,1,28
TAM,TAM,2012,1,29
TAM,TAM,2012,2,1
TAM,TAM,2012,2,2
TAM,TAM,2012,2,3
TAM,TAM,2012,2,4
TAM,TAM,2012,2,5
TAM,TAM,2012,2,8
TAM,TAM,2012,2,9
TAM,TAM,2012,2,10
TAM,TAM,2012,2,11
TAM,TAM,2012,2,12
TAM,TAM,2012,2,15
TAM,TAM,2012,2,16
TAM,TAM,2012,2,17
TAM,TAM,2012,2,18
TAM,TAM,2012,2,19
TAM,TAM,2012,2,22
TAM,TAM,2012,2,23
TAM,TAM,2012,2,24
TAM,TAM,2012,2,25
TAM,TAM,2012,2,26
TAM,TAM,2012,2,29
TAM,TAM,2012,3,1
TAM,TAM,2012,3,2
TAM,TAM,2012,3,3
TAM,TAM,2012,3,4
TAM,TAM,2012,3,7
TAM,TAM,2012,3,9
TAM,TAM,2012,3,10
TAM,TAM,2012,3,11
TAM,TAM,2012,3,14
TAM,TAM,2012,3,15
TAM,TAM,2012,3,16
TAM,TAM,2012,3,17
TAM,TAM,2012,3,18
TAM,TAM,2012,3,21
TAM,TAM,2012,3,23
TAM,TAM,2012,3,24
TAM,TAM,2012,3,25
TAM,TAM,2012,3,28
TAM,TAM,2012,3,30
TAM,TAM,2012,3,31
TAM,TAM,2012,4,1
TAM,TAM,2012,4,4
TAM,TAM,2012,4,6
TAM,TAM,2012,4,7
TAM,TAM,2012,4,11
TAM,TAM,2012,4,13
TAM,TAM,2012,4,14
TAM,TAM,2012,4,15
TAM,TAM,2012,4,18
TAM,TAM,2012,4,20
TAM,TAM,2012,4,21
TAM,TAM,2012,4,22
TAM,TAM,2012,4,25
TAM,TAM,2012,4,27
TAM,TAM,2012,4,28
TAM,TAM,2012,4,29
TAM,TAM,2012,5,4
TAM,TAM,2012,5,5
TAM,TAM,2012,5,6
TAM,TAM,2012,12,1
TAM,TAM,2012,12,5
TAM,TAM,2012,12,7
TAM,TAM,2012,12,8
TAM,TAM,2012,12,12
TAM,TAM,2012,12,14
TAM,TAM,2012,12,15
TAM,TAM,2012,12,19
TAM,TAM,2012,12,21
TAM,TAM,2012,12,22
TAM,TAM,2012,12,23
TAM,TAM,2012,12,26
TAM,TAM,2012,12,28
TAM,TAM,2012,12,29
TAM,TAM,2012,12,30
TAM,TAM,2013,1,2
TAM,TAM,2013,1,4
TAM,TAM,2013,1,5
TAM,TAM,2013,1,6
TAM,TAM,2013,1,9
TAM,TAM,2013,1,11
TAM,TAM,2013,1,12
TAM,TAM,2013,1,13
TAM,TAM,2013,1,16
TAM,TAM,2013,1,18
TAM,TAM,2013,1,19
TAM,TAM,2013,1,20
TAM,TAM,2013,1,23
TAM,TAM,2013,1,24
TAM,TAM,2013,1,25
TAM,TAM,2013,1,26
TAM,TAM,2013,1,27
TAM,TAM,2013,1,30
TAM,TAM,2013,1,31
TAM,TAM,2013,2,1
TAM,TAM,2013,2,2
TAM,TAM,2013,2,3
TAM,TAM,2013,2,6
TAM,TAM,2013,2,7
TAM,TAM,2013,2,8
TAM,TAM,2013,2,9
TAM,TAM,2013,2,10
TAM,TAM,2013,2,13
TAM,TAM,2013,2,14
TAM,TAM,2013,2,15
TAM,TAM,2013,2,16
TAM,TAM,2013,2,17
TAM,TAM,2013,2,20
TAM,TAM,2013,2,21
TAM,TAM,2013,2,22
TAM,TAM,2013,2,23
TAM,TAM,2013,2,24
TAM,TAM,2013,2,27
TAM,TAM,2013,2,28
TAM,TAM,2013,3,1
TAM,TAM,2013,3,2
TAM,TAM,2013,3,3
TAM,TAM,2013,3,6
TAM,TAM,2013,3,8
TAM,TAM,2013,3,9
TAM,TAM,2013,3,10
TAM,TAM,2013,3,13
TAM,TAM,2013,3,15
TAM,TAM,2013,3,16
TAM,TAM,2013,3,17
TAM,TAM,2013,3,20
TAM,TAM,2013,3,22
TAM,TAM,2013,3,23
TAM,TAM,2013,3,24
TAM,TAM,2013,3,27
TAM,TAM,2013,3,29
TAM,TAM,2013,3,30
TAM,TAM,2013,4,3
TAM,TAM,2013,4,5
TAM,TAM,2013,4,6
TAM,TAM,2013,4,7
TAM,TAM,2013,4,10
TAM,TAM,2013,4,12
TAM,TAM,2013,4,13
TAM,TAM,2013,4,14
TAM,TAM,2013,4,17
TAM,TAM,2013,4,19
TAM,TAM,2013,4,20
TAM,TAM,2013,4,21
TAM,TAM,2013,4,24
TAM,TAM,2013,4,26
TAM,TAM,2013,4,27
TAM,TAM,2013,4,28
TAM,TAM,2013,5,3
TAM,TAM,2013,5,4
TAM,TAM,2013,5,5
TAM,TAM,2013,12,4
TAM,TAM,2013,12,6
TAM,TAM,2013,12,7
TAM,TAM,2013,12,11
TAM,TAM,2013,12,13
TAM,TAM,2013,12,14
TAM,TAM,2013,12,18
TAM,TAM,2013,12,20
TAM,TAM,2013,12,21
TAM,TAM,2013,12,22
TAM,TAM,2013,12,26
TAM,TAM,2013,12,27
TAM,TAM,2013,12,28
TAM,TAM,2013,12,29
TAM,TAM,2014,1,1
TAM,TAM,2014,1,3
TAM,TAM,2014,1,4
TAM,TAM,2014,1,5
TAM,TAM,2014,1,8
TAM,TAM,2014,1,10
TAM,TAM,2014,1,11
TAM,TAM,2014,1,12
TAM,TAM,2014,1,15
TAM,TAM,2014,1,17
TAM,TAM,2014,1,18
TAM,TAM,2014,1,19
TAM,TAM,2014,1,22
TAM,TAM,2014,1,24
TAM,TAM,2014,1,25
TAM,TAM,2014,1,26
TAM,TAM,2014,1,29
TAM,TAM,2014,1,31
TAM,TAM,2014,2,1
TAM,TAM,2014,2,2
TAM,TAM,2014,2,5
TAM,TAM,2014,2,6
TAM,TAM,2014,2,7
TAM,TAM,2014,2,8
TAM,TAM,2014,2,9
TAM,TAM,2014,2,12
TAM,TAM,2014,2,13
TAM,TAM,2014,2,14
TAM,TAM,2014,2,15
TAM,TAM,2014,2,16
TAM,TAM,2014,2,19
TAM,TAM,2014,2,20
TAM,TAM,2014,2,21
TAM,TAM,2014,2,22
TAM,TAM,2014,2,23
TAM,TAM,2014,2,26
TAM,TAM,2014,2,27
TAM,TAM,2014,2,28
TAM,TAM,2014,3,1
TAM,TAM,2014,3,2
TAM,TAM,2014,3,5
TAM,TAM,2014,3,7
TAM,TAM,2014,3,8
TAM,TAM,2014,3,9
TAM,TAM,2014,3,12
TAM,TAM,2014,3,14
TAM,TAM,2014,3,15
TAM,TAM,2014,3,16
TAM,TAM,2014,3,19
TAM,TAM,2014,3,21
TAM,TAM,2014,3,22
TAM,TAM,2014,3,23
TAM,TAM,2014,3,26
TAM,TAM,2014,3,28
TAM,TAM,2014,3,29
TAM,TAM,2014,3,30
TAM,TAM,2014,4,2
TAM,TAM,2014,4,4
TAM,TAM,2014,4,5
TAM,TAM,2014,4,6
TAM,TAM,2014,4,9
TAM,TAM,2014,4,11
TAM,TAM,2014,4,12
TAM,TAM,2014,4,13
TAM,TAM,2014,4,16
TAM,TAM,2014,4,18
TAM,TAM,2014,4,19
TAM,TAM,2014,4,23
TAM,TAM,2014,4,25
TAM,TAM,2014,4,26
TAM,TAM,2014,4,27
TAM,TAM,2014,4,30
TAM,TAM,2014,5,2
TAM,TAM,2014,5,3
TAM,TAM,2014,5,4
TAM,TAM,2014,6,30
TAM,TAM,2014,7,1
TAM,TAM,2014,11,29
TAM,TAM,2014,12,3
TAM,TAM,2014,12,5
TAM,TAM,2014,12,6
TAM,TAM,2014,12,10
TAM,TAM,2014,12,12
TAM,TAM,2014,12,13
TAM,TAM,2014,12,17
TAM,TAM,2014,12,19
TAM,TAM,2014,12,20
TAM,TAM,2014,12,21
TAM,TAM,2014,12,26
TAM,TAM,2014,12,27
TAM,TAM,2014,12,28
TAM,TAM,2014,12,31
TAM,TAM,2015,1,2
TAM,TAM,2015,1,3
TAM,TAM,2015,1,4
TAM,TAM,2015,1,7
TAM,TAM,2015,1,9
TAM,TAM,2015,1,10
TAM,TAM,2015,1,11
TAM,TAM,2015,1,14
TAM,TAM,2015,1,16
TAM,TAM,2015,1,17
TAM,TAM,2015,1,18
TAM,TAM,2015,1,21
TAM,TAM,2015,1,23
TAM,TAM,2015,1,24
TAM,TAM,2015,1,25
TAM,TAM,2015,1,28
TAM,TAM,2015,1,30
TAM,TAM,2015,1,31
TAM,TAM,2015,2,1
TAM,TAM,2015,2,4
TAM,TAM,2015,2,5
TAM,TAM,2015,2,6
TAM,TAM,2015,2,7
TAM,TAM,2015,2,8
TAM,TAM,2015,2,11
TAM,TAM,2015,2,12
TAM,TAM,2015,2,13
TAM,TAM,2015,2,14
TAM,TAM,2015,2,15
TAM,TAM,2015,2,18
TAM,TAM,2015,2,19
TAM,TAM,2015,2,20
TAM,TAM,2015,2,21
TAM,TAM,2015,2,22
TAM,TAM,2015,2,25
TAM,TAM,2015,2,26
TAM,TAM,2015,2,27
TAM,TAM,2015,2,28
TAM,TAM,2015,3,1
TAM,TAM,2015,3,4
TAM,TAM,2015,3,6
TAM,TAM,2015,3,7
TAM,TAM,2015,3,8
TAM,TAM,2015,3,11
TAM,TAM,2015,3,13
TAM,TAM,2015,3,14
TAM,TAM,2015,3,15
TAM,TAM,2015,3,18
TAM,TAM,2015,3,20
TAM,TAM,2015,3,21
TAM,TAM,2015,3,22
TAM,TAM,2015,3,25
TAM,TAM,2015,3,27
TAM,TAM,2015,3,28
TAM,TAM,2015,3,29
TAM,TAM,2015,4,1
TAM,TAM,2015,4,3
TAM,TAM,2015,4,4
TAM,TAM,2015,4,8
TAM,TAM,2015,4,10
TAM,TAM,2015,4,11
TAM,TAM,2015,4,12
TAM,TAM,2015,4,15
TAM,TAM,2015,4,17
TAM,TAM,2015,4,18
TAM,TAM,2015,4,19
TAM,TAM,2015,4,22
TAM,TAM,2015,4,24
TAM,TAM,2015,4,25
TAM,TAM,2015,4,26
TAM,TAM,2015,4,29
TAM,TAM,2015,5,1
TAM,TAM,2015,5,2
TAM,TAM,2015,5,3
TAM,TAM,2015,6,30
TAM,TAM,2015,7,1
THI,THI,1998,8,14
THI,THI,1998,8,15
THI,THI,1998,8,17
THI,THI,1998,8,18
THI,THI,1998,8,19
THI,THI,1998,8,21
THI,THI,1998,8,22
THI,THI,1998,8,23
THI,THI,1998,8,24
THI,THI,1998,8,25
THI,THI,1998,8,27
THI,THI,1998,8,28
THI,THI,1998,8,29
THI,THI,1998,8,30
THI,THI,1998,8,31
THI,THI,1998,9,1
THI,THI,1998,9,2
THI,THI,1998,9,3
THI,THI,1998,9,4
THI,THI,1998,9,5
THI,THI,1998,9,6
THI,THI,1998,9,7
THI,THI,1998,9,11
THI,THI,1998,9,12
THI,THI,1998,9,13
THI,THI,1998,9,18
THI,THI,1998,9,19
THI,THI,1998,9,20
THI,THI,1998,9,21
THI,THI,1998,9,23
THI,THI,1998,9,25
THI,THI,1998,9,26
THI,THI,1998,9,27
THI,THI,1998,9,28
THI,THI,1998,9,30
THI,THI,1998,10,2
THI,THI,1998,10,3
THI,THI,1998,10,4
THI,THI,1998,10,5
THI,THI,1998,10,7
THI,THI,1998,10,9
THI,THI,1998,10,10
THI,THI,1998,10,11
THI,THI,1998,10,12
THI,THI,1998,10,14
THI,THI,1998,10,16
THI,THI,1998,10,17
THI,THI,1998,10,18
THI,THI,1998,10,19
THI,THI,1998,10,21
THI,THI,1998,10,23
THI,THI,1998,10,24
THI,THI,1998,10,25
THI,THI,1998,10,26
THI,THI,1998,10,28
THI,THI,1998,10,30
THI,THI,1998,10,31
THI,THI,1998,11,1
THI,THI,1998,11,2
THI,THI,1998,11,4
THI,THI,1998,11,6
THI,THI,1998,11,7
THI,THI,1998,11,8
THI,THI,1998,11,9
THI,THI,1998,11,11
THI,THI,1998,11,13
THI,THI,1998,11,14
THI,THI,1998,11,15
THI,THI,1998,11,16
THI,THI,1998,11,18
THI,THI,1998,11,20
THI,THI,1998,11,21
THI,THI,1998,11,22
THI,THI,1998,11,23
THI,THI,1998,11,25
THI,THI,1998,11,27
THI,THI,1998,11,28
THI,THI,1998,11,29
THI,THI,1998,11,30
THI,THI,1998,12,2
THI,THI,1998,12,4
THI,THI,1998,12,5
THI,THI,1998,12,6
THI,THI,1998,12,7
THI,THI,1998,12,9
THI,THI,1998,12,11
THI,THI,1998,12,12
THI,THI,1998,12,13
THI,THI,1998,12,14
THI,THI,1998,12,16
THI,THI,1999,4,12
THI,THI,1999,4,14
THI,THI,1999,4,16
THI,THI,1999,4,17
THI,THI,1999,4,18
THI,THI,1999,4,19
THI,THI,1999,4,23
THI,THI,1999,4,24
THI,THI,1999,4,25
THI,THI,1999,4,28
THI,THI,1999,4,29
THI,THI,1999,4,30
THI,THI,1999,5,1
THI,THI,1999,5,2
THI,THI,1999,5,3
THI,THI,1999,5,4
THI,THI,1999,5,5
THI,THI,1999,5,6
THI,THI,1999,5,7
THI,THI,1999,5,8
THI,THI,1999,5,9
THI,THI,1999,5,11
THI,THI,1999,5,12
THI,THI,1999,5,13
THI,THI,1999,5,14
THI,THI,1999,5,15
THI,THI,1999,5,16
THI,THI,1999,5,17
THI,THI,1999,5,19
THI,THI,1999,5,20
THI,THI,1999,5,22
THI,THI,1999,5,23
THI,THI,1999,5,24
THI,THI,1999,5,26
THI,THI,1999,5,27
THI,THI,1999,5,28
THI,THI,1999,5,29
THI,THI,1999,5,30
THI,THI,1999,5,31
THI,THI,1999,6,2
THI,THI,1999,6,3
THI,THI,1999,6,4
THI,THI,1999,6,5
THI,THI,1999,6,6
THI,THI,1999,6,7
THI,THI,1999,6,8
THI,THI,1999,6,10
THI,THI,1999,6,11
THI,THI,1999,6,12
THI,THI,1999,6,13
THI,THI,1999,6,14
THI,THI,1999,6,16
THI,THI,1999,6,17
THI,THI,1999,6,18
THI,THI,1999,6,19
THI,THI,1999,6,22
THI,THI,1999,6,23
THI,THI,1999,6,24
THI,THI,1999,6,25
THI,THI,1999,6,26
THI,THI,1999,6,28
THI,THI,1999,6,29
THI,THI,1999,6,30
THI,THI,1999,7,1
THI,THI,1999,7,2
THI,THI,1999,7,3
THI,THI,1999,7,4
THI,THI,1999,7,5
THI,THI,1999,7,6
THI,THI,1999,7,7
THI,THI,1999,7,8
THI,THI,1999,7,9
THI,THI,1999,7,10
THI,THI,1999,7,11
THI,THI,1999,7,14
THI,THI,1999,7,16
THI,THI,1999,7,18
THI,THI,1999,7,21
THI,THI,1999,7,22
THI,THI,1999,7,23
THI,THI,1999,7,24
THI,THI,1999,7,25
THI,THI,1999,7,26
THI,THI,1999,7,27
THI,THI,1999,7,28
THI,THI,1999,7,29
THI,THI,1999,7,30
THI,THI,1999,7,31
THI,THI,1999,8,1
THI,THI,1999,8,2
THI,THI,1999,8,3
THI,THI,1999,8,4
THI,THI,1999,8,5
THI,THI,1999,8,10
THI,THI,1999,8,11
THI,THI,1999,8,15
THI,THI,1999,8,16
THI,THI,1999,8,17
THI,THI,1999,8,18
THI,THI,1999,8,19
THI,THI,1999,8,20
THI,THI,1999,8,21
THI,THI,1999,8,22
THI,THI,1999,8,23
THI,THI,1999,8,25
THI,THI,1999,8,26
THI,THI,1999,8,30
THI,THI,1999,8,31
THI,THI,1999,9,1
THI,THI,1999,9,2
THI,THI,1999,9,3
THI,THI,1999,9,4
THI,THI,1999,9,5
THI,THI,1999,9,6
THI,THI,1999,9,7
THI,THI,1999,9,10
THI,THI,1999,9,11
THI,THI,1999,9,12
THI,THI,1999,9,13
THI,THI,1999,9,14
THI,THI,1999,9,17
THI,THI,1999,9,18
THI,THI,1999,9,19
THI,THI,1999,9,20
THI,THI,1999,9,21
THI,THI,1999,9,22
THI,THI,1999,9,24
THI,THI,1999,9,25
THI,THI,1999,9,26
THI,THI,1999,9,27
THI,THI,1999,9,28
THI,THI,1999,9,29
THI,THI,1999,10,1
THI,THI,1999,10,2
THI,THI,1999,10,3
THI,THI,1999,10,4
THI,THI,1999,10,6
THI,THI,1999,10,8
THI,THI,1999,10,9
THI,THI,1999,10,10
THI,THI,1999,10,11
THI,THI,1999,10,12
THI,THI,1999,10,13
THI,THI,1999,10,15
THI,THI,1999,10,16
THI,THI,1999,10,17
THI,THI,1999,10,18
THI,THI,1999,10,19
THI,THI,1999,10,20
THI,THI,1999,10,22
THI,THI,1999,10,23
THI,THI,1999,10,24
THI,THI,1999,10,25
THI,THI,1999,10,26
THI,THI,1999,10,27
THI,THI,1999,10,29
THI,THI,1999,10,30
THI,THI,1999,10,31
THI,THI,1999,11,1
THI,THI,1999,11,2
THI,THI,1999,11,3
THI,THI,1999,11,5
THI,THI,1999,11,6
THI,THI,1999,11,7
THI,THI,1999,11,8
THI,THI,1999,11,10
THI,THI,1999,11,12
THI,THI,1999,11,13
THI,THI,1999,11,14
THI,THI,1999,11,15
THI,THI,1999,11,16
THI,THI,1999,11,18
THI,THI,1999,11,19
THI,THI,1999,11,23
THI,THI,1999,11,24
THI,THI,1999,11,26
THI,THI,1999,11,27
THI,THI,1999,11,28
THI,THI,1999,11,29
THI,THI,1999,11,30
THI,THI,1999,12,1
THI,THI,1999,12,3
THI,THI,1999,12,4
THI,THI,1999,12,5
THI,THI,1999,12,8
THI,THI,1999,12,9
THI,THI,1999,12,10
THI,THI,1999,12,12
THI,THI,1999,12,13
THI,THI,1999,12,15
THI,THI,1999,12,16
THI,THI,1999,12,19
THI,THI,1999,12,20
THI,THI,2000,4,10
THI,THI,2000,4,12
THI,THI,2000,4,14
THI,THI,2000,4,15
THI,THI,2000,4,16
THI,THI,2000,4,17
THI,THI,2000,4,18
THI,THI,2000,4,19
THI,THI,2000,4,20
THI,THI,2000,4,21
THI,THI,2000,4,22
THI,THI,2000,4,24
THI,THI,2000,4,26
THI,THI,2000,4,27
THI,THI,2000,4,28
THI,THI,2000,4,29
THI,THI,2000,4,30
THI,THI,2000,5,1
THI,THI,2000,5,2
THI,THI,2000,5,3
THI,THI,2000,5,4
THI,THI,2000,5,5
THI,THI,2000,5,6
THI,THI,2000,5,7
THI,THI,2000,5,8
THI,THI,2000,5,9
THI,THI,2000,5,11
THI,THI,2000,5,14
THI,THI,2000,5,15
THI,THI,2000,5,16
THI,THI,2000,5,17
THI,THI,2000,5,18
THI,THI,2000,5,19
THI,THI,2000,5,20
THI,THI,2000,5,21
THI,THI,2000,5,22
THI,THI,2000,5,23
THI,THI,2000,5,24
THI,THI,2000,5,25
THI,THI,2000,5,26
THI,THI,2000,5,27
THI,THI,2000,5,28
THI,THI,2000,5,29
THI,THI,2000,5,30
THI,THI,2000,5,31
THI,THI,2000,6,1
THI,THI,2000,6,2
THI,THI,2000,6,3
THI,THI,2000,6,4
THI,THI,2000,6,5
THI,THI,2000,6,6
THI,THI,2000,6,7
THI,THI,2000,6,8
THI,THI,2000,6,9
THI,THI,2000,6,10
THI,THI,2000,6,11
THI,THI,2000,6,12
THI,THI,2000,6,13
THI,THI,2000,6,14
THI,THI,2000,7,7
THI,THI,2000,7,8
THI,THI,2000,7,10
THI,THI,2000,7,11
THI,THI,2000,7,12
THI,THI,2000,7,13
THI,THI,2000,7,14
THI,THI,2000,7,15
THI,THI,2000,7,16
THI,THI,2000,7,17
THI,THI,2000,7,18
THI,THI,2000,7,19
THI,THI,2000,7,20
THI,THI,2000,7,21
THI,THI,2000,7,22
THI,THI,2000,7,23
THI,THI,2000,7,24
THI,THI,2000,7,25
THI,THI,2000,7,26
THI,THI,2000,7,27
THI,THI,2000,7,28
THI,THI,2000,7,29
THI,THI,2000,7,30
THI,THI,2000,7,31
THI,THI,2000,8,1
THI,THI,2000,8,2
THI,THI,2000,8,3
THI,THI,2000,8,4
THI,THI,2000,8,5
THI,THI,2000,8,6
THI,THI,2000,8,7
THI,THI,2000,8,8
THI,THI,2000,8,9
THI,THI,2000,8,10
THI,THI,2000,8,11
THI,THI,2000,8,12
THI,THI,2000,8,13
THI,THI,2000,8,14
THI,THI,2000,8,15
THI,THI,2000,8,16
THI,THI,2000,8,18
THI,THI,2000,8,21
THI,THI,2000,8,22
THI,THI,2000,8,23
THI,THI,2000,8,24
THI,THI,2000,8,25
THI,THI,2000,8,26
THI,THI,2000,8,28
THI,THI,2000,8,29
THI,THI,2000,8,30
THI,THI,2000,8,31
THI,THI,2000,9,1
THI,THI,2000,9,2
THI,THI,2000,9,3
THI,THI,2000,9,4
THI,THI,2000,9,6
THI,THI,2000,9,8
THI,THI,2000,9,9
THI,THI,2000,9,10
THI,THI,2000,9,13
THI,THI,2000,9,15
THI,THI,2000,9,16
THI,THI,2000,9,18
THI,THI,2000,9,20
THI,THI,2000,9,22
THI,THI,2000,9,24
THI,THI,2000,9,25
THI,THI,2000,9,27
THI,THI,2000,9,28
THI,THI,2000,9,29
THI,THI,2000,9,30
THI,THI,2000,10,1
THI,THI,2000,10,2
THI,THI,2000,10,4
THI,THI,2000,10,5
THI,THI,2000,10,7
THI,THI,2000,10,8
THI,THI,2000,10,9
THI,THI,2000,10,11
THI,THI,2000,10,12
THI,THI,2000,10,13
THI,THI,2000,10,14
THI,THI,2000,10,15
THI,THI,2000,10,16
THI,THI,2000,10,18
THI,THI,2000,10,19
THI,THI,2000,10,20
THI,THI,2000,10,21
THI,THI,2000,10,22
THI,THI,2000,10,23
THI,THI,2000,10,25
THI,THI,2000,10,26
THI,THI,2000,10,27
THI,THI,2000,10,28
THI,THI,2000,10,29
THI,THI,2000,10,30
THI,THI,2000,11,1
THI,THI,2000,11,2
THI,THI,2000,11,3
THI,THI,2000,11,4
THI,THI,2000,11,5
THI,THI,2000,11,6
THI,THI,2000,11,9
THI,THI,2000,11,10
THI,THI,2000,11,11
THI,THI,2000,11,12
THI,THI,2000,11,13
THI,THI,2000,11,15
THI,THI,2000,11,16
THI,THI,2000,11,17
THI,THI,2000,11,18
THI,THI,2000,11,19
THI,THI,2000,11,20
THI,THI,2000,11,22
THI,THI,2000,11,25
THI,THI,2000,11,26
THI,THI,2000,11,29
THI,THI,2000,11,30
THI,THI,2000,12,1
THI,THI,2000,12,2
THI,THI,2000,12,3
THI,THI,2000,12,4
THI,THI,2000,12,6
THI,THI,2000,12,7
THI,THI,2000,12,8
THI,THI,2000,12,9
THI,THI,2000,12,10
THI,THI,2000,12,11
THI,THI,2000,12,13
THI,THI,2000,12,14
THI,THI,2000,12,15
THI,THI,2000,12,21
THI,THI,2000,12,22
THI,THI,2000,12,23
THI,THI,2000,12,27
THI,THI,2000,12,28
THI,THI,2000,12,29
THI,THI,2000,12,30
THI,THI,2001,1,12
THI,THI,2001,1,13
THI,THI,2001,1,14
THI,THI,2001,1,19
THI,THI,2001,1,20
THI,THI,2001,1,21
THI,THI,2001,1,26
THI,THI,2001,2,1
THI,THI,2001,2,2
THI,THI,2001,2,3
THI,THI,2001,2,4
THI,THI,2001,2,6
THI,THI,2001,2,9
THI,THI,2001,2,10
THI,THI,2001,2,11
THI,THI,2001,2,20
THI,THI,2001,2,23
THI,THI,2001,2,25
THI,THI,2001,2,27
THI,THI,2001,3,2
THI,THI,2001,3,3
THI,THI,2001,3,4
THI,THI,2001,3,6
THI,THI,2001,3,9
THI,THI,2001,3,10
THI,THI,2001,3,11
THI,THI,2001,3,13
THI,THI,2001,3,15
THI,THI,2001,3,16
THI,THI,2001,3,17
THI,THI,2001,3,18
THI,THI,2001,3,20
THI,THI,2001,3,22
THI,THI,2001,3,23
THI,THI,2001,3,24
THI,THI,2001,3,25
THI,THI,2001,3,27
THI,THI,2001,3,29
THI,THI,2001,4,3
THI,THI,2001,4,5
THI,THI,2001,4,6
THI,THI,2001,4,7
THI,THI,2001,4,8
THI,THI,2001,4,9
THI,THI,2001,4,10
THI,THI,2001,4,11
THI,THI,2001,4,12
THI,THI,2001,4,13
THI,THI,2001,4,14
THI,THI,2001,4,16
THI,THI,2001,4,17
THI,THI,2001,4,18
THI,THI,2001,4,19
THI,THI,2001,4,20
THI,THI,2001,4,21
THI,THI,2001,4,22
THI,THI,2001,4,26
THI,THI,2001,4,29
THI,THI,2001,4,30
THI,THI,2001,5,1
THI,THI,2001,5,2
THI,THI,2001,5,3
THI,THI,2001,5,4
THI,THI,2001,5,5
THI,THI,2001,5,6
THI,THI,2001,5,8
THI,THI,2001,5,9
THI,THI,2001,5,10
THI,THI,2001,5,11
THI,THI,2001,5,12
THI,THI,2001,5,13
THI,THI,2001,5,14
THI,THI,2001,5,15
THI,THI,2001,5,17
THI,THI,2001,5,18
THI,THI,2001,5,19
THI,THI,2001,5,20
THI,THI,2001,5,21
THI,THI,2001,5,22
THI,THI,2001,5,24
THI,THI,2001,5,26
THI,THI,2001,5,27
THI,THI,2001,5,28
THI,THI,2001,5,29
THI,THI,2001,5,30
THI,THI,2001,5,31
THI,THI,2001,6,1
THI,THI,2001,6,2
THI,THI,2001,6,3
THI,THI,2001,6,4
THI,THI,2001,6,6
THI,THI,2001,6,7
THI,THI,2001,6,8
THI,THI,2001,6,11
THI,THI,2001,6,12
THI,THI,2001,6,13
THI,THI,2001,6,14
THI,THI,2001,6,15
THI,THI,2001,6,16
THI,THI,2001,6,17
THI,THI,2001,6,18
THI,THI,2001,6,19
THI,THI,2001,6,20
THI,THI,2001,6,21
THI,THI,2001,6,22
THI,THI,2001,6,23
THI,THI,2001,6,24
THI,THI,2001,6,25
THI,THI,2001,6,26
THI,THI,2001,6,27
THI,THI,2001,6,28
THI,THI,2001,6,30
THI,THI,2001,7,1
THI,THI,2001,7,3
THI,THI,2001,7,4
THI,THI,2001,7,6
THI,THI,2001,7,7
THI,THI,2001,7,8
THI,THI,2001,7,10
THI,THI,2001,7,11
THI,THI,2001,7,13
THI,THI,2001,7,14
THI,THI,2001,7,15
THI,THI,2001,7,16
THI,THI,2001,7,18
THI,THI,2001,7,19
THI,THI,2001,7,20
THI,THI,2001,7,21
THI,THI,2001,7,24
THI,THI,2001,7,28
THI,THI,2001,8,7
THI,THI,2001,8,9
THI,THI,2001,8,10
THI,THI,2001,8,11
THI,THI,2001,8,12
THI,THI,2001,8,17
THI,THI,2001,8,18
THI,THI,2001,8,19
THI,THI,2001,8,21
THI,THI,2001,8,22
THI,THI,2001,8,23
THI,THI,2001,8,24
THI,THI,2001,8,25
THI,THI,2001,8,26
THI,THI,2001,8,27
THI,THI,2001,8,28
THI,THI,2001,8,31
THI,THI,2001,9,1
THI,THI,2001,9,2
THI,THI,2001,9,3
THI,THI,2001,9,5
THI,THI,2001,9,7
THI,THI,2001,9,8
THI,THI,2001,9,9
THI,THI,2001,9,10
THI,THI,2001,9,14
THI,THI,2001,9,15
THI,THI,2001,9,16
THI,THI,2001,9,17
THI,THI,2001,9,19
THI,THI,2001,9,21
THI,THI,2001,9,22
THI,THI,2001,9,23
THI,THI,2001,9,24
THI,THI,2001,9,26
THI,THI,2001,9,27
THI,THI,2001,9,28
THI,THI,2001,9,29
THI,THI,2001,9,30
THI,THI,2001,10,1
THI,THI,2001,10,3
THI,THI,2001,10,4
THI,THI,2001,10,5
THI,THI,2001,10,6
THI,THI,2001,10,7
THI,THI,2001,10,8
THI,THI,2001,10,10
THI,THI,2001,10,11
THI,THI,2001,10,12
THI,THI,2001,10,13
THI,THI,2001,10,15
THI,THI,2001,10,17
THI,THI,2001,10,18
THI,THI,2001,10,19
THI,THI,2001,10,21
THI,THI,2001,10,22
THI,THI,2001,10,26
THI,THI,2001,10,27
THI,THI,2001,10,28
THI,THI,2001,10,29
THI,THI,2001,11,1
THI,THI,2001,11,3
THI,THI,2001,11,5
THI,THI,2001,11,7
THI,THI,2001,11,8
THI,THI,2001,11,9
THI,THI,2001,11,10
THI,THI,2001,11,11
THI,THI,2001,11,12
THI,THI,2001,11,14
THI,THI,2001,11,16
THI,THI,2001,11,18
THI,THI,2001,11,19
THI,THI,2001,11,21
THI,THI,2001,11,24
THI,THI,2001,11,25
THI,THI,2001,11,26
THI,THI,2001,11,28
THI,THI,2001,11,30
THI,THI,2001,12,1
THI,THI,2001,12,2
THI,THI,2001,12,3
THI,THI,2001,12,5
THI,THI,2001,12,6
THI,THI,2001,12,7
THI,THI,2001,12,9
THI,THI,2001,12,10
THI,THI,2001,12,12
THI,THI,2001,12,14
THI,THI,2001,12,15
THI,THI,2001,12,16
THI,THI,2001,12,17
THI,THI,2001,12,19
THI,THI,2001,12,20
THI,THI,2001,12,21
THI,THI,2001,12,23
THI,THI,2001,12,27
THI,THI,2001,12,29
THI,THI,2001,12,30
THI,THI,2001,12,31
THI,THI,2002,1,12
THI,THI,2002,1,13
THI,THI,2002,1,18
THI,THI,2002,1,19
THI,THI,2002,1,20
THI,THI,2002,1,25
THI,THI,2002,1,26
THI,THI,2002,1,27
THI,THI,2002,2,1
THI,THI,2002,2,2
THI,THI,2002,2,3
THI,THI,2002,2,5
THI,THI,2002,2,8
THI,THI,2002,2,9
THI,THI,2002,2,10
THI,THI,2002,2,12
THI,THI,2002,2,15
THI,THI,2002,2,16
THI,THI,2002,2,17
THI,THI,2002,2,19
THI,THI,2002,3,29
THI,THI,2002,3,30
THI,THI,2002,4,1
THI,THI,2002,4,3
THI,THI,2002,4,5
THI,THI,2002,4,7
THI,THI,2002,4,8
THI,THI,2002,4,10
THI,THI,2002,4,12
THI,THI,2002,4,13
THI,THI,2002,4,14
THI,THI,2002,4,15
THI,THI,2002,4,17
THI,THI,2002,4,19
THI,THI,2002,4,21
THI,THI,2002,4,22
THI,THI,2002,4,24
THI,THI,2002,4,26
THI,THI,2002,4,28
THI,THI,2002,5,6
THI,THI,2002,5,15
THI,THI,2002,5,17
THI,THI,2002,5,18
THI,THI,2002,5,19
THI,THI,2002,5,20
THI,THI,2002,5,22
THI,THI,2002,5,25
THI,THI,2002,5,26
THI,THI,2002,5,27
THI,THI,2002,5,29
THI,THI,2002,5,31
THI,THI,2002,6,1
THI,THI,2002,6,2
THI,THI,2002,6,3
THI,THI,2002,6,5
THI,THI,2002,6,7
THI,THI,2002,6,8
THI,THI,2002,6,9
THI,THI,2002,6,10
THI,THI,2002,6,12
THI,THI,2002,6,14
THI,THI,2002,6,15
THI,THI,2002,6,16
THI,THI,2002,6,17
THI,THI,2002,6,19
THI,THI,2002,6,21
THI,THI,2002,6,22
THI,THI,2002,6,23
THI,THI,2002,6,24
THI,THI,2002,6,26
THI,THI,2002,6,28
THI,THI,2002,6,29
THI,THI,2002,6,30
THI,THI,2002,7,1
THI,THI,2002,7,3
THI,THI,2002,7,4
THI,THI,2002,7,5
THI,THI,2002,7,6
THI,THI,2002,7,8
THI,THI,2002,7,10
THI,THI,2002,7,12
THI,THI,2002,7,13
THI,THI,2002,7,14
THI,THI,2002,7,15
THI,THI,2002,7,17
THI,THI,2002,7,18
THI,THI,2002,7,19
THI,THI,2002,7,20
THI,THI,2002,7,22
THI,THI,2002,7,24
THI,THI,2002,7,26
THI,THI,2002,7,27
THI,THI,2002,7,28
THI,THI,2002,7,29
THI,THI,2002,7,31
THI,THI,2002,8,2
THI,THI,2002,8,3
THI,THI,2002,8,4
THI,THI,2002,8,5
THI,THI,2002,8,7
THI,THI,2002,8,9
THI,THI,2002,8,10
THI,THI,2002,8,11
THI,THI,2002,8,12
THI,THI,2002,8,14
THI,THI,2002,8,16
THI,THI,2002,8,17
THI,THI,2002,8,18
THI,THI,2002,8,19
THI,THI,2002,8,21
THI,THI,2002,8,23
THI,THI,2002,8,24
THI,THI,2002,8,25
THI,THI,2002,8,26
THI,THI,2002,8,28
THI,THI,2002,8,30
THI,THI,2002,8,31
THI,THI,2002,9,1
THI,THI,2002,9,2
THI,THI,2002,9,4
THI,THI,2002,9,6
THI,THI,2002,9,7
THI,THI,2002,9,8
THI,THI,2002,9,9
THI,THI,2002,9,16
THI,THI,2002,9,18
THI,THI,2002,9,20
THI,THI,2002,9,21
THI,THI,2002,9,22
THI,THI,2002,9,23
THI,THI,2002,9,25
THI,THI,2002,9,27
THI,THI,2002,9,28
THI,THI,2002,9,29
THI,THI,2002,9,30
THI,THI,2002,10,2
THI,THI,2002,10,3
THI,THI,2002,10,4
THI,THI,2002,10,5
THI,THI,2002,10,6
THI,THI,2002,10,7
THI,THI,2002,10,9
THI,THI,2002,10,10
THI,THI,2002,10,11
THI,THI,2002,10,12
THI,THI,2002,10,13
THI,THI,2002,10,14
THI,THI,2002,10,16
THI,THI,2002,10,17
THI,THI,2002,10,18
THI,THI,2002,10,19
THI,THI,2002,10,20
THI,THI,2002,10,21
THI,THI,2002,10,23
THI,THI,2002,10,24
THI,THI,2002,10,25
THI,THI,2002,10,26
THI,THI,2002,10,27
THI,THI,2002,10,28
THI,THI,2002,10,30
THI,THI,2002,10,31
THI,THI,2002,11,1
THI,THI,2002,11,2
THI,THI,2002,11,3
THI,THI,2002,11,4
THI,THI,2002,11,6
THI,THI,2002,11,7
THI,THI,2002,11,8
THI,THI,2002,11,9
THI,THI,2002,11,10
THI,THI,2002,11,11
THI,THI,2002,11,13
THI,THI,2002,11,14
THI,THI,2002,11,15
THI,THI,2002,11,16
THI,THI,2002,11,17
THI,THI,2002,11,18
THI,THI,2002,11,20
THI,THI,2002,11,21
THI,THI,2002,11,22
THI,THI,2002,11,23
THI,THI,2002,11,24
THI,THI,2002,11,25
THI,THI,2002,11,26
THI,THI,2002,11,27
THI,THI,2002,11,29
THI,THI,2002,11,30
THI,THI,2002,12,1
THI,THI,2002,12,2
THI,THI,2002,12,4
THI,THI,2002,12,5
THI,THI,2002,12,6
THI,THI,2002,12,7
THI,THI,2002,12,8
THI,THI,2002,12,9
THI,THI,2002,12,11
THI,THI,2002,12,12
THI,THI,2002,12,13
THI,THI,2002,12,14
THI,THI,2002,12,15
THI,THI,2002,12,16
THI,THI,2002,12,18
THI,THI,2002,12,19
THI,THI,2002,12,20
THI,THI,2002,12,21
THI,THI,2002,12,22
THI,THI,2002,12,23
THI,THI,2003,1,10
THI,THI,2003,1,11
THI,THI,2003,1,12
THI,THI,2003,1,14
THI,THI,2003,1,17
THI,THI,2003,1,18
THI,THI,2003,1,19
THI,THI,2003,1,21
THI,THI,2003,1,24
THI,THI,2003,1,25
THI,THI,2003,1,28
THI,THI,2003,1,31
THI,THI,2003,2,1
THI,THI,2003,2,2
THI,THI,2003,2,4
THI,THI,2003,2,7
THI,THI,2003,2,8
THI,THI,2003,2,9
THI,THI,2003,2,11
THI,THI,2003,2,14
THI,THI,2003,2,18
THI,THI,2003,2,19
THI,THI,2003,2,21
THI,THI,2003,2,23
THI,THI,2003,2,25
THI,THI,2003,3,4
THI,THI,2003,3,6
THI,THI,2003,3,7
THI,THI,2003,3,8
THI,THI,2003,3,9
THI,THI,2003,3,11
THI,THI,2003,3,13
THI,THI,2003,3,14
THI,THI,2003,3,15
THI,THI,2003,3,16
THI,THI,2003,3,17
THI,THI,2003,3,18
THI,THI,2003,3,20
THI,THI,2003,3,21
THI,THI,2003,3,22
THI,THI,2003,3,23
THI,THI,2003,3,25
THI,THI,2003,3,27
THI,THI,2003,3,28
THI,THI,2003,3,29
THI,THI,2003,3,30
THI,THI,2003,4,1
THI,THI,2003,4,3
THI,THI,2003,4,4
THI,THI,2003,4,5
THI,THI,2003,4,6
THI,THI,2003,4,8
THI,THI,2003,4,10
THI,THI,2003,4,11
THI,THI,2003,4,12
THI,THI,2003,4,13
THI,THI,2003,4,16
THI,THI,2003,4,17
THI,THI,2003,4,18
THI,THI,2003,4,19
THI,THI,2003,4,21
THI,THI,2003,4,24
THI,THI,2003,4,25
THI,THI,2003,4,26
THI,THI,2003,4,27
THI,THI,2003,4,28
THI,THI,2003,5,2
THI,THI,2003,5,3
THI,THI,2003,5,4
THI,THI,2003,5,5
THI,THI,2003,5,8
THI,THI,2003,5,9
THI,THI,2003,5,10
THI,THI,2003,5,11
THI,THI,2003,5,14
THI,THI,2003,5,15
THI,THI,2003,5,16
THI,THI,2003,5,17
THI,THI,2003,5,18
THI,THI,2003,5,19
THI,THI,2003,5,22
THI,THI,2003,5,23
THI,THI,2003,5,24
THI,THI,2003,5,25
THI,THI,2003,5,26
THI,THI,2003,5,28
THI,THI,2003,5,29
THI,THI,2003,5,30
THI,THI,2003,5,31
THI,THI,2003,6,1
THI,THI,2003,6,2
THI,THI,2003,6,3
THI,THI,2003,6,5
THI,THI,2003,6,6
THI,THI,2003,6,7
THI,THI,2003,6,8
THI,THI,2003,6,9
THI,THI,2003,6,10
THI,THI,2003,6,12
THI,THI,2003,6,13
THI,THI,2003,6,14
THI,THI,2003,6,15
THI,THI,2003,6,16
THI,THI,2003,6,17
THI,THI,2003,6,19
THI,THI,2003,6,20
THI,THI,2003,6,21
THI,THI,2003,6,22
THI,THI,2003,6,23
THI,THI,2003,6,24
THI,THI,2003,6,26
THI,THI,2003,6,27
THI,THI,2003,6,28
THI,THI,2003,6,29
THI,THI,2003,6,30
THI,THI,2003,7,1
THI,THI,2003,7,3
THI,THI,2003,7,4
THI,THI,2003,7,5
THI,THI,2003,7,6
THI,THI,2003,7,7
THI,THI,2003,7,8
THI,THI,2003,7,10
THI,THI,2003,7,11
THI,THI,2003,7,12
THI,THI,2003,7,13
THI,THI,2003,7,14
THI,THI,2003,7,15
THI,THI,2003,7,17
THI,THI,2003,7,18
THI,THI,2003,7,19
THI,THI,2003,7,20
THI,THI,2003,7,21
THI,THI,2003,7,22
THI,THI,2003,7,24
THI,THI,2003,7,25
THI,THI,2003,7,26
THI,THI,2003,7,27
THI,THI,2003,7,28
THI,THI,2003,7,29
THI,THI,2003,7,31
THI,THI,2003,8,1
THI,THI,2003,8,2
THI,THI,2003,8,3
THI,THI,2003,8,4
THI,THI,2003,8,5
THI,THI,2003,8,7
THI,THI,2003,8,8
THI,THI,2003,8,9
THI,THI,2003,8,10
THI,THI,2003,8,11
THI,THI,2003,8,12
THI,THI,2003,8,14
THI,THI,2003,8,15
THI,THI,2003,8,16
THI,THI,2003,8,17
THI,THI,2003,8,18
THI,THI,2003,8,19
THI,THI,2003,8,21
THI,THI,2003,8,22
THI,THI,2003,8,23
THI,THI,2003,8,24
THI,THI,2003,8,25
THI,THI,2003,8,26
THI,THI,2003,8,27
THI,THI,2003,8,28
THI,THI,2003,8,29
THI,THI,2003,8,30
THI,THI,2003,8,31
THI,THI,2003,9,1
THI,THI,2003,9,3
THI,THI,2003,9,4
THI,THI,2003,9,5
THI,THI,2003,9,6
THI,THI,2003,9,7
THI,THI,2003,9,8
THI,THI,2003,9,12
THI,THI,2003,9,13
THI,THI,2003,9,14
THI,THI,2003,9,15
THI,THI,2003,9,17
THI,THI,2003,9,18
THI,THI,2003,9,19
THI,THI,2003,9,20
THI,THI,2003,9,21
THI,THI,2003,9,22
THI,THI,2003,9,24
THI,THI,2003,9,25
THI,THI,2003,9,26
THI,THI,2003,9,27
THI,THI,2003,9,28
THI,THI,2003,9,29
THI,THI,2003,10,1
THI,THI,2003,10,2
THI,THI,2003,10,3
THI,THI,2003,10,4
THI,THI,2003,10,5
THI,THI,2003,10,8
THI,THI,2003,10,9
THI,THI,2003,10,10
THI,THI,2003,10,11
THI,THI,2003,10,12
THI,THI,2003,10,13
THI,THI,2003,10,15
THI,THI,2003,10,16
THI,THI,2003,10,17
THI,THI,2003,10,18
THI,THI,2003,10,19
THI,THI,2003,10,22
THI,THI,2003,10,23
THI,THI,2003,10,24
THI,THI,2003,10,25
THI,THI,2003,10,26
THI,THI,2003,10,29
THI,THI,2003,10,30
THI,THI,2003,10,31
THI,THI,2003,11,1
THI,THI,2003,11,2
THI,THI,2003,11,3
THI,THI,2003,11,5
THI,THI,2003,11,6
THI,THI,2003,11,7
THI,THI,2003,11,8
THI,THI,2003,11,9
THI,THI,2003,11,10
THI,THI,2003,11,12
THI,THI,2003,11,13
THI,THI,2003,11,14
THI,THI,2003,11,15
THI,THI,2003,11,16
THI,THI,2003,11,17
THI,THI,2003,11,19
THI,THI,2003,11,20
THI,THI,2003,11,21
THI,THI,2003,11,22
THI,THI,2003,11,23
THI,THI,2003,11,24
THI,THI,2003,11,26
THI,THI,2003,11,28
THI,THI,2003,11,29
THI,THI,2003,11,30
THI,THI,2003,12,1
THI,THI,2003,12,3
THI,THI,2003,12,4
THI,THI,2003,12,5
THI,THI,2003,12,6
THI,THI,2003,12,7
THI,THI,2003,12,8
THI,THI,2003,12,10
THI,THI,2003,12,11
THI,THI,2003,12,12
THI,THI,2003,12,13
THI,THI,2003,12,14
THI,THI,2003,12,15
THI,THI,2003,12,16
THI,THI,2003,12,17
THI,THI,2003,12,18
THI,THI,2003,12,19
THI,THI,2003,12,20
THI,THI,2003,12,21
THI,THI,2003,12,22
THI,THI,2004,1,10
THI,THI,2004,1,11
THI,THI,2004,1,12
THI,THI,2004,4,8
THI,THI,2004,4,9
THI,THI,2004,4,10
THI,THI,2004,4,12
THI,THI,2004,4,15
THI,THI,2004,4,16
THI,THI,2004,4,17
THI,THI,2004,4,18
THI,THI,2004,4,19
THI,THI,2004,4,22
THI,THI,2004,4,23
THI,THI,2004,4,24
THI,THI,2004,4,25
THI,THI,2004,4,26
THI,THI,2004,4,29
THI,THI,2004,4,30
THI,THI,2004,5,1
THI,THI,2004,5,2
THI,THI,2004,5,3
THI,THI,2004,5,6
THI,THI,2004,5,7
THI,THI,2004,5,8
THI,THI,2004,5,9
THI,THI,2004,5,10
THI,THI,2004,5,13
THI,THI,2004,5,14
THI,THI,2004,5,15
THI,THI,2004,5,16
THI,THI,2004,5,17
THI,THI,2004,5,20
THI,THI,2004,5,21
THI,THI,2004,5,22
THI,THI,2004,5,23
THI,THI,2004,5,24
THI,THI,2004,5,27
THI,THI,2004,5,28
THI,THI,2004,5,29
THI,THI,2004,5,30
THI,THI,2004,5,31
THI,THI,2004,6,3
THI,THI,2004,6,4
THI,THI,2004,6,5
THI,THI,2004,6,6
THI,THI,2004,6,7
THI,THI,2004,6,10
THI,THI,2004,6,11
THI,THI,2004,6,12
THI,THI,2004,6,14
THI,THI,2004,6,17
THI,THI,2004,6,18
THI,THI,2004,6,19
THI,THI,2004,6,20
THI,THI,2004,6,21
THI,THI,2004,6,24
THI,THI,2004,6,25
THI,THI,2004,6,26
THI,THI,2004,6,27
THI,THI,2004,6,28
THI,THI,2004,7,1
THI,THI,2004,7,2
THI,THI,2004,7,3
THI,THI,2004,7,4
THI,THI,2004,7,5
THI,THI,2004,7,8
THI,THI,2004,7,9
THI,THI,2004,7,10
THI,THI,2004,7,11
THI,THI,2004,7,12
THI,THI,2004,7,15
THI,THI,2004,7,16
THI,THI,2004,7,17
THI,THI,2004,7,18
THI,THI,2004,7,19
THI,THI,2004,7,22
THI,THI,2004,7,23
THI,THI,2004,7,24
THI,THI,2004,7,25
THI,THI,2004,7,26
THI,THI,2004,7,29
THI,THI,2004,7,30
THI,THI,2004,7,31
THI,THI,2004,8,1
THI,THI,2004,8,2
THI,THI,2004,8,5
THI,THI,2004,8,6
THI,THI,2004,8,7
THI,THI,2004,8,8
THI,THI,2004,8,9
THI,THI,2004,8,12
THI,THI,2004,8,13
THI,THI,2004,8,14
THI,THI,2004,8,15
THI,THI,2004,8,16
THI,THI,2004,8,19
THI,THI,2004,8,20
THI,THI,2004,8,21
THI,THI,2004,8,22
THI,THI,2004,8,23
THI,THI,2004,8,26
THI,THI,2004,8,27
THI,THI,2004,8,28
THI,THI,2004,8,29
THI,THI,2004,8,30
THI,THI,2004,9,2
THI,THI,2004,9,3
THI,THI,2004,9,4
THI,THI,2004,9,5
THI,THI,2004,9,6
THI,THI,2004,9,9
THI,THI,2004,9,10
THI,THI,2004,9,11
THI,THI,2004,9,12
THI,THI,2004,9,13
THI,THI,2004,9,16
THI,THI,2004,9,17
THI,THI,2004,9,18
THI,THI,2004,9,19
THI,THI,2004,9,20
THI,THI,2004,9,23
THI,THI,2004,9,24
THI,THI,2004,9,25
THI,THI,2004,9,26
THI,THI,2004,9,27
THI,THI,2004,9,30
THI,THI,2004,10,1
THI,THI,2004,10,2
THI,THI,2004,10,3
THI,THI,2004,10,4
THI,THI,2004,10,7
THI,THI,2004,10,8
THI,THI,2004,10,9
THI,THI,2004,10,10
THI,THI,2004,10,11
THI,THI,2004,10,14
THI,THI,2004,10,15
THI,THI,2004,10,16
THI,THI,2004,10,17
THI,THI,2004,10,18
THI,THI,2004,10,21
THI,THI,2004,10,22
THI,THI,2004,10,23
THI,THI,2004,10,24
THI,THI,2004,10,25
THI,THI,2004,10,28
THI,THI,2004,10,29
THI,THI,2004,10,30
THI,THI,2004,11,1
THI,THI,2004,11,4
THI,THI,2004,11,5
THI,THI,2004,11,6
THI,THI,2004,11,7
THI,THI,2004,11,8
THI,THI,2004,11,11
THI,THI,2004,11,12
THI,THI,2004,11,13
THI,THI,2004,11,14
THI,THI,2004,11,15
THI,THI,2004,11,18
THI,THI,2004,11,19
THI,THI,2004,11,20
THI,THI,2004,11,21
THI,THI,2004,11,22
THI,THI,2004,11,26
THI,THI,2004,11,27
THI,THI,2004,11,28
THI,THI,2004,11,29
THI,THI,2004,12,2
THI,THI,2004,12,3
THI,THI,2004,12,4
THI,THI,2004,12,5
THI,THI,2004,12,6
THI,THI,2004,12,9
THI,THI,2004,12,10
THI,THI,2004,12,11
THI,THI,2004,12,12
THI,THI,2004,12,13
THI,THI,2004,12,16
THI,THI,2004,12,17
THI,THI,2004,12,18
THI,THI,2004,12,19
THI,THI,2004,12,30
THI,THI,2004,12,31
THI,THI,2005,4,8
THI,THI,2005,4,9
THI,THI,2005,4,10
THI,THI,2005,4,11
THI,THI,2005,4,14
THI,THI,2005,4,15
THI,THI,2005,4,16
THI,THI,2005,4,17
THI,THI,2005,4,18
THI,THI,2005,4,21
THI,THI,2005,4,22
THI,THI,2005,4,23
THI,THI,2005,4,24
THI,THI,2005,4,28
THI,THI,2005,4,29
THI,THI,2005,4,30
THI,THI,2005,5,1
THI,THI,2005,5,2
THI,THI,2005,5,5
THI,THI,2005,5,6
THI,THI,2005,5,7
THI,THI,2005,5,8
THI,THI,2005,5,9
THI,THI,2005,5,12
THI,THI,2005,5,13
THI,THI,2005,5,14
THI,THI,2005,5,15
THI,THI,2005,5,16
THI,THI,2005,5,19
THI,THI,2005,5,20
THI,THI,2005,5,21
THI,THI,2005,5,22
THI,THI,2005,5,23
THI,THI,2005,5,26
THI,THI,2005,5,27
THI,THI,2005,5,28
THI,THI,2005,5,29
THI,THI,2005,5,30
THI,THI,2005,6,1
THI,THI,2005,6,3
THI,THI,2005,6,4
THI,THI,2005,6,5
THI,THI,2005,6,6
THI,THI,2005,6,9
THI,THI,2005,6,10
THI,THI,2005,6,11
THI,THI,2005,6,12
THI,THI,2005,6,13
THI,THI,2005,6,16
THI,THI,2005,6,17
THI,THI,2005,6,18
THI,THI,2005,6,19
THI,THI,2005,6,20
THI,THI,2005,6,23
THI,THI,2005,6,24
THI,THI,2005,6,25
THI,THI,2005,6,26
THI,THI,2005,6,27
THI,THI,2005,6,30
THI,THI,2005,7,1
THI,THI,2005,7,2
THI,THI,2005,7,3
THI,THI,2005,7,4
THI,THI,2005,7,6
THI,THI,2005,7,8
THI,THI,2005,7,9
THI,THI,2005,7,10
THI,THI,2005,7,11
THI,THI,2005,7,14
THI,THI,2005,7,15
THI,THI,2005,7,16
THI,THI,2005,7,17
THI,THI,2005,7,18
THI,THI,2005,7,21
THI,THI,2005,7,22
THI,THI,2005,7,23
THI,THI,2005,7,24
THI,THI,2005,7,25
THI,THI,2005,7,28
THI,THI,2005,7,29
THI,THI,2005,7,30
THI,THI,2005,7,31
THI,THI,2005,8,1
THI,THI,2005,8,4
THI,THI,2005,8,5
THI,THI,2005,8,6
THI,THI,2005,8,7
THI,THI,2005,8,8
THI,THI,2005,8,11
THI,THI,2005,8,12
THI,THI,2005,8,13
THI,THI,2005,8,14
THI,THI,2005,8,15
THI,THI,2005,8,18
THI,THI,2005,8,19
THI,THI,2005,8,20
THI,THI,2005,8,21
THI,THI,2005,8,22
THI,THI,2005,8,25
THI,THI,2005,8,26
THI,THI,2005,8,27
THI,THI,2005,8,28
THI,THI,2005,8,29
THI,THI,2005,9,1
THI,THI,2005,9,2
THI,THI,2005,9,3
THI,THI,2005,9,4
THI,THI,2005,9,5
THI,THI,2005,9,7
THI,THI,2005,9,8
THI,THI,2005,9,9
THI,THI,2005,9,10
THI,THI,2005,9,12
THI,THI,2005,9,14
THI,THI,2005,9,15
THI,THI,2005,9,16
THI,THI,2005,9,17
THI,THI,2005,9,19
THI,THI,2005,9,21
THI,THI,2005,9,22
THI,THI,2005,9,23
THI,THI,2005,9,24
THI,THI,2005,9,26
THI,THI,2005,9,28
THI,THI,2005,9,29
THI,THI,2005,9,30
THI,THI,2005,10,1
THI,THI,2005,10,3
THI,THI,2005,10,5
THI,THI,2005,10,6
THI,THI,2005,10,7
THI,THI,2005,10,8
THI,THI,2005,10,10
THI,THI,2005,10,12
THI,THI,2005,10,13
THI,THI,2005,10,14
THI,THI,2005,10,15
THI,THI,2005,10,17
THI,THI,2005,10,19
THI,THI,2005,10,20
THI,THI,2005,10,21
THI,THI,2005,10,22
THI,THI,2005,10,24
THI,THI,2005,10,26
THI,THI,2005,10,27
THI,THI,2005,10,28
THI,THI,2005,10,29
THI,THI,2005,10,31
THI,THI,2005,11,2
THI,THI,2005,11,3
THI,THI,2005,11,4
THI,THI,2005,11,5
THI,THI,2005,11,7
THI,THI,2005,11,9
THI,THI,2005,11,10
THI,THI,2005,11,11
THI,THI,2005,11,12
THI,THI,2005,11,14
THI,THI,2005,11,16
THI,THI,2005,11,17
THI,THI,2005,11,18
THI,THI,2005,11,19
THI,THI,2005,11,21
THI,THI,2005,11,22
THI,THI,2005,11,23
THI,THI,2005,11,25
THI,THI,2005,11,26
THI,THI,2005,11,28
THI,THI,2005,11,30
THI,THI,2005,12,1
THI,THI,2005,12,2
THI,THI,2005,12,3
THI,THI,2005,12,5
THI,THI,2005,12,7
THI,THI,2005,12,8
THI,THI,2005,12,9
THI,THI,2005,12,10
THI,THI,2005,12,12
THI,THI,2005,12,14
THI,THI,2005,12,15
THI,THI,2005,12,16
THI,THI,2005,12,17
THI,THI,2005,12,19
THI,THI,2005,12,21
THI,THI,2005,12,22
THI,THI,2005,12,23
THI,THI,2006,4,14
THI,THI,2006,4,15
THI,THI,2006,4,20
THI,THI,2006,4,21
THI,THI,2006,4,22
THI,THI,2006,4,23
THI,THI,2006,4,27
THI,THI,2006,4,28
THI,THI,2006,4,29
THI,THI,2006,4,30
THI,THI,2006,5,1
THI,THI,2006,5,4
THI,THI,2006,5,5
THI,THI,2006,5,6
THI,THI,2006,5,7
THI,THI,2006,5,8
THI,THI,2006,5,11
THI,THI,2006,5,12
THI,THI,2006,5,13
THI,THI,2006,5,14
THI,THI,2006,5,15
THI,THI,2006,5,18
THI,THI,2006,5,19
THI,THI,2006,5,20
THI,THI,2006,5,21
THI,THI,2006,5,22
THI,THI,2006,5,25
THI,THI,2006,5,26
THI,THI,2006,5,27
THI,THI,2006,5,28
THI,THI,2006,5,29
THI,THI,2006,6,1
THI,THI,2006,6,2
THI,THI,2006,6,3
THI,THI,2006,6,4
THI,THI,2006,6,5
THI,THI,2006,6,8
THI,THI,2006,6,9
THI,THI,2006,6,10
THI,THI,2006,6,11
THI,THI,2006,6,12
THI,THI,2006,6,15
THI,THI,2006,6,16
THI,THI,2006,6,17
THI,THI,2006,6,18
THI,THI,2006,6,19
THI,THI,2006,6,22
THI,THI,2006,6,23
THI,THI,2006,6,24
THI,THI,2006,6,25
THI,THI,2006,6,26
THI,THI,2006,6,29
THI,THI,2006,6,30
THI,THI,2006,7,1
THI,THI,2006,7,2
THI,THI,2006,7,3
THI,THI,2006,7,6
THI,THI,2006,7,7
THI,THI,2006,7,8
THI,THI,2006,7,9
THI,THI,2006,7,10
THI,THI,2006,7,13
THI,THI,2006,7,14
THI,THI,2006,7,15
THI,THI,2006,7,16
THI,THI,2006,7,17
THI,THI,2006,7,20
THI,THI,2006,7,21
THI,THI,2006,7,22
THI,THI,2006,7,23
THI,THI,2006,7,24
THI,THI,2006,7,27
THI,THI,2006,7,28
THI,THI,2006,7,29
THI,THI,2006,7,30
THI,THI,2006,7,31
THI,THI,2006,8,3
THI,THI,2006,8,4
THI,THI,2006,8,5
THI,THI,2006,8,6
THI,THI,2006,8,7
THI,THI,2006,8,10
THI,THI,2006,8,11
THI,THI,2006,8,12
THI,THI,2006,8,13
THI,THI,2006,8,14
THI,THI,2006,8,17
THI,THI,2006,8,18
THI,THI,2006,8,19
THI,THI,2006,8,20
THI,THI,2006,8,21
THI,THI,2006,8,24
THI,THI,2006,8,25
THI,THI,2006,8,26
THI,THI,2006,8,27
THI,THI,2006,8,28
THI,THI,2006,8,31
THI,THI,2006,9,1
THI,THI,2006,9,2
THI,THI,2006,9,3
THI,THI,2006,9,4
THI,THI,2006,9,8
THI,THI,2006,9,9
THI,THI,2006,9,10
THI,THI,2006,9,11
THI,THI,2006,9,15
THI,THI,2006,9,16
THI,THI,2006,9,17
THI,THI,2006,9,18
THI,THI,2006,9,22
THI,THI,2006,9,23
THI,THI,2006,9,24
THI,THI,2006,9,25
THI,THI,2006,9,29
THI,THI,2006,9,30
THI,THI,2006,10,1
THI,THI,2006,10,2
THI,THI,2006,10,5
THI,THI,2006,10,6
THI,THI,2006,10,7
THI,THI,2006,10,8
THI,THI,2006,10,9
THI,THI,2006,10,12
THI,THI,2006,10,13
THI,THI,2006,10,14
THI,THI,2006,10,15
THI,THI,2006,10,16
THI,THI,2006,10,19
THI,THI,2006,10,20
THI,THI,2006,10,21
THI,THI,2006,10,22
THI,THI,2006,10,23
THI,THI,2006,10,26
THI,THI,2006,10,27
THI,THI,2006,10,28
THI,THI,2006,10,29
THI,THI,2006,10,30
THI,THI,2006,11,2
THI,THI,2006,11,3
THI,THI,2006,11,4
THI,THI,2006,11,5
THI,THI,2006,11,6
THI,THI,2006,11,9
THI,THI,2006,11,10
THI,THI,2006,11,11
THI,THI,2006,11,12
THI,THI,2006,11,13
THI,THI,2006,11,16
THI,THI,2006,11,17
THI,THI,2006,11,18
THI,THI,2006,11,19
THI,THI,2006,11,20
THI,THI,2006,11,24
THI,THI,2006,11,25
THI,THI,2006,11,26
THI,THI,2006,11,27
THI,THI,2007,4,12
THI,THI,2007,4,13
THI,THI,2007,4,14
THI,THI,2007,4,15
THI,THI,2007,4,19
THI,THI,2007,4,20
THI,THI,2007,4,21
THI,THI,2007,4,22
THI,THI,2007,4,26
THI,THI,2007,4,27
THI,THI,2007,4,28
THI,THI,2007,4,29
THI,THI,2007,5,3
THI,THI,2007,5,4
THI,THI,2007,5,5
THI,THI,2007,5,6
THI,THI,2007,5,10
THI,THI,2007,5,11
THI,THI,2007,5,12
THI,THI,2007,5,13
THI,THI,2007,5,17
THI,THI,2007,5,18
THI,THI,2007,5,19
THI,THI,2007,5,20
THI,THI,2007,5,24
THI,THI,2007,5,25
THI,THI,2007,5,26
THI,THI,2007,5,27
THI,THI,2007,5,28
THI,THI,2007,5,30
THI,THI,2007,5,31
THI,THI,2007,6,1
THI,THI,2007,6,2
THI,THI,2007,6,3
THI,THI,2007,6,4
THI,THI,2007,6,7
THI,THI,2007,6,8
THI,THI,2007,6,9
THI,THI,2007,6,10
THI,THI,2007,6,11
THI,THI,2007,6,14
THI,THI,2007,6,15
THI,THI,2007,6,16
THI,THI,2007,6,17
THI,THI,2007,6,18
THI,THI,2007,6,21
THI,THI,2007,6,22
THI,THI,2007,6,23
THI,THI,2007,6,24
THI,THI,2007,6,25
THI,THI,2007,6,28
THI,THI,2007,6,29
THI,THI,2007,6,30
THI,THI,2007,7,1
THI,THI,2007,7,4
THI,THI,2007,7,5
THI,THI,2007,7,6
THI,THI,2007,7,7
THI,THI,2007,7,8
THI,THI,2007,7,9
THI,THI,2007,7,12
THI,THI,2007,7,13
THI,THI,2007,7,14
THI,THI,2007,7,15
THI,THI,2007,7,16
THI,THI,2007,7,19
THI,THI,2007,7,20
THI,THI,2007,7,21
THI,THI,2007,7,22
THI,THI,2007,7,23
THI,THI,2007,7,26
THI,THI,2007,7,27
THI,THI,2007,7,28
THI,THI,2007,7,29
THI,THI,2007,7,30
THI,THI,2007,8,3
THI,THI,2007,8,4
THI,THI,2007,8,5
THI,THI,2007,8,6
THI,THI,2007,8,10
THI,THI,2007,8,11
THI,THI,2007,8,12
THI,THI,2007,8,13
THI,THI,2007,8,17
THI,THI,2007,8,18
THI,THI,2007,8,19
THI,THI,2007,8,20
THI,THI,2007,8,24
THI,THI,2007,8,25
THI,THI,2007,8,26
THI,THI,2007,8,27
THI,THI,2007,8,31
THI,THI,2007,9,1
THI,THI,2007,9,2
THI,THI,2007,9,3
THI,THI,2007,9,7
THI,THI,2007,9,8
THI,THI,2007,9,9
THI,THI,2007,9,10
THI,THI,2007,9,14
THI,THI,2007,9,15
THI,THI,2007,9,16
THI,THI,2007,9,21
THI,THI,2007,9,22
THI,THI,2007,9,23
THI,THI,2007,9,28
THI,THI,2007,9,29
THI,THI,2007,9,30
THI,THI,2007,10,5
THI,THI,2007,10,6
THI,THI,2007,10,7
THI,THI,2007,10,8
THI,THI,2007,10,12
THI,THI,2007,10,13
THI,THI,2007,10,14
THI,THI,2007,10,15
THI,THI,2007,10,19
THI,THI,2007,10,20
THI,THI,2007,10,21
THI,THI,2007,10,22
THI,THI,2007,10,26
THI,THI,2007,10,27
THI,THI,2007,10,28
THI,THI,2007,10,29
THI,THI,2007,11,2
THI,THI,2007,11,3
THI,THI,2007,11,4
THI,THI,2007,11,5
THI,THI,2007,11,9
THI,THI,2007,11,10
THI,THI,2007,11,11
THI,THI,2007,11,12
THI,THI,2007,11,16
THI,THI,2007,11,17
THI,THI,2007,11,18
THI,THI,2007,11,19
THI,THI,2008,5,1
THI,THI,2008,5,2
THI,THI,2008,5,3
THI,THI,2008,5,4
THI,THI,2008,5,5
THI,THI,2008,5,8
THI,THI,2008,5,9
THI,THI,2008,5,10
THI,THI,2008,5,11
THI,THI,2008,5,12
THI,THI,2008,5,15
THI,THI,2008,5,16
THI,THI,2008,5,17
THI,THI,2008,5,18
THI,THI,2008,5,19
THI,THI,2008,5,22
THI,THI,2008,5,23
THI,THI,2008,5,24
THI,THI,2008,5,25
THI,THI,2008,5,26
THI,THI,2008,5,29
THI,THI,2008,5,30
THI,THI,2008,5,31
THI,THI,2008,6,1
THI,THI,2008,6,2
THI,THI,2008,6,5
THI,THI,2008,6,6
THI,THI,2008,6,7
THI,THI,2008,6,8
THI,THI,2008,6,9
THI,THI,2008,6,12
THI,THI,2008,6,13
THI,THI,2008,6,14
THI,THI,2008,6,15
THI,THI,2008,6,16
THI,THI,2008,6,19
THI,THI,2008,6,20
THI,THI,2008,6,21
THI,THI,2008,6,22
THI,THI,2008,6,23
THI,THI,2008,6,26
THI,THI,2008,6,27
THI,THI,2008,6,28
THI,THI,2008,6,29
THI,THI,2008,6,30
THI,THI,2008,7,3
THI,THI,2008,7,4
THI,THI,2008,7,5
THI,THI,2008,7,6
THI,THI,2008,7,7
THI,THI,2008,7,10
THI,THI,2008,7,11
THI,THI,2008,7,12
THI,THI,2008,7,13
THI,THI,2008,7,14
THI,THI,2008,7,17
THI,THI,2008,7,18
THI,THI,2008,7,19
THI,THI,2008,7,20
THI,THI,2008,7,21
THI,THI,2008,7,24
THI,THI,2008,7,25
THI,THI,2008,7,26
THI,THI,2008,7,27
THI,THI,2008,7,28
THI,THI,2008,7,31
THI,THI,2008,8,1
THI,THI,2008,8,2
THI,THI,2008,8,3
THI,THI,2008,8,4
THI,THI,2008,8,7
THI,THI,2008,8,8
THI,THI,2008,8,9
THI,THI,2008,8,10
THI,THI,2008,8,11
THI,THI,2008,8,14
THI,THI,2008,8,15
THI,THI,2008,8,16
THI,THI,2008,8,17
THI,THI,2008,8,18
THI,THI,2008,8,21
THI,THI,2008,8,22
THI,THI,2008,8,23
THI,THI,2008,8,24
THI,THI,2008,8,25
THI,THI,2008,8,28
THI,THI,2008,8,29
THI,THI,2008,8,30
THI,THI,2008,8,31
THI,THI,2008,9,1
THI,THI,2008,9,3
THI,THI,2008,9,4
THI,THI,2008,9,5
THI,THI,2008,9,6
THI,THI,2008,9,7
THI,THI,2008,9,8
THI,THI,2008,9,12
THI,THI,2008,9,13
THI,THI,2008,9,14
THI,THI,2008,9,19
THI,THI,2008,9,20
THI,THI,2008,9,21
THI,THI,2008,9,22
THI,THI,2008,9,26
THI,THI,2008,9,27
THI,THI,2008,9,28
THI,THI,2008,9,29
THI,THI,2008,10,3
THI,THI,2008,10,4
THI,THI,2008,10,5
THI,THI,2008,10,6
THI,THI,2008,10,10
THI,THI,2008,10,11
THI,THI,2008,10,12
THI,THI,2008,10,13
THI,THI,2008,10,17
THI,THI,2008,10,18
THI,THI,2008,10,19
THI,THI,2008,10,20
THI,THI,2008,10,24
THI,THI,2008,10,25
THI,THI,2009,4,30
THI,THI,2009,5,1
THI,THI,2009,5,2
THI,THI,2009,5,4
THI,THI,2009,5,7
THI,THI,2009,5,8
THI,THI,2009,5,9
THI,THI,2009,5,11
THI,THI,2009,5,14
THI,THI,2009,5,15
THI,THI,2009,5,16
THI,THI,2009,5,18
THI,THI,2009,5,21
THI,THI,2009,5,22
THI,THI,2009,5,23
THI,THI,2009,5,27
THI,THI,2009,5,28
THI,THI,2009,5,29
THI,THI,2009,5,30
THI,THI,2009,6,1
THI,THI,2009,6,4
THI,THI,2009,6,5
THI,THI,2009,6,6
THI,THI,2009,6,8
THI,THI,2009,6,11
THI,THI,2009,6,12
THI,THI,2009,6,13
THI,THI,2009,6,15
THI,THI,2009,6,18
THI,THI,2009,6,19
THI,THI,2009,6,20
THI,THI,2009,6,22
THI,THI,2009,6,25
THI,THI,2009,6,26
THI,THI,2009,6,27
THI,THI,2009,6,29
THI,THI,2009,7,2
THI,THI,2009,7,3
THI,THI,2009,7,4
THI,THI,2009,7,6
THI,THI,2009,7,9
THI,THI,2009,7,10
THI,THI,2009,7,11
THI,THI,2009,7,13
THI,THI,2009,7,16
THI,THI,2009,7,17
THI,THI,2009,7,18
THI,THI,2009,7,20
THI,THI,2009,7,21
THI,THI,2009,7,23
THI,THI,2009,7,24
THI,THI,2009,7,25
THI,THI,2009,7,27
THI,THI,2009,7,28
THI,THI,2009,7,30
THI,THI,2009,7,31
THI,THI,2009,8,1
THI,THI,2009,8,3
THI,THI,2009,8,4
THI,THI,2009,8,6
THI,THI,2009,8,7
THI,THI,2009,8,8
THI,THI,2009,8,10
THI,THI,2009,8,11
THI,THI,2009,8,13
THI,THI,2009,8,14
THI,THI,2009,8,15
THI,THI,2009,8,17
THI,THI,2009,8,18
THI,THI,2009,8,20
THI,THI,2009,8,21
THI,THI,2009,8,22
THI,THI,2009,8,24
THI,THI,2009,8,25
THI,THI,2009,8,27
THI,THI,2009,8,28
THI,THI,2009,8,29
THI,THI,2009,8,31
THI,THI,2009,9,1
THI,THI,2009,9,3
THI,THI,2009,9,4
THI,THI,2009,9,5
THI,THI,2009,9,8
THI,THI,2009,9,9
THI,THI,2009,9,10
THI,THI,2009,9,11
THI,THI,2009,9,12
THI,THI,2009,9,14
THI,THI,2009,9,15
THI,THI,2009,9,17
THI,THI,2009,9,18
THI,THI,2009,9,19
THI,THI,2009,9,21
THI,THI,2009,9,22
THI,THI,2009,9,24
THI,THI,2009,9,25
THI,THI,2009,9,26
THI,THI,2009,9,28
THI,THI,2009,9,29
THI,THI,2009,10,1
THI,THI,2009,10,2
THI,THI,2009,10,3
THI,THI,2009,10,5
THI,THI,2009,10,6
THI,THI,2009,10,8
THI,THI,2009,10,9
THI,THI,2009,10,10
THI,THI,2009,10,12
THI,THI,2009,10,13
THI,THI,2009,10,15
THI,THI,2009,10,16
THI,THI,2009,10,17
THI,THI,2009,10,19
THI,THI,2009,10,20
THI,THI,2009,10,22
THI,THI,2009,10,23
THI,THI,2009,10,24
THI,THI,2009,10,26
THI,THI,2009,10,27
THI,THI,2009,10,29
THI,THI,2009,10,30
THI,THI,2009,10,31
THI,THI,2010,4,23
THI,THI,2010,4,24
THI,THI,2010,4,26
THI,THI,2010,4,27
THI,THI,2010,4,30
THI,THI,2010,5,1
THI,THI,2010,5,3
THI,THI,2010,5,4
THI,THI,2010,5,7
THI,THI,2010,5,8
THI,THI,2010,5,10
THI,THI,2010,5,11
THI,THI,2010,5,14
THI,THI,2010,5,15
THI,THI,2010,5,17
THI,THI,2010,5,18
THI,THI,2010,5,21
THI,THI,2010,5,22
THI,THI,2010,5,24
THI,THI,2010,5,25
THI,THI,2010,5,28
THI,THI,2010,5,29
THI,THI,2010,6,1
THI,THI,2010,6,2
THI,THI,2010,6,4
THI,THI,2010,6,5
THI,THI,2010,6,7
THI,THI,2010,6,8
THI,THI,2010,6,11
THI,THI,2010,6,12
THI,THI,2010,6,14
THI,THI,2010,6,15
THI,THI,2010,6,18
THI,THI,2010,6,19
THI,THI,2010,6,21
THI,THI,2010,6,22
THI,THI,2010,6,25
THI,THI,2010,6,26
THI,THI,2010,6,28
THI,THI,2010,6,29
THI,THI,2010,7,2
THI,THI,2010,7,3
THI,THI,2010,7,5
THI,THI,2010,7,6
THI,THI,2010,7,9
THI,THI,2010,7,10
THI,THI,2010,7,12
THI,THI,2010,7,13
THI,THI,2010,7,16
THI,THI,2010,7,17
THI,THI,2010,7,19
THI,THI,2010,7,20
THI,THI,2010,7,23
THI,THI,2010,7,24
THI,THI,2010,7,26
THI,THI,2010,7,27
THI,THI,2010,7,30
THI,THI,2010,7,31
THI,THI,2010,8,2
THI,THI,2010,8,3
THI,THI,2010,8,6
THI,THI,2010,8,7
THI,THI,2010,8,9
THI,THI,2010,8,10
THI,THI,2010,8,13
THI,THI,2010,8,14
THI,THI,2010,8,16
THI,THI,2010,8,17
THI,THI,2010,8,20
THI,THI,2010,8,21
THI,THI,2010,8,23
THI,THI,2010,8,24
THI,THI,2010,8,27
THI,THI,2010,8,28
THI,THI,2010,8,30
THI,THI,2010,8,31
THI,THI,2010,9,3
THI,THI,2010,9,4
THI,THI,2010,9,7
THI,THI,2010,9,8
THI,THI,2010,9,10
THI,THI,2010,9,11
THI,THI,2010,9,13
THI,THI,2010,9,14
THI,THI,2010,9,15
THI,THI,2010,9,17
THI,THI,2010,9,18
THI,THI,2010,9,20
THI,THI,2010,9,21
THI,THI,2010,9,22
THI,THI,2010,9,24
THI,THI,2010,9,25
THI,THI,2010,9,27
THI,THI,2010,9,28
THI,THI,2010,9,29
THI,THI,2010,10,1
THI,THI,2010,10,2
THI,THI,2010,10,4
THI,THI,2010,10,5
THI,THI,2010,10,6
THI,THI,2010,10,8
THI,THI,2010,10,9
THI,THI,2010,10,11
THI,THI,2010,10,12
THI,THI,2010,10,13
THI,THI,2010,10,15
THI,THI,2010,10,16
THI,THI,2010,10,18
THI,THI,2010,10,19
THI,THI,2010,10,20
THI,THI,2010,10,22
THI,THI,2010,10,23
THI,THI,2010,10,25
THI,THI,2010,10,26
THI,THI,2010,10,27
THI,THI,2010,10,29
THI,THI,2010,10,30
THI,THI,2010,11,1
THI,THI,2010,11,2
THI,THI,2010,11,3
THI,THI,2010,11,5
THI,THI,2010,11,6
THI,THI,2011,4,23
THI,THI,2011,4,25
THI,THI,2011,4,27
THI,THI,2011,4,29
THI,THI,2011,4,30
THI,THI,2011,5,2
THI,THI,2011,5,4
THI,THI,2011,5,6
THI,THI,2011,5,7
THI,THI,2011,5,9
THI,THI,2011,5,11
THI,THI,2011,5,13
THI,THI,2011,5,14
THI,THI,2011,5,16
THI,THI,2011,5,18
THI,THI,2011,5,20
THI,THI,2011,5,21
THI,THI,2011,5,23
THI,THI,2011,5,25
THI,THI,2011,5,27
THI,THI,2011,5,28
THI,THI,2011,5,30
THI,THI,2011,6,1
THI,THI,2011,6,3
THI,THI,2011,6,4
THI,THI,2011,6,6
THI,THI,2011,6,8
THI,THI,2011,6,10
THI,THI,2011,6,11
THI,THI,2011,6,13
THI,THI,2011,6,15
THI,THI,2011,6,17
THI,THI,2011,6,18
THI,THI,2011,6,20
THI,THI,2011,6,22
THI,THI,2011,6,24
THI,THI,2011,6,25
THI,THI,2011,6,27
THI,THI,2011,6,29
THI,THI,2011,7,1
THI,THI,2011,7,2
THI,THI,2011,7,4
THI,THI,2011,7,6
THI,THI,2011,7,8
THI,THI,2011,7,9
THI,THI,2011,7,11
THI,THI,2011,7,13
THI,THI,2011,7,15
THI,THI,2011,7,16
THI,THI,2011,7,18
THI,THI,2011,7,20
THI,THI,2011,7,23
THI,THI,2011,7,25
THI,THI,2011,7,27
THI,THI,2011,7,29
THI,THI,2011,7,30
THI,THI,2011,8,1
THI,THI,2011,8,3
THI,THI,2011,8,5
THI,THI,2011,8,6
THI,THI,2011,8,8
THI,THI,2011,8,10
THI,THI,2011,8,12
THI,THI,2011,8,13
THI,THI,2011,8,15
THI,THI,2011,8,17
THI,THI,2011,8,19
THI,THI,2011,8,20
THI,THI,2011,8,22
THI,THI,2011,8,24
THI,THI,2011,8,26
THI,THI,2011,8,27
THI,THI,2011,8,29
THI,THI,2011,8,31
THI,THI,2011,9,2
THI,THI,2011,9,3
THI,THI,2011,9,5
THI,THI,2011,9,7
THI,THI,2011,9,8
THI,THI,2011,9,9
THI,THI,2011,9,10
THI,THI,2011,9,12
THI,THI,2011,9,14
THI,THI,2011,9,15
THI,THI,2011,9,16
THI,THI,2011,9,17
THI,THI,2011,9,19
THI,THI,2011,9,21
THI,THI,2011,9,22
THI,THI,2011,9,23
THI,THI,2011,9,24
THI,THI,2011,9,26
THI,THI,2011,9,28
THI,THI,2011,9,29
THI,THI,2011,9,30
THI,THI,2011,10,1
THI,THI,2011,10,3
THI,THI,2011,10,5
THI,THI,2011,10,6
THI,THI,2011,10,7
THI,THI,2011,10,8
THI,THI,2011,10,10
THI,THI,2011,10,12
THI,THI,2011,10,13
THI,THI,2011,10,14
THI,THI,2011,10,15
THI,THI,2011,10,17
THI,THI,2011,10,19
THI,THI,2011,10,20
THI,THI,2011,10,21
THI,THI,2011,10,22
THI,THI,2011,10,24
THI,THI,2011,10,26
THI,THI,2011,10,28
THI,THI,2011,10,29
THI,THI,2011,10,31
THI,THI,2011,11,2
THI,THI,2011,11,3
THI,THI,2011,11,4
THI,THI,2011,11,5
THI,THI,2012,5,4
THI,THI,2012,5,5
THI,THI,2012,5,7
THI,THI,2012,5,9
THI,THI,2012,5,11
THI,THI,2012,5,12
THI,THI,2012,5,14
THI,THI,2012,5,16
THI,THI,2012,5,18
THI,THI,2012,5,19
THI,THI,2012,5,21
THI,THI,2012,5,23
THI,THI,2012,5,25
THI,THI,2012,5,26
THI,THI,2012,5,28
THI,THI,2012,5,30
THI,THI,2012,6,1
THI,THI,2012,6,2
THI,THI,2012,6,4
THI,THI,2012,6,6
THI,THI,2012,6,8
THI,THI,2012,6,9
THI,THI,2012,6,11
THI,THI,2012,6,13
THI,THI,2012,6,15
THI,THI,2012,6,16
THI,THI,2012,6,18
THI,THI,2012,6,20
THI,THI,2012,6,22
THI,THI,2012,6,23
THI,THI,2012,6,25
THI,THI,2012,6,27
THI,THI,2012,6,29
THI,THI,2012,6,30
THI,THI,2012,7,2
THI,THI,2012,7,4
THI,THI,2012,7,6
THI,THI,2012,7,7
THI,THI,2012,7,9
THI,THI,2012,7,11
THI,THI,2012,7,13
THI,THI,2012,7,14
THI,THI,2012,7,16
THI,THI,2012,7,18
THI,THI,2012,7,20
THI,THI,2012,7,21
THI,THI,2012,7,23
THI,THI,2012,7,25
THI,THI,2012,7,27
THI,THI,2012,7,28
THI,THI,2012,7,30
THI,THI,2012,8,1
THI,THI,2012,8,3
THI,THI,2012,8,4
THI,THI,2012,8,6
THI,THI,2012,8,8
THI,THI,2012,8,10
THI,THI,2012,8,11
THI,THI,2012,8,13
THI,THI,2012,8,15
THI,THI,2012,8,17
THI,THI,2012,8,18
THI,THI,2012,8,20
THI,THI,2012,8,22
THI,THI,2012,8,24
THI,THI,2012,8,25
THI,THI,2012,8,27
THI,THI,2012,8,29
THI,THI,2012,8,31
THI,THI,2012,9,1
THI,THI,2012,9,3
THI,THI,2012,9,5
THI,THI,2012,9,6
THI,THI,2012,9,7
THI,THI,2012,9,8
THI,THI,2012,9,10
THI,THI,2012,9,12
THI,THI,2012,9,13
THI,THI,2012,9,14
THI,THI,2012,9,15
THI,THI,2012,9,17
THI,THI,2012,9,19
THI,THI,2012,9,20
THI,THI,2012,9,21
THI,THI,2012,9,22
THI,THI,2012,9,24
THI,THI,2012,9,26
THI,THI,2012,9,27
THI,THI,2012,9,28
THI,THI,2012,9,29
THI,THI,2012,10,1
THI,THI,2012,10,3
THI,THI,2012,10,4
THI,THI,2012,10,5
THI,THI,2012,10,6
THI,THI,2012,10,8
THI,THI,2012,10,10
THI,THI,2012,10,11
THI,THI,2012,10,12
THI,THI,2012,10,13
THI,THI,2012,10,15
THI,THI,2012,10,17
THI,THI,2012,10,18
THI,THI,2012,10,19
THI,THI,2012,10,20
THI,THI,2012,10,22
THI,THI,2012,10,24
THI,THI,2012,10,25
THI,THI,2012,10,26
THI,THI,2012,10,27
THI,THI,2012,10,29
THI,THI,2012,10,31
THI,THI,2012,11,1
THI,THI,2012,11,2
THI,THI,2012,11,3
THI,THI,2012,11,5
THI,THI,2012,11,7
THI,THI,2012,11,8
THI,THI,2012,11,9
THI,THI,2012,11,10
THI,THI,2012,11,16
THI,THI,2012,11,17
THI,THI,2014,4,18
THI,THI,2014,4,19
THI,THI,2014,4,25
THI,THI,2014,4,26
THI,THI,2014,4,27
THI,THI,2014,5,2
THI,THI,2014,5,3
THI,THI,2014,5,4
THI,THI,2014,5,7
THI,THI,2014,5,9
THI,THI,2014,5,10
THI,THI,2014,5,11
THI,THI,2014,5,14
THI,THI,2014,5,16
THI,THI,2014,5,17
THI,THI,2014,5,18
THI,THI,2014,5,21
THI,THI,2014,5,23
THI,THI,2014,5,24
THI,THI,2014,5,25
THI,THI,2014,5,26
THI,THI,2014,5,28
THI,THI,2014,5,30
THI,THI,2014,5,31
THI,THI,2014,6,1
THI,THI,2014,6,4
THI,THI,2014,6,6
THI,THI,2014,6,7
THI,THI,2014,6,8
THI,THI,2014,6,11
THI,THI,2014,6,13
THI,THI,2014,6,14
THI,THI,2014,6,15
THI,THI,2014,6,18
THI,THI,2014,6,20
THI,THI,2014,6,21
THI,THI,2014,6,22
THI,THI,2014,6,25
THI,THI,2014,6,27
THI,THI,2014,6,28
THI,THI,2014,6,29
THI,THI,2014,7,2
THI,THI,2014,7,4
THI,THI,2014,7,5
THI,THI,2014,7,6
THI,THI,2014,7,9
THI,THI,2014,7,11
THI,THI,2014,7,12
THI,THI,2014,7,13
THI,THI,2014,7,16
THI,THI,2014,7,18
THI,THI,2014,7,19
THI,THI,2014,7,20
THI,THI,2014,7,23
THI,THI,2014,7,25
THI,THI,2014,7,26
THI,THI,2014,7,27
THI,THI,2014,7,30
THI,THI,2014,8,1
THI,THI,2014,8,2
THI,THI,2014,8,3
THI,THI,2014,8,6
THI,THI,2014,8,8
THI,THI,2014,8,9
THI,THI,2014,8,10
THI,THI,2014,8,13
THI,THI,2014,8,15
THI,THI,2014,8,16
THI,THI,2014,8,17
THI,THI,2014,8,20
THI,THI,2014,8,22
THI,THI,2014,8,23
THI,THI,2014,8,24
THI,THI,2014,8,27
THI,THI,2014,8,29
THI,THI,2014,8,30
THI,THI,2014,8,31
THI,THI,2014,9,1
THI,THI,2014,9,3
THI,THI,2014,9,5
THI,THI,2014,9,6
THI,THI,2014,9,7
THI,THI,2014,9,10
THI,THI,2014,9,12
THI,THI,2014,9,13
THI,THI,2014,9,14
THI,THI,2014,9,17
THI,THI,2014,9,19
THI,THI,2014,9,20
THI,THI,2014,9,21
THI,THI,2014,9,24
THI,THI,2014,9,26
THI,THI,2014,9,27
THI,THI,2014,9,28
THI,THI,2014,10,1
THI,THI,2014,10,3
THI,THI,2014,10,4
THI,THI,2014,10,5
THI,THI,2014,10,8
THI,THI,2014,10,10
THI,THI,2014,10,11
THI,THI,2014,10,12
THI,THI,2014,10,15
THI,THI,2014,10,17
THI,THI,2014,10,18
THI,THI,2014,10,19
THI,THI,2014,10,22
THI,THI,2014,10,24
THI,THI,2014,10,25
THI,THI,2014,10,26
THI,THI,2014,10,29
THI,THI,2014,10,31
THI,THI,2014,11,1
THI,THI,2014,11,2
THI,THI,2014,11,5
THI,THI,2014,11,7
THI,THI,2014,11,8
THI,THI,2014,11,9
THI,THI,2014,11,12
THI,THI,2014,11,15
THI,THI,2014,11,16
THI,THI,2015,4,27
THI,THI,2015,4,29
THI,THI,2015,5,1
THI,THI,2015,5,2
THI,THI,2015,5,4
THI,THI,2015,5,6
THI,THI,2015,5,8
THI,THI,2015,5,9
THI,THI,2015,5,11
THI,THI,2015,5,13
THI,THI,2015,5,15
THI,THI,2015,5,16
THI,THI,2015,5,18
THI,THI,2015,5,20
THI,THI,2015,5,22
THI,THI,2015,5,23
THI,THI,2015,5,25
THI,THI,2015,5,27
THI,THI,2015,5,29
THI,THI,2015,5,30
THI,THI,2015,6,1
THI,THI,2015,6,3
THI,THI,2015,6,5
THI,THI,2015,6,6
THI,THI,2015,6,8
THI,THI,2015,6,10
THI,THI,2015,6,12
THI,THI,2015,6,13
THI,THI,2015,6,15
THI,THI,2015,6,17
THI,THI,2015,6,19
THI,THI,2015,6,20
THI,THI,2015,6,22
THI,THI,2015,6,24
THI,THI,2015,6,26
THI,THI,2015,6,27
THI,THI,2015,6,29
THI,THI,2015,7,1
THI,THI,2015,7,3
THI,THI,2015,7,4
THI,THI,2015,7,6
THI,THI,2015,7,8
THI,THI,2015,7,10
THI,THI,2015,7,11
THI,THI,2015,7,13
THI,THI,2015,7,15
THI,THI,2015,7,17
THI,THI,2015,7,18
THI,THI,2015,7,20
THI,THI,2015,7,22
THI,THI,2015,7,24
THI,THI,2015,7,27
THI,THI,2015,7,29
THI,THI,2015,7,31
THI,THI,2015,8,1
THI,THI,2015,8,3
THI,THI,2015,8,5
THI,THI,2015,8,8
THI,THI,2015,8,10
THI,THI,2015,8,12
THI,THI,2015,8,15
THI,THI,2015,8,17
THI,THI,2015,8,19
THI,THI,2015,8,22
THI,THI,2015,8,24
THI,THI,2015,8,26
THI,THI,2015,8,29
THI,THI,2015,8,31
THI,THI,2015,9,2
THI,THI,2015,9,4
THI,THI,2015,9,5
THI,THI,2015,9,7
THI,THI,2015,9,9
THI,THI,2015,9,11
THI,THI,2015,9,12
THI,THI,2015,9,14
THI,THI,2015,9,19
THI,THI,2015,9,21
THI,THI,2015,9,23
THI,THI,2015,9,25
THI,THI,2015,9,26
THI,THI,2015,9,28
THI,THI,2015,9,30
THI,THI,2015,10,2
THI,THI,2015,10,3
THI,THI,2015,10,5
THI,THI,2015,10,7
THI,THI,2015,10,9
THI,THI,2015,10,10
THI,THI,2015,10,12
THI,THI,2015,10,14
THI,THI,2015,10,16
THI,THI,2015,10,17
THI,THI,2015,10,19
THI,THI,2015,10,21
THI,THI,2015,10,23
THI,THI,2015,10,24
TIM,TIM,1998,8,29
TIM,TIM,1998,8,30
TIM,TIM,1998,8,31
TIM,TIM,1998,9,1
TIM,TIM,1998,9,2
TIM,TIM,1998,9,3
TIM,TIM,1998,9,4
TIM,TIM,1998,9,5
TIM,TIM,1998,9,6
TIM,TIM,1998,9,7
TIM,TIM,1999,8,30
TIM,TIM,1999,8,31
TIM,TIM,1999,9,1
TIM,TIM,1999,9,2
TIM,TIM,1999,9,3
TIM,TIM,1999,9,4
TIM,TIM,1999,9,5
TIM,TIM,1999,9,6
TIM,TIM,2000,8,26
TIM,TIM,2000,8,28
TIM,TIM,2000,8,29
TIM,TIM,2000,8,30
TIM,TIM,2000,8,31
TIM,TIM,2000,9,1
TIM,TIM,2000,9,3
TIM,TIM,2000,9,4
TIM,TIM,2001,8,25
TIM,TIM,2001,8,26
TIM,TIM,2001,8,31
TIM,TIM,2001,9,1
TIM,TIM,2001,9,2
TIM,TIM,2001,9,3
TIM,TIM,2002,8,24
TIM,TIM,2002,8,25
TIM,TIM,2002,8,28
TIM,TIM,2002,8,29
TIM,TIM,2002,8,30
TIM,TIM,2002,8,31
TIM,TIM,2002,9,1
TIM,TIM,2002,9,2
TIM,TIM,2004,8,28
TIM,TIM,2004,8,29
TIM,TIM,2004,9,1
TIM,TIM,2004,9,2
TIM,TIM,2004,9,3
TIM,TIM,2004,9,4
TIM,TIM,2004,9,5
TIM,TIM,2004,9,6
TIM,TIM,2005,8,27
TIM,TIM,2005,8,28
TIM,TIM,2005,8,31
TIM,TIM,2005,9,1
TIM,TIM,2005,9,2
TIM,TIM,2005,9,3
TIM,TIM,2005,9,4
TIM,TIM,2005,9,5
TIM,TIM,2006,8,26
TIM,TIM,2006,8,27
TIM,TIM,2006,8,30
TIM,TIM,2006,8,31
TIM,TIM,2006,9,1
TIM,TIM,2006,9,2
TIM,TIM,2006,9,3
TIM,TIM,2006,9,4
TIM,TIM,2007,8,24
TIM,TIM,2007,8,25
TIM,TIM,2007,8,26
TIM,TIM,2007,8,31
TIM,TIM,2007,9,1
TIM,TIM,2007,9,2
TIM,TIM,2007,9,3
TIM,TIM,2008,8,22
TIM,TIM,2008,8,23
TIM,TIM,2008,8,24
TIM,TIM,2008,8,29
TIM,TIM,2008,8,30
TIM,TIM,2008,8,31
TIM,TIM,2008,9,1
TIM,TIM,2009,8,28
TIM,TIM,2009,8,29
TIM,TIM,2009,8,30
TIM,TIM,2009,9,4
TIM,TIM,2009,9,5
TIM,TIM,2009,9,6
TIM,TIM,2009,9,7
TIM,TIM,2010,8,27
TIM,TIM,2010,8,28
TIM,TIM,2010,8,29
TIM,TIM,2010,9,3
TIM,TIM,2010,9,4
TIM,TIM,2010,9,5
TIM,TIM,2010,9,6
TIM,TIM,2011,8,26
TIM,TIM,2011,8,27
TIM,TIM,2011,9,2
TIM,TIM,2011,9,3
TIM,TIM,2011,9,4
TIM,TIM,2011,9,5
TIM,TIM,2012,8,24
TIM,TIM,2012,8,25
TIM,TIM,2012,8,26
TIM,TIM,2012,8,31
TIM,TIM,2012,9,1
TIM,TIM,2012,9,2
TIM,TIM,2012,9,3
TIM,TIM,2013,8,23
TIM,TIM,2013,8,24
TIM,TIM,2013,8,25
TIM,TIM,2013,8,26
TIM,TIM,2013,8,28
TIM,TIM,2013,8,29
TIM,TIM,2013,8,30
TIM,TIM,2013,8,31
TIM,TIM,2013,9,1
TIM,TIM,2013,9,2
TIM,TIM,2014,8,22
TIM,TIM,2014,8,23
TIM,TIM,2014,8,24
TIM,TIM,2014,8,29
TIM,TIM,2014,8,30
TIM,TIM,2014,8,31
TIM,TIM,2014,9,1
TIM,TIM,2015,8,28
TIM,TIM,2015,8,29
TIM,TIM,2015,8,30
TIM,TIM,2015,9,4
TIM,TIM,2015,9,5
TIM,TIM,2015,9,6
TIM,TIM,2015,9,7
TUR,TUR,1998,9,9
TUR,TUR,1998,9,10
TUR,TUR,1998,9,11
TUR,TUR,1998,9,12
TUR,TUR,1998,9,13
TUR,TUR,1998,9,16
TUR,TUR,1998,9,17
TUR,TUR,1998,9,18
TUR,TUR,1998,9,19
TUR,TUR,1998,9,20
TUR,TUR,1998,9,23
TUR,TUR,1998,9,24
TUR,TUR,1998,9,25
TUR,TUR,1998,9,26
TUR,TUR,1998,9,27
TUR,TUR,1998,9,30
TUR,TUR,1998,10,1
TUR,TUR,1998,10,2
TUR,TUR,1998,10,3
TUR,TUR,1998,10,4
TUR,TUR,1998,10,7
TUR,TUR,1998,10,8
TUR,TUR,1998,10,9
TUR,TUR,1998,11,29
TUR,TUR,1998,12,2
TUR,TUR,1998,12,3
TUR,TUR,1998,12,4
TUR,TUR,1998,12,5
TUR,TUR,1998,12,6
TUR,TUR,1998,12,9
TUR,TUR,1998,12,10
TUR,TUR,1998,12,11
TUR,TUR,1998,12,12
TUR,TUR,1998,12,13
TUR,TUR,1998,12,16
TUR,TUR,1998,12,17
TUR,TUR,1998,12,18
TUR,TUR,1998,12,19
TUR,TUR,1998,12,20
TUR,TUR,1998,12,26
TUR,TUR,1998,12,27
TUR,TUR,1998,12,30
TUR,TUR,1999,9,8
TUR,TUR,1999,9,9
TUR,TUR,1999,9,10
TUR,TUR,1999,9,11
TUR,TUR,1999,9,12
TUR,TUR,1999,9,15
TUR,TUR,1999,9,16
TUR,TUR,1999,9,17
TUR,TUR,1999,9,18
TUR,TUR,1999,9,19
TUR,TUR,1999,9,22
TUR,TUR,1999,9,23
TUR,TUR,1999,9,24
TUR,TUR,1999,9,25
TUR,TUR,1999,9,26
TUR,TUR,1999,9,29
TUR,TUR,1999,9,30
TUR,TUR,1999,10,1
TUR,TUR,1999,10,2
TUR,TUR,1999,10,3
TUR,TUR,1999,10,6
TUR,TUR,1999,10,7
TUR,TUR,1999,10,8
TUR,TUR,1999,11,28
TUR,TUR,1999,12,1
TUR,TUR,1999,12,2
TUR,TUR,1999,12,4
TUR,TUR,1999,12,5
TUR,TUR,1999,12,8
TUR,TUR,1999,12,9
TUR,TUR,1999,12,10
TUR,TUR,1999,12,12
TUR,TUR,1999,12,15
TUR,TUR,1999,12,16
TUR,TUR,1999,12,19
TUR,TUR,1999,12,22
TUR,TUR,1999,12,23
TUR,TUR,1999,12,26
TUR,TUR,1999,12,27
TUR,TUR,1999,12,30
TUR,TUR,2000,9,6
TUR,TUR,2000,9,7
TUR,TUR,2000,9,8
TUR,TUR,2000,9,9
TUR,TUR,2000,9,10
TUR,TUR,2000,9,13
TUR,TUR,2000,9,14
TUR,TUR,2000,9,15
TUR,TUR,2000,9,16
TUR,TUR,2000,9,20
TUR,TUR,2000,9,21
TUR,TUR,2000,9,22
TUR,TUR,2000,9,23
TUR,TUR,2000,9,24
TUR,TUR,2000,9,27
TUR,TUR,2000,9,28
TUR,TUR,2000,9,29
TUR,TUR,2000,9,30
TUR,TUR,2000,10,1
TUR,TUR,2000,10,4
TUR,TUR,2000,10,5
TUR,TUR,2000,11,26
TUR,TUR,2000,11,29
TUR,TUR,2000,12,1
TUR,TUR,2000,12,2
TUR,TUR,2000,12,3
TUR,TUR,2000,12,6
TUR,TUR,2000,12,7
TUR,TUR,2000,12,8
TUR,TUR,2000,12,9
TUR,TUR,2000,12,10
TUR,TUR,2000,12,15
TUR,TUR,2000,12,23
TUR,TUR,2000,12,27
TUR,TUR,2000,12,28
TUR,TUR,2000,12,29
TUR,TUR,2000,12,30
TUR,TUR,2000,12,31
TUR,TUR,2001,1,1
TUR,TUR,2001,1,3
TUR,TUR,2001,1,4
TUR,TUR,2001,1,5
TUR,TUR,2001,1,6
TUR,TUR,2001,1,7
TUR,TUR,2001,1,10
TUR,TUR,2001,1,11
TUR,TUR,2001,1,12
TUR,TUR,2001,1,14
TUR,TUR,2001,1,17
TUR,TUR,2001,1,18
TUR,TUR,2001,1,19
TUR,TUR,2001,1,25
TUR,TUR,2001,1,26
TUR,TUR,2001,1,31
TUR,TUR,2001,2,1
TUR,TUR,2001,2,3
TUR,TUR,2001,2,4
TUR,TUR,2001,2,7
TUR,TUR,2001,2,8
TUR,TUR,2001,2,9
TUR,TUR,2001,2,10
TUR,TUR,2001,2,11
TUR,TUR,2001,2,21
TUR,TUR,2001,2,22
TUR,TUR,2001,2,23
TUR,TUR,2001,2,24
TUR,TUR,2001,2,25
TUR,TUR,2001,2,28
TUR,TUR,2001,3,1
TUR,TUR,2001,3,2
TUR,TUR,2001,3,3
TUR,TUR,2001,3,4
TUR,TUR,2001,3,7
TUR,TUR,2001,3,8
TUR,TUR,2001,3,9
TUR,TUR,2001,3,10
TUR,TUR,2001,3,11
TUR,TUR,2001,3,14
TUR,TUR,2001,3,15
TUR,TUR,2001,3,17
TUR,TUR,2001,3,18
TUR,TUR,2001,3,21
TUR,TUR,2001,3,22
TUR,TUR,2001,3,23
TUR,TUR,2001,3,24
TUR,TUR,2001,3,25
TUR,TUR,2001,3,28
TUR,TUR,2001,3,29
TUR,TUR,2001,4,4
TUR,TUR,2001,4,5
TUR,TUR,2001,9,5
TUR,TUR,2001,9,6
TUR,TUR,2001,9,7
TUR,TUR,2001,9,8
TUR,TUR,2001,9,9
TUR,TUR,2001,9,13
TUR,TUR,2001,9,14
TUR,TUR,2001,9,15
TUR,TUR,2001,9,16
TUR,TUR,2001,9,17
TUR,TUR,2001,9,18
TUR,TUR,2001,9,19
TUR,TUR,2001,9,20
TUR,TUR,2001,9,21
TUR,TUR,2001,9,22
TUR,TUR,2001,9,24
TUR,TUR,2001,9,26
TUR,TUR,2001,9,27
TUR,TUR,2001,9,28
TUR,TUR,2001,9,30
TUR,TUR,2001,10,3
TUR,TUR,2001,10,4
TUR,TUR,2001,11,25
TUR,TUR,2001,11,28
TUR,TUR,2001,11,29
TUR,TUR,2001,11,30
TUR,TUR,2001,12,1
TUR,TUR,2001,12,2
TUR,TUR,2001,12,5
TUR,TUR,2001,12,7
TUR,TUR,2001,12,9
TUR,TUR,2001,12,12
TUR,TUR,2001,12,14
TUR,TUR,2001,12,15
TUR,TUR,2001,12,16
TUR,TUR,2001,12,19
TUR,TUR,2001,12,20
TUR,TUR,2001,12,21
TUR,TUR,2001,12,23
TUR,TUR,2001,12,26
TUR,TUR,2001,12,27
TUR,TUR,2001,12,29
TUR,TUR,2001,12,31
TUR,TUR,2002,1,1
TUR,TUR,2002,1,5
TUR,TUR,2002,1,6
TUR,TUR,2002,1,12
TUR,TUR,2002,1,13
TUR,TUR,2002,1,16
TUR,TUR,2002,1,17
TUR,TUR,2002,1,19
TUR,TUR,2002,1,20
TUR,TUR,2002,1,23
TUR,TUR,2002,1,24
TUR,TUR,2002,1,25
TUR,TUR,2002,1,26
TUR,TUR,2002,1,27
TUR,TUR,2002,1,30
TUR,TUR,2002,1,31
TUR,TUR,2002,2,1
TUR,TUR,2002,2,2
TUR,TUR,2002,2,3
TUR,TUR,2002,2,6
TUR,TUR,2002,2,7
TUR,TUR,2002,2,8
TUR,TUR,2002,2,9
TUR,TUR,2002,2,10
TUR,TUR,2002,2,13
TUR,TUR,2002,2,14
TUR,TUR,2002,2,15
TUR,TUR,2002,2,16
TUR,TUR,2002,2,17
TUR,TUR,2002,2,20
TUR,TUR,2002,2,21
TUR,TUR,2002,2,22
TUR,TUR,2002,2,23
TUR,TUR,2002,2,24
TUR,TUR,2002,2,27
TUR,TUR,2002,2,28
TUR,TUR,2002,3,1
TUR,TUR,2002,3,2
TUR,TUR,2002,3,6
TUR,TUR,2002,3,7
TUR,TUR,2002,3,8
TUR,TUR,2002,3,9
TUR,TUR,2002,3,10
TUR,TUR,2002,3,13
TUR,TUR,2002,3,14
TUR,TUR,2002,3,15
TUR,TUR,2002,3,16
TUR,TUR,2002,3,17
TUR,TUR,2002,3,20
TUR,TUR,2002,3,21
TUR,TUR,2002,3,22
TUR,TUR,2002,3,23
TUR,TUR,2002,3,24
TUR,TUR,2002,3,27
TUR,TUR,2002,3,28
TUR,TUR,2002,3,29
TUR,TUR,2002,3,30
TUR,TUR,2002,4,4
TUR,TUR,2002,9,4
TUR,TUR,2002,9,5
TUR,TUR,2002,9,6
TUR,TUR,2002,9,7
TUR,TUR,2002,9,8
TUR,TUR,2002,9,11
TUR,TUR,2002,9,12
TUR,TUR,2002,9,13
TUR,TUR,2002,9,14
TUR,TUR,2002,9,15
TUR,TUR,2002,9,16
TUR,TUR,2002,9,17
TUR,TUR,2002,9,18
TUR,TUR,2002,9,19
TUR,TUR,2002,9,20
TUR,TUR,2002,9,21
TUR,TUR,2002,9,22
TUR,TUR,2002,9,23
TUR,TUR,2002,9,25
TUR,TUR,2002,9,26
TUR,TUR,2002,9,27
TUR,TUR,2002,9,28
TUR,TUR,2002,9,29
TUR,TUR,2002,10,2
TUR,TUR,2002,10,3
TUR,TUR,2002,12,1
TUR,TUR,2002,12,4
TUR,TUR,2002,12,5
TUR,TUR,2002,12,6
TUR,TUR,2002,12,7
TUR,TUR,2002,12,8
TUR,TUR,2002,12,11
TUR,TUR,2002,12,12
TUR,TUR,2002,12,13
TUR,TUR,2002,12,14
TUR,TUR,2002,12,15
TUR,TUR,2002,12,18
TUR,TUR,2002,12,19
TUR,TUR,2002,12,20
TUR,TUR,2002,12,21
TUR,TUR,2002,12,22
TUR,TUR,2002,12,26
TUR,TUR,2002,12,27
TUR,TUR,2002,12,28
TUR,TUR,2002,12,29
TUR,TUR,2002,12,30
TUR,TUR,2002,12,31
TUR,TUR,2003,1,1
TUR,TUR,2003,1,3
TUR,TUR,2003,1,4
TUR,TUR,2003,1,5
TUR,TUR,2003,1,8
TUR,TUR,2003,1,9
TUR,TUR,2003,1,10
TUR,TUR,2003,1,11
TUR,TUR,2003,1,12
TUR,TUR,2003,1,15
TUR,TUR,2003,1,17
TUR,TUR,2003,1,18
TUR,TUR,2003,1,19
TUR,TUR,2003,1,22
TUR,TUR,2003,1,24
TUR,TUR,2003,1,25
TUR,TUR,2003,1,26
TUR,TUR,2003,1,29
TUR,TUR,2003,1,30
TUR,TUR,2003,1,31
TUR,TUR,2003,2,1
TUR,TUR,2003,2,2
TUR,TUR,2003,2,5
TUR,TUR,2003,2,6
TUR,TUR,2003,2,7
TUR,TUR,2003,2,8
TUR,TUR,2003,2,9
TUR,TUR,2003,2,12
TUR,TUR,2003,2,13
TUR,TUR,2003,2,26
TUR,TUR,2003,2,27
TUR,TUR,2003,3,5
TUR,TUR,2003,3,6
TUR,TUR,2003,3,7
TUR,TUR,2003,3,8
TUR,TUR,2003,3,9
TUR,TUR,2003,3,10
TUR,TUR,2003,3,12
TUR,TUR,2003,3,13
TUR,TUR,2003,3,14
TUR,TUR,2003,3,15
TUR,TUR,2003,3,16
TUR,TUR,2003,3,17
TUR,TUR,2003,3,19
TUR,TUR,2003,3,20
TUR,TUR,2003,3,21
TUR,TUR,2003,3,22
TUR,TUR,2003,3,23
TUR,TUR,2003,3,24
TUR,TUR,2003,3,26
TUR,TUR,2003,3,27
TUR,TUR,2003,3,28
TUR,TUR,2003,3,29
TUR,TUR,2003,3,30
TUR,TUR,2003,3,31
TUR,TUR,2003,4,2
TUR,TUR,2003,4,3
TUR,TUR,2003,9,3
TUR,TUR,2003,9,4
TUR,TUR,2003,9,5
TUR,TUR,2003,9,6
TUR,TUR,2003,9,7
TUR,TUR,2003,9,10
TUR,TUR,2003,9,11
TUR,TUR,2003,9,12
TUR,TUR,2003,9,13
TUR,TUR,2003,9,14
TUR,TUR,2003,9,17
TUR,TUR,2003,9,18
TUR,TUR,2003,9,19
TUR,TUR,2003,9,20
TUR,TUR,2003,9,21
TUR,TUR,2003,9,24
TUR,TUR,2003,9,25
TUR,TUR,2003,9,26
TUR,TUR,2003,9,27
TUR,TUR,2003,9,28
TUR,TUR,2003,10,1
TUR,TUR,2003,10,2
TUR,TUR,2003,11,30
TUR,TUR,2003,12,3
TUR,TUR,2003,12,4
TUR,TUR,2003,12,5
TUR,TUR,2003,12,6
TUR,TUR,2003,12,7
TUR,TUR,2003,12,10
TUR,TUR,2003,12,11
TUR,TUR,2003,12,12
TUR,TUR,2003,12,13
TUR,TUR,2003,12,14
TUR,TUR,2003,12,17
TUR,TUR,2003,12,18
TUR,TUR,2003,12,19
TUR,TUR,2003,12,20
TUR,TUR,2003,12,21
TUR,TUR,2003,12,26
TUR,TUR,2003,12,27
TUR,TUR,2003,12,28
TUR,TUR,2003,12,29
TUR,TUR,2003,12,30
TUR,TUR,2003,12,31
TUR,TUR,2004,1,1
TUR,TUR,2004,1,2
TUR,TUR,2004,1,3
TUR,TUR,2004,1,4
TUR,TUR,2004,1,7
TUR,TUR,2004,1,8
TUR,TUR,2004,1,9
TUR,TUR,2004,1,10
TUR,TUR,2004,1,11
TUR,TUR,2004,1,14
TUR,TUR,2004,1,15
TUR,TUR,2004,1,16
TUR,TUR,2004,1,17
TUR,TUR,2004,1,18
TUR,TUR,2004,1,21
TUR,TUR,2004,1,22
TUR,TUR,2004,1,23
TUR,TUR,2004,1,24
TUR,TUR,2004,1,28
TUR,TUR,2004,1,29
TUR,TUR,2004,2,1
TUR,TUR,2004,2,4
TUR,TUR,2004,2,6
TUR,TUR,2004,2,7
TUR,TUR,2004,2,8
TUR,TUR,2004,2,15
TUR,TUR,2004,2,18
TUR,TUR,2004,2,19
TUR,TUR,2004,2,20
TUR,TUR,2004,2,21
TUR,TUR,2004,2,22
TUR,TUR,2004,2,25
TUR,TUR,2004,2,26
TUR,TUR,2004,2,27
TUR,TUR,2004,2,28
TUR,TUR,2004,2,29
TUR,TUR,2004,3,3
TUR,TUR,2004,3,4
TUR,TUR,2004,3,5
TUR,TUR,2004,3,6
TUR,TUR,2004,3,10
TUR,TUR,2004,3,11
TUR,TUR,2004,3,12
TUR,TUR,2004,3,13
TUR,TUR,2004,3,14
TUR,TUR,2004,3,17
TUR,TUR,2004,3,18
TUR,TUR,2004,3,19
TUR,TUR,2004,3,20
TUR,TUR,2004,3,21
TUR,TUR,2004,3,24
TUR,TUR,2004,3,25
TUR,TUR,2004,3,26
TUR,TUR,2004,3,27
TUR,TUR,2004,3,28
TUR,TUR,2004,3,31
TUR,TUR,2004,4,1
TUR,TUR,2004,9,8
TUR,TUR,2004,9,9
TUR,TUR,2004,9,10
TUR,TUR,2004,9,11
TUR,TUR,2004,9,12
TUR,TUR,2004,9,15
TUR,TUR,2004,9,16
TUR,TUR,2004,9,17
TUR,TUR,2004,9,18
TUR,TUR,2004,9,19
TUR,TUR,2004,9,22
TUR,TUR,2004,9,23
TUR,TUR,2004,9,24
TUR,TUR,2004,9,25
TUR,TUR,2004,9,26
TUR,TUR,2004,9,29
TUR,TUR,2004,9,30
TUR,TUR,2004,10,1
TUR,TUR,2004,10,2
TUR,TUR,2004,10,3
TUR,TUR,2004,10,6
TUR,TUR,2004,10,7
TUR,TUR,2004,11,28
TUR,TUR,2004,12,1
TUR,TUR,2004,12,2
TUR,TUR,2004,12,3
TUR,TUR,2004,12,4
TUR,TUR,2004,12,5
TUR,TUR,2004,12,8
TUR,TUR,2004,12,9
TUR,TUR,2004,12,10
TUR,TUR,2004,12,11
TUR,TUR,2004,12,12
TUR,TUR,2004,12,15
TUR,TUR,2004,12,16
TUR,TUR,2004,12,17
TUR,TUR,2004,12,18
TUR,TUR,2004,12,19
TUR,TUR,2004,12,26
TUR,TUR,2004,12,27
TUR,TUR,2004,12,28
TUR,TUR,2004,12,29
TUR,TUR,2004,12,30
TUR,TUR,2004,12,31
TUR,TUR,2005,1,1
TUR,TUR,2005,1,2
TUR,TUR,2005,1,5
TUR,TUR,2005,1,6
TUR,TUR,2005,1,7
TUR,TUR,2005,1,8
TUR,TUR,2005,1,9
TUR,TUR,2005,1,12
TUR,TUR,2005,1,13
TUR,TUR,2005,1,14
TUR,TUR,2005,1,15
TUR,TUR,2005,1,16
TUR,TUR,2005,1,19
TUR,TUR,2005,1,20
TUR,TUR,2005,1,21
TUR,TUR,2005,1,26
TUR,TUR,2005,1,28
TUR,TUR,2005,2,4
TUR,TUR,2005,2,5
TUR,TUR,2005,2,6
TUR,TUR,2005,2,9
TUR,TUR,2005,2,10
TUR,TUR,2005,2,11
TUR,TUR,2005,2,12
TUR,TUR,2005,2,13
TUR,TUR,2005,2,16
TUR,TUR,2005,2,17
TUR,TUR,2005,2,18
TUR,TUR,2005,2,19
TUR,TUR,2005,2,20
TUR,TUR,2005,2,23
TUR,TUR,2005,2,24
TUR,TUR,2005,2,25
TUR,TUR,2005,2,26
TUR,TUR,2005,2,27
TUR,TUR,2005,3,2
TUR,TUR,2005,3,3
TUR,TUR,2005,3,4
TUR,TUR,2005,3,5
TUR,TUR,2005,3,6
TUR,TUR,2005,3,9
TUR,TUR,2005,3,10
TUR,TUR,2005,3,11
TUR,TUR,2005,3,12
TUR,TUR,2005,3,13
TUR,TUR,2005,3,16
TUR,TUR,2005,3,17
TUR,TUR,2005,3,18
TUR,TUR,2005,3,19
TUR,TUR,2005,3,20
TUR,TUR,2005,3,23
TUR,TUR,2005,3,24
TUR,TUR,2005,3,25
TUR,TUR,2005,3,26
TUR,TUR,2005,3,30
TUR,TUR,2005,3,31
TUR,TUR,2005,4,1
TUR,TUR,2005,4,2
TUR,TUR,2005,4,3
TUR,TUR,2005,4,6
TUR,TUR,2005,4,7
TUR,TUR,2005,9,7
TUR,TUR,2005,9,8
TUR,TUR,2005,9,9
TUR,TUR,2005,9,10
TUR,TUR,2005,9,11
TUR,TUR,2005,9,14
TUR,TUR,2005,9,15
TUR,TUR,2005,9,16
TUR,TUR,2005,9,17
TUR,TUR,2005,9,18
TUR,TUR,2005,9,21
TUR,TUR,2005,9,22
TUR,TUR,2005,9,23
TUR,TUR,2005,9,24
TUR,TUR,2005,9,25
TUR,TUR,2005,9,28
TUR,TUR,2005,9,29
TUR,TUR,2005,9,30
TUR,TUR,2005,10,1
TUR,TUR,2005,10,2
TUR,TUR,2005,10,5
TUR,TUR,2005,10,6
TUR,TUR,2005,11,27
TUR,TUR,2005,11,30
TUR,TUR,2005,12,1
TUR,TUR,2005,12,2
TUR,TUR,2005,12,3
TUR,TUR,2005,12,4
TUR,TUR,2005,12,7
TUR,TUR,2005,12,9
TUR,TUR,2005,12,10
TUR,TUR,2005,12,11
TUR,TUR,2005,12,14
TUR,TUR,2005,12,15
TUR,TUR,2005,12,16
TUR,TUR,2005,12,17
TUR,TUR,2005,12,18
TUR,TUR,2005,12,21
TUR,TUR,2005,12,22
TUR,TUR,2005,12,23
TUR,TUR,2005,12,26
TUR,TUR,2005,12,27
TUR,TUR,2005,12,28
TUR,TUR,2005,12,29
TUR,TUR,2005,12,30
TUR,TUR,2005,12,31
TUR,TUR,2006,1,1
TUR,TUR,2006,1,2
TUR,TUR,2006,1,4
TUR,TUR,2006,1,5
TUR,TUR,2006,1,6
TUR,TUR,2006,1,7
TUR,TUR,2006,1,8
TUR,TUR,2006,1,11
TUR,TUR,2006,1,12
TUR,TUR,2006,1,13
TUR,TUR,2006,1,14
TUR,TUR,2006,1,15
TUR,TUR,2006,1,18
TUR,TUR,2006,1,19
TUR,TUR,2006,1,20
TUR,TUR,2006,1,21
TUR,TUR,2006,1,22
TUR,TUR,2006,1,25
TUR,TUR,2006,1,26
TUR,TUR,2006,1,27
TUR,TUR,2006,1,28
TUR,TUR,2006,1,29
TUR,TUR,2006,2,1
TUR,TUR,2006,2,2
TUR,TUR,2006,2,3
TUR,TUR,2006,2,4
TUR,TUR,2006,2,5
TUR,TUR,2006,2,8
TUR,TUR,2006,2,9
TUR,TUR,2006,2,10
TUR,TUR,2006,2,11
TUR,TUR,2006,2,12
TUR,TUR,2006,2,15
TUR,TUR,2006,2,16
TUR,TUR,2006,2,17
TUR,TUR,2006,2,18
TUR,TUR,2006,2,19
TUR,TUR,2006,2,22
TUR,TUR,2006,2,23
TUR,TUR,2006,2,24
TUR,TUR,2006,2,25
TUR,TUR,2006,2,26
TUR,TUR,2006,3,1
TUR,TUR,2006,3,2
TUR,TUR,2006,3,3
TUR,TUR,2006,3,4
TUR,TUR,2006,3,5
TUR,TUR,2006,3,8
TUR,TUR,2006,3,9
TUR,TUR,2006,3,10
TUR,TUR,2006,3,11
TUR,TUR,2006,3,12
TUR,TUR,2006,3,15
TUR,TUR,2006,3,16
TUR,TUR,2006,3,17
TUR,TUR,2006,3,18
TUR,TUR,2006,3,19
TUR,TUR,2006,3,22
TUR,TUR,2006,3,23
TUR,TUR,2006,3,24
TUR,TUR,2006,3,25
TUR,TUR,2006,3,26
TUR,TUR,2006,3,29
TUR,TUR,2006,3,30
TUR,TUR,2006,3,31
TUR,TUR,2006,4,1
TUR,TUR,2006,4,2
TUR,TUR,2006,4,5
TUR,TUR,2006,4,6
TUR,TUR,2006,9,6
TUR,TUR,2006,9,7
TUR,TUR,2006,9,8
TUR,TUR,2006,9,9
TUR,TUR,2006,9,10
TUR,TUR,2006,9,13
TUR,TUR,2006,9,14
TUR,TUR,2006,9,15
TUR,TUR,2006,9,16
TUR,TUR,2006,9,17
TUR,TUR,2006,9,18
TUR,TUR,2006,9,19
TUR,TUR,2006,9,20
TUR,TUR,2006,9,21
TUR,TUR,2006,9,22
TUR,TUR,2006,9,23
TUR,TUR,2006,9,24
TUR,TUR,2006,9,26
TUR,TUR,2006,9,27
TUR,TUR,2006,9,28
TUR,TUR,2006,9,29
TUR,TUR,2006,9,30
TUR,TUR,2006,10,1
TUR,TUR,2006,10,4
TUR,TUR,2006,10,5
TUR,TUR,2006,11,26
TUR,TUR,2006,11,29
TUR,TUR,2006,11,30
TUR,TUR,2006,12,1
TUR,TUR,2006,12,2
TUR,TUR,2006,12,3
TUR,TUR,2006,12,6
TUR,TUR,2006,12,7
TUR,TUR,2006,12,8
TUR,TUR,2006,12,9
TUR,TUR,2006,12,10
TUR,TUR,2006,12,13
TUR,TUR,2006,12,14
TUR,TUR,2006,12,15
TUR,TUR,2006,12,16
TUR,TUR,2006,12,17
TUR,TUR,2006,12,20
TUR,TUR,2006,12,21
TUR,TUR,2006,12,22
TUR,TUR,2006,12,23
TUR,TUR,2006,12,26
TUR,TUR,2006,12,27
TUR,TUR,2006,12,28
TUR,TUR,2006,12,29
TUR,TUR,2006,12,30
TUR,TUR,2006,12,31
TUR,TUR,2007,1,1
TUR,TUR,2007,1,3
TUR,TUR,2007,1,4
TUR,TUR,2007,1,5
TUR,TUR,2007,1,6
TUR,TUR,2007,1,7
TUR,TUR,2007,1,10
TUR,TUR,2007,1,11
TUR,TUR,2007,1,12
TUR,TUR,2007,1,13
TUR,TUR,2007,1,14
TUR,TUR,2007,1,17
TUR,TUR,2007,1,18
TUR,TUR,2007,1,19
TUR,TUR,2007,1,20
TUR,TUR,2007,1,24
TUR,TUR,2007,1,25
TUR,TUR,2007,1,26
TUR,TUR,2007,1,27
TUR,TUR,2007,1,28
TUR,TUR,2007,1,31
TUR,TUR,2007,2,1
TUR,TUR,2007,2,2
TUR,TUR,2007,2,7
TUR,TUR,2007,2,8
TUR,TUR,2007,2,9
TUR,TUR,2007,2,10
TUR,TUR,2007,2,11
TUR,TUR,2007,2,17
TUR,TUR,2007,2,18
TUR,TUR,2007,2,19
TUR,TUR,2007,2,21
TUR,TUR,2007,2,22
TUR,TUR,2007,2,23
TUR,TUR,2007,2,24
TUR,TUR,2007,2,25
TUR,TUR,2007,2,28
TUR,TUR,2007,3,1
TUR,TUR,2007,3,2
TUR,TUR,2007,3,3
TUR,TUR,2007,3,4
TUR,TUR,2007,3,7
TUR,TUR,2007,3,8
TUR,TUR,2007,3,9
TUR,TUR,2007,3,10
TUR,TUR,2007,3,11
TUR,TUR,2007,3,14
TUR,TUR,2007,3,15
TUR,TUR,2007,3,16
TUR,TUR,2007,3,17
TUR,TUR,2007,3,18
TUR,TUR,2007,3,21
TUR,TUR,2007,3,22
TUR,TUR,2007,3,23
TUR,TUR,2007,3,24
TUR,TUR,2007,3,25
TUR,TUR,2007,3,28
TUR,TUR,2007,3,29
TUR,TUR,2007,3,30
TUR,TUR,2007,3,31
TUR,TUR,2007,4,1
TUR,TUR,2007,4,4
TUR,TUR,2007,4,5
TUR,TUR,2007,9,5
TUR,TUR,2007,9,6
TUR,TUR,2007,9,7
TUR,TUR,2007,9,8
TUR,TUR,2007,9,9
TUR,TUR,2007,9,12
TUR,TUR,2007,9,13
TUR,TUR,2007,9,14
TUR,TUR,2007,9,15
TUR,TUR,2007,9,16
TUR,TUR,2007,9,17
TUR,TUR,2007,9,18
TUR,TUR,2007,9,19
TUR,TUR,2007,9,20
TUR,TUR,2007,9,21
TUR,TUR,2007,9,22
TUR,TUR,2007,9,23
TUR,TUR,2007,9,24
TUR,TUR,2007,9,25
TUR,TUR,2007,9,26
TUR,TUR,2007,9,27
TUR,TUR,2007,9,28
TUR,TUR,2007,9,29
TUR,TUR,2007,9,30
TUR,TUR,2007,10,3
TUR,TUR,2007,10,4
TUR,TUR,2007,11,25
TUR,TUR,2007,11,28
TUR,TUR,2007,11,29
TUR,TUR,2007,11,30
TUR,TUR,2007,12,1
TUR,TUR,2007,12,2
TUR,TUR,2007,12,5
TUR,TUR,2007,12,6
TUR,TUR,2007,12,7
TUR,TUR,2007,12,8
TUR,TUR,2007,12,9
TUR,TUR,2007,12,12
TUR,TUR,2007,12,13
TUR,TUR,2007,12,14
TUR,TUR,2007,12,15
TUR,TUR,2007,12,16
TUR,TUR,2007,12,19
TUR,TUR,2007,12,20
TUR,TUR,2007,12,21
TUR,TUR,2007,12,22
TUR,TUR,2007,12,23
TUR,TUR,2007,12,26
TUR,TUR,2007,12,27
TUR,TUR,2007,12,28
TUR,TUR,2007,12,29
TUR,TUR,2007,12,30
TUR,TUR,2007,12,31
TUR,TUR,2008,1,1
TUR,TUR,2008,1,3
TUR,TUR,2008,1,4
TUR,TUR,2008,1,5
TUR,TUR,2008,1,6
TUR,TUR,2008,1,9
TUR,TUR,2008,1,10
TUR,TUR,2008,1,11
TUR,TUR,2008,1,12
TUR,TUR,2008,1,13
TUR,TUR,2008,1,16
TUR,TUR,2008,1,17
TUR,TUR,2008,1,18
TUR,TUR,2008,1,19
TUR,TUR,2008,1,23
TUR,TUR,2008,1,25
TUR,TUR,2008,1,26
TUR,TUR,2008,1,27
TUR,TUR,2008,1,30
TUR,TUR,2008,1,31
TUR,TUR,2008,2,1
TUR,TUR,2008,2,2
TUR,TUR,2008,2,3
TUR,TUR,2008,2,6
TUR,TUR,2008,2,7
TUR,TUR,2008,2,8
TUR,TUR,2008,2,9
TUR,TUR,2008,2,13
TUR,TUR,2008,2,14
TUR,TUR,2008,2,15
TUR,TUR,2008,2,16
TUR,TUR,2008,2,17
TUR,TUR,2008,2,18
TUR,TUR,2008,2,20
TUR,TUR,2008,2,21
TUR,TUR,2008,2,22
TUR,TUR,2008,2,23
TUR,TUR,2008,2,24
TUR,TUR,2008,2,27
TUR,TUR,2008,2,28
TUR,TUR,2008,2,29
TUR,TUR,2008,3,1
TUR,TUR,2008,3,2
TUR,TUR,2008,3,5
TUR,TUR,2008,3,6
TUR,TUR,2008,3,12
TUR,TUR,2008,3,13
TUR,TUR,2008,3,14
TUR,TUR,2008,3,15
TUR,TUR,2008,3,16
TUR,TUR,2008,3,17
TUR,TUR,2008,3,19
TUR,TUR,2008,3,20
TUR,TUR,2008,3,21
TUR,TUR,2008,3,22
TUR,TUR,2008,3,26
TUR,TUR,2008,3,27
TUR,TUR,2008,3,28
TUR,TUR,2008,3,29
TUR,TUR,2008,3,30
TUR,TUR,2008,4,2
TUR,TUR,2008,4,3
TUR,TUR,2008,9,3
TUR,TUR,2008,9,4
TUR,TUR,2008,9,5
TUR,TUR,2008,9,6
TUR,TUR,2008,9,7
TUR,TUR,2008,9,10
TUR,TUR,2008,9,11
TUR,TUR,2008,9,12
TUR,TUR,2008,9,13
TUR,TUR,2008,9,14
TUR,TUR,2008,9,17
TUR,TUR,2008,9,18
TUR,TUR,2008,9,19
TUR,TUR,2008,9,20
TUR,TUR,2008,9,21
TUR,TUR,2008,9,24
TUR,TUR,2008,9,25
TUR,TUR,2008,9,26
TUR,TUR,2008,9,27
TUR,TUR,2008,9,28
TUR,TUR,2008,10,1
TUR,TUR,2008,10,2
TUR,TUR,2008,11,30
TUR,TUR,2008,12,3
TUR,TUR,2008,12,4
TUR,TUR,2008,12,5
TUR,TUR,2008,12,6
TUR,TUR,2008,12,7
TUR,TUR,2008,12,10
TUR,TUR,2008,12,11
TUR,TUR,2008,12,12
TUR,TUR,2008,12,13
TUR,TUR,2008,12,14
TUR,TUR,2008,12,17
TUR,TUR,2008,12,18
TUR,TUR,2008,12,19
TUR,TUR,2008,12,20
TUR,TUR,2008,12,26
TUR,TUR,2008,12,27
TUR,TUR,2008,12,28
TUR,TUR,2008,12,29
TUR,TUR,2008,12,30
TUR,TUR,2008,12,31
TUR,TUR,2009,1,1
TUR,TUR,2009,1,2
TUR,TUR,2009,1,3
TUR,TUR,2009,1,4
TUR,TUR,2009,1,7
TUR,TUR,2009,1,8
TUR,TUR,2009,1,9
TUR,TUR,2009,1,10
TUR,TUR,2009,1,11
TUR,TUR,2009,1,14
TUR,TUR,2009,1,17
TUR,TUR,2009,1,18
TUR,TUR,2009,1,19
TUR,TUR,2009,1,21
TUR,TUR,2009,1,22
TUR,TUR,2009,1,23
TUR,TUR,2009,1,24
TUR,TUR,2009,1,25
TUR,TUR,2009,1,30
TUR,TUR,2009,2,1
TUR,TUR,2009,2,4
TUR,TUR,2009,2,5
TUR,TUR,2009,2,6
TUR,TUR,2009,2,7
TUR,TUR,2009,2,8
TUR,TUR,2009,2,11
TUR,TUR,2009,2,12
TUR,TUR,2009,2,13
TUR,TUR,2009,2,14
TUR,TUR,2009,2,15
TUR,TUR,2009,2,16
TUR,TUR,2009,2,18
TUR,TUR,2009,2,19
TUR,TUR,2009,2,20
TUR,TUR,2009,2,21
TUR,TUR,2009,2,22
TUR,TUR,2009,2,25
TUR,TUR,2009,2,26
TUR,TUR,2009,2,27
TUR,TUR,2009,2,28
TUR,TUR,2009,3,1
TUR,TUR,2009,3,4
TUR,TUR,2009,3,5
TUR,TUR,2009,3,6
TUR,TUR,2009,3,7
TUR,TUR,2009,3,11
TUR,TUR,2009,3,12
TUR,TUR,2009,3,13
TUR,TUR,2009,3,14
TUR,TUR,2009,3,15
TUR,TUR,2009,3,18
TUR,TUR,2009,3,19
TUR,TUR,2009,3,20
TUR,TUR,2009,3,21
TUR,TUR,2009,3,22
TUR,TUR,2009,3,25
TUR,TUR,2009,3,26
TUR,TUR,2009,3,27
TUR,TUR,2009,3,28
TUR,TUR,2009,3,29
TUR,TUR,2009,4,1
TUR,TUR,2009,4,2
TUR,TUR,2009,9,9
TUR,TUR,2009,9,10
TUR,TUR,2009,9,11
TUR,TUR,2009,9,12
TUR,TUR,2009,9,13
TUR,TUR,2009,9,16
TUR,TUR,2009,9,17
TUR,TUR,2009,9,18
TUR,TUR,2009,9,19
TUR,TUR,2009,9,20
TUR,TUR,2009,9,23
TUR,TUR,2009,9,24
TUR,TUR,2009,9,25
TUR,TUR,2009,9,26
TUR,TUR,2009,9,27
TUR,TUR,2009,9,30
TUR,TUR,2009,10,1
TUR,TUR,2009,10,2
TUR,TUR,2009,10,3
TUR,TUR,2009,10,4
TUR,TUR,2009,10,7
TUR,TUR,2009,10,8
TUR,TUR,2009,11,29
TUR,TUR,2009,12,2
TUR,TUR,2009,12,3
TUR,TUR,2009,12,4
TUR,TUR,2009,12,5
TUR,TUR,2009,12,6
TUR,TUR,2009,12,10
TUR,TUR,2009,12,11
TUR,TUR,2009,12,12
TUR,TUR,2009,12,13
TUR,TUR,2009,12,16
TUR,TUR,2009,12,17
TUR,TUR,2009,12,18
TUR,TUR,2009,12,19
TUR,TUR,2009,12,20
TUR,TUR,2009,12,26
TUR,TUR,2009,12,27
TUR,TUR,2009,12,28
TUR,TUR,2009,12,29
TUR,TUR,2009,12,30
TUR,TUR,2009,12,31
TUR,TUR,2010,1,1
TUR,TUR,2010,1,2
TUR,TUR,2010,1,3
TUR,TUR,2010,1,8
TUR,TUR,2010,1,9
TUR,TUR,2010,1,10
TUR,TUR,2010,1,15
TUR,TUR,2010,1,16
TUR,TUR,2010,1,17
TUR,TUR,2010,1,22
TUR,TUR,2010,1,23
TUR,TUR,2010,1,24
TUR,TUR,2010,1,29
TUR,TUR,2010,1,30
TUR,TUR,2010,1,31
TUR,TUR,2010,2,5
TUR,TUR,2010,2,12
TUR,TUR,2010,2,13
TUR,TUR,2010,2,14
TUR,TUR,2010,2,19
TUR,TUR,2010,2,20
TUR,TUR,2010,2,21
TUR,TUR,2010,2,26
TUR,TUR,2010,2,27
TUR,TUR,2010,2,28
TUR,TUR,2010,3,4
TUR,TUR,2010,3,5
TUR,TUR,2010,3,6
TUR,TUR,2010,3,7
TUR,TUR,2010,3,11
TUR,TUR,2010,3,12
TUR,TUR,2010,3,13
TUR,TUR,2010,3,14
TUR,TUR,2010,3,18
TUR,TUR,2010,3,19
TUR,TUR,2010,3,20
TUR,TUR,2010,3,21
TUR,TUR,2010,3,25
TUR,TUR,2010,3,26
TUR,TUR,2010,3,27
TUR,TUR,2010,3,28
TUR,TUR,2010,9,9
TUR,TUR,2010,9,10
TUR,TUR,2010,9,11
TUR,TUR,2010,9,12
TUR,TUR,2010,9,16
TUR,TUR,2010,9,17
TUR,TUR,2010,9,18
TUR,TUR,2010,9,19
TUR,TUR,2010,9,23
TUR,TUR,2010,9,24
TUR,TUR,2010,9,25
TUR,TUR,2010,9,26
TUR,TUR,2010,9,30
TUR,TUR,2010,10,1
TUR,TUR,2010,10,2
TUR,TUR,2010,10,3
TUR,TUR,2010,12,2
TUR,TUR,2010,12,3
TUR,TUR,2010,12,4
TUR,TUR,2010,12,5
TUR,TUR,2010,12,9
TUR,TUR,2010,12,10
TUR,TUR,2010,12,11
TUR,TUR,2010,12,12
TUR,TUR,2010,12,17
TUR,TUR,2010,12,18
TUR,TUR,2010,12,19
TUR,TUR,2010,12,26
TUR,TUR,2010,12,27
TUR,TUR,2010,12,28
TUR,TUR,2010,12,29
TUR,TUR,2010,12,30
TUR,TUR,2010,12,31
TUR,TUR,2011,1,1
TUR,TUR,2011,1,2
TUR,TUR,2011,1,6
TUR,TUR,2011,1,7
TUR,TUR,2011,1,8
TUR,TUR,2011,1,9
TUR,TUR,2011,1,13
TUR,TUR,2011,1,14
TUR,TUR,2011,1,15
TUR,TUR,2011,1,16
TUR,TUR,2011,1,21
TUR,TUR,2011,1,22
TUR,TUR,2011,1,23
TUR,TUR,2011,1,27
TUR,TUR,2011,1,28
TUR,TUR,2011,1,29
TUR,TUR,2011,1,30
TUR,TUR,2011,2,4
TUR,TUR,2011,2,5
TUR,TUR,2011,2,6
TUR,TUR,2011,2,11
TUR,TUR,2011,2,12
TUR,TUR,2011,2,13
TUR,TUR,2011,2,18
TUR,TUR,2011,2,19
TUR,TUR,2011,2,20
TUR,TUR,2011,2,21
TUR,TUR,2011,2,25
TUR,TUR,2011,2,26
TUR,TUR,2011,2,27
TUR,TUR,2011,3,4
TUR,TUR,2011,3,5
TUR,TUR,2011,3,6
TUR,TUR,2011,3,11
TUR,TUR,2011,3,12
TUR,TUR,2011,3,13
TUR,TUR,2011,3,17
TUR,TUR,2011,3,18
TUR,TUR,2011,3,19
TUR,TUR,2011,3,20
TUR,TUR,2011,3,24
TUR,TUR,2011,3,25
TUR,TUR,2011,3,26
TUR,TUR,2011,3,27
TUR,TUR,2011,4,1
TUR,TUR,2011,4,2
TUR,TUR,2011,4,3
TUR,TUR,2011,9,8
TUR,TUR,2011,9,9
TUR,TUR,2011,9,10
TUR,TUR,2011,9,11
TUR,TUR,2011,9,15
TUR,TUR,2011,9,16
TUR,TUR,2011,9,17
TUR,TUR,2011,9,18
TUR,TUR,2011,9,22
TUR,TUR,2011,9,23
TUR,TUR,2011,9,24
TUR,TUR,2011,9,25
TUR,TUR,2011,9,29
TUR,TUR,2011,9,30
TUR,TUR,2011,10,1
TUR,TUR,2011,10,2
TUR,TUR,2011,12,1
TUR,TUR,2011,12,2
TUR,TUR,2011,12,3
TUR,TUR,2011,12,4
TUR,TUR,2011,12,8
TUR,TUR,2011,12,9
TUR,TUR,2011,12,10
TUR,TUR,2011,12,11
TUR,TUR,2011,12,15
TUR,TUR,2011,12,16
TUR,TUR,2011,12,17
TUR,TUR,2011,12,18
TUR,TUR,2011,12,22
TUR,TUR,2011,12,23
TUR,TUR,2011,12,26
TUR,TUR,2011,12,27
TUR,TUR,2011,12,28
TUR,TUR,2011,12,29
TUR,TUR,2011,12,30
TUR,TUR,2011,12,31
TUR,TUR,2012,1,1
TUR,TUR,2012,1,5
TUR,TUR,2012,1,6
TUR,TUR,2012,1,7
TUR,TUR,2012,1,8
TUR,TUR,2012,1,12
TUR,TUR,2012,1,13
TUR,TUR,2012,1,14
TUR,TUR,2012,1,15
TUR,TUR,2012,1,19
TUR,TUR,2012,1,20
TUR,TUR,2012,1,21
TUR,TUR,2012,1,22
TUR,TUR,2012,1,26
TUR,TUR,2012,1,27
TUR,TUR,2012,1,28
TUR,TUR,2012,1,29
TUR,TUR,2012,2,3
TUR,TUR,2012,2,4
TUR,TUR,2012,2,5
TUR,TUR,2012,2,10
TUR,TUR,2012,2,11
TUR,TUR,2012,2,12
TUR,TUR,2012,2,17
TUR,TUR,2012,2,18
TUR,TUR,2012,2,19
TUR,TUR,2012,2,20
TUR,TUR,2012,2,24
TUR,TUR,2012,2,25
TUR,TUR,2012,2,26
TUR,TUR,2012,3,3
TUR,TUR,2012,3,4
TUR,TUR,2012,3,9
TUR,TUR,2012,3,10
TUR,TUR,2012,3,11
TUR,TUR,2012,3,16
TUR,TUR,2012,3,17
TUR,TUR,2012,3,18
TUR,TUR,2012,3,23
TUR,TUR,2012,3,24
TUR,TUR,2012,3,25
TUR,TUR,2012,3,30
TUR,TUR,2012,3,31
TUR,TUR,2012,4,1
TUR,TUR,2012,9,6
TUR,TUR,2012,9,7
TUR,TUR,2012,9,8
TUR,TUR,2012,9,9
TUR,TUR,2012,9,13
TUR,TUR,2012,9,14
TUR,TUR,2012,9,15
TUR,TUR,2012,9,16
TUR,TUR,2012,9,20
TUR,TUR,2012,9,21
TUR,TUR,2012,9,22
TUR,TUR,2012,9,23
TUR,TUR,2012,9,27
TUR,TUR,2012,9,28
TUR,TUR,2012,9,29
TUR,TUR,2012,9,30
TUR,TUR,2012,11,29
TUR,TUR,2012,11,30
TUR,TUR,2012,12,1
TUR,TUR,2012,12,2
TUR,TUR,2012,12,6
TUR,TUR,2012,12,7
TUR,TUR,2012,12,8
TUR,TUR,2012,12,9
TUR,TUR,2012,12,13
TUR,TUR,2012,12,14
TUR,TUR,2012,12,15
TUR,TUR,2012,12,16
TUR,TUR,2012,12,20
TUR,TUR,2012,12,21
TUR,TUR,2012,12,22
TUR,TUR,2012,12,23
TUR,TUR,2012,12,27
TUR,TUR,2012,12,28
TUR,TUR,2012,12,29
TUR,TUR,2012,12,30
TUR,TUR,2012,12,31
TUR,TUR,2013,1,1
TUR,TUR,2013,1,4
TUR,TUR,2013,1,5
TUR,TUR,2013,1,6
TUR,TUR,2013,1,11
TUR,TUR,2013,1,12
TUR,TUR,2013,1,13
TUR,TUR,2013,1,18
TUR,TUR,2013,1,19
TUR,TUR,2013,1,20
TUR,TUR,2013,1,25
TUR,TUR,2013,1,26
TUR,TUR,2013,1,27
TUR,TUR,2013,2,2
TUR,TUR,2013,2,8
TUR,TUR,2013,2,9
TUR,TUR,2013,2,15
TUR,TUR,2013,2,16
TUR,TUR,2013,2,22
TUR,TUR,2013,2,23
TUR,TUR,2013,3,1
TUR,TUR,2013,3,2
TUR,TUR,2013,3,8
TUR,TUR,2013,3,9
TUR,TUR,2013,3,15
TUR,TUR,2013,3,16
TUR,TUR,2013,3,21
TUR,TUR,2013,3,22
TUR,TUR,2013,3,23
TUR,TUR,2013,3,29
TUR,TUR,2013,3,30
TUR,TUR,2013,12,1
TUR,TUR,2013,12,5
TUR,TUR,2013,12,7
TUR,TUR,2013,12,8
TUR,TUR,2013,12,12
TUR,TUR,2013,12,13
TUR,TUR,2013,12,14
TUR,TUR,2013,12,15
TUR,TUR,2013,12,19
TUR,TUR,2013,12,20
TUR,TUR,2013,12,21
TUR,TUR,2013,12,22
TUR,TUR,2013,12,26
TUR,TUR,2013,12,27
TUR,TUR,2013,12,28
TUR,TUR,2013,12,29
TUR,TUR,2013,12,30
TUR,TUR,2013,12,31
TUR,TUR,2014,1,1
TUR,TUR,2014,1,3
TUR,TUR,2014,1,4
TUR,TUR,2014,1,5
TUR,TUR,2014,1,10
TUR,TUR,2014,1,11
TUR,TUR,2014,1,12
TUR,TUR,2014,1,17
TUR,TUR,2014,1,18
TUR,TUR,2014,1,19
TUR,TUR,2014,1,26
TUR,TUR,2014,1,31
TUR,TUR,2014,2,1
TUR,TUR,2014,2,2
TUR,TUR,2014,2,7
TUR,TUR,2014,2,8
TUR,TUR,2014,2,21
TUR,TUR,2014,2,22
TUR,TUR,2014,2,23
TUR,TUR,2014,2,28
TUR,TUR,2014,3,1
TUR,TUR,2014,3,2
TUR,TUR,2014,3,7
TUR,TUR,2014,3,8
TUR,TUR,2014,3,14
TUR,TUR,2014,3,15
TUR,TUR,2014,3,21
TUR,TUR,2014,3,22
TUR,TUR,2014,3,28
TUR,TUR,2014,3,29
TUR,TUR,2014,3,30
TUR,TUR,2014,12,4
TUR,TUR,2014,12,5
TUR,TUR,2014,12,6
TUR,TUR,2014,12,7
TUR,TUR,2014,12,11
TUR,TUR,2014,12,12
TUR,TUR,2014,12,13
TUR,TUR,2014,12,14
TUR,TUR,2014,12,18
TUR,TUR,2014,12,19
TUR,TUR,2014,12,20
TUR,TUR,2014,12,21
TUR,TUR,2014,12,26
TUR,TUR,2014,12,27
TUR,TUR,2014,12,28
TUR,TUR,2014,12,31
TUR,TUR,2015,1,1
TUR,TUR,2015,1,2
TUR,TUR,2015,1,3
TUR,TUR,2015,1,4
TUR,TUR,2015,1,10
TUR,TUR,2015,1,11
TUR,TUR,2015,1,16
TUR,TUR,2015,1,17
TUR,TUR,2015,1,18
TUR,TUR,2015,1,23
TUR,TUR,2015,1,24
TUR,TUR,2015,1,25
TUR,TUR,2015,1,30
TUR,TUR,2015,1,31
TUR,TUR,2015,2,1
TUR,TUR,2015,2,6
TUR,TUR,2015,2,7
TUR,TUR,2015,2,8
TUR,TUR,2015,2,13
TUR,TUR,2015,2,15
TUR,TUR,2015,2,20
TUR,TUR,2015,2,22
TUR,TUR,2015,2,27
TUR,TUR,2015,2,28
TUR,TUR,2015,3,1
TUR,TUR,2015,3,6
TUR,TUR,2015,3,7
TUR,TUR,2015,3,8
TUR,TUR,2015,3,13
TUR,TUR,2015,3,14
TUR,TUR,2015,3,15
TUR,TUR,2015,3,20
TUR,TUR,2015,3,21
TUR,TUR,2015,3,22
TUR,TUR,2015,3,27
TUR,TUR,2015,3,28
TUR,TUR,2015,3,29
